#trapazoidal
# startwidth 		endwidth 		startheight		endheight 		slope 			y-intercept 			area
375.000000 380.000000 -0.000001 0.000001 0.000000 -0.000110 -0.000001
380.000000 385.000000 0.000001 -0.000001 -0.000000 0.000102 -0.000000
385.000000 390.000000 -0.000001 -0.000006 -0.000001 0.000382 -0.000016
390.000000 395.000000 -0.000006 -0.000002 0.000001 -0.000261 -0.000021
395.000000 400.000000 -0.000002 0.000000 0.000000 -0.000198 -0.000006
400.000000 405.000000 0.000000 -0.000006 -0.000001 0.000519 -0.000016
405.000000 410.000000 -0.000006 0.000011 0.000004 -0.001460 0.000012
410.000000 415.000000 0.000011 0.000009 -0.000000 0.000198 0.000052
415.000000 420.000000 0.000009 -0.000002 -0.000002 0.000925 0.000018
420.000000 425.000000 -0.000002 -0.000019 -0.000004 0.001472 -0.000053
425.000000 430.000000 -0.000019 0.000040 0.000012 -0.005027 0.000050
430.000000 435.000000 0.000040 0.000055 0.000003 -0.001300 0.000237
435.000000 440.000000 0.000055 0.000634 0.000116 -0.050295 0.001722
440.000000 445.000000 0.000634 0.062187 0.012311 -5.416014 0.157051
445.000000 450.000000 0.062187 0.767402 0.141043 -62.702007 2.073972
450.000000 455.000000 0.767402 0.878483 0.022216 -9.229890 4.114714
455.000000 460.000000 0.878483 0.897657 0.003835 -0.866345 4.440351
460.000000 465.000000 0.897657 0.918320 0.004133 -1.003350 4.539944
465.000000 470.000000 0.918320 0.925210 0.001378 0.277543 4.608827
470.000000 475.000000 0.925210 0.947343 0.004426 -1.155225 4.681383
475.000000 480.000000 0.947343 0.972626 0.005057 -1.454565 4.799922
480.000000 485.000000 0.972626 0.982212 0.001917 0.052333 4.887096
485.000000 490.000000 0.982212 0.996695 0.002897 -0.422630 4.947269
490.000000 495.000000 0.996695 0.995532 -0.000233 1.110732 4.980567
495.000000 500.000000 0.995532 1.000000 0.000894 0.553167 4.988829
500.000000 505.000000 1.000000 0.989132 -0.002174 2.086814 4.972830
505.000000 510.000000 0.989132 0.977795 -0.002267 2.134151 4.917317
510.000000 515.000000 0.977795 0.995297 0.003500 -0.807454 4.932731
515.000000 520.000000 0.995297 0.987415 -0.001576 1.807169 4.956782
520.000000 525.000000 0.987415 0.972523 -0.002978 2.536211 4.899845
525.000000 530.000000 0.972523 0.975029 0.000501 0.709430 4.868879
530.000000 535.000000 0.975029 0.961521 -0.002702 2.406846 4.841374
535.000000 540.000000 0.961521 0.967076 0.001111 0.367150 4.821492
540.000000 545.000000 0.967076 0.975244 0.001634 0.084906 4.855799
545.000000 550.000000 0.975244 0.954956 -0.004058 3.186603 4.825501
550.000000 555.000000 0.954956 0.930408 -0.004910 3.655314 4.713410
555.000000 560.000000 0.930408 0.919728 -0.002136 2.115845 4.625339
560.000000 565.000000 0.919728 0.891099 -0.005726 4.126145 4.527068
565.000000 570.000000 0.891099 0.872266 -0.003767 3.019273 4.408413
570.000000 575.000000 0.872266 0.869644 -0.000524 1.171133 4.354775
575.000000 580.000000 0.869644 0.864245 -0.001080 1.490519 4.334724
580.000000 585.000000 0.864245 0.838295 -0.005190 3.874537 4.256350
585.000000 590.000000 0.838295 0.802835 -0.007092 4.987087 4.102823
590.000000 595.000000 0.802835 0.803565 0.000146 0.716632 4.016000
595.000000 600.000000 0.803565 0.803815 0.000050 0.773800 4.018452
600.000000 605.000000 0.803815 0.760925 -0.008578 5.950676 3.911851
605.000000 610.000000 0.760925 0.740053 -0.004174 3.286369 3.752446
610.000000 615.000000 0.740053 0.733451 -0.001321 1.545592 3.683761
615.000000 620.000000 0.733451 0.712520 -0.004186 3.307978 3.614926
620.000000 625.000000 0.712520 0.702739 -0.001956 1.925293 3.538147
625.000000 630.000000 0.702739 0.685888 -0.003370 2.809089 3.471569
630.000000 635.000000 0.685888 0.660708 -0.005036 3.858561 3.366492
635.000000 640.000000 0.660708 0.656957 -0.000750 1.137121 3.294164
640.000000 645.000000 0.656957 0.648141 -0.001763 1.785486 3.262744
645.000000 650.000000 0.648141 0.613517 -0.006925 5.114542 3.154144
650.000000 655.000000 0.613517 0.594208 -0.003862 3.123695 3.019314
655.000000 660.000000 0.594208 0.588488 -0.001144 1.343525 2.956741
660.000000 665.000000 0.588488 0.571581 -0.003381 2.820220 2.900173
665.000000 670.000000 0.571581 0.549976 -0.004321 3.445012 2.803894
670.000000 675.000000 0.549976 0.531398 -0.003716 3.039425 2.703437
675.000000 680.000000 0.531398 0.522218 -0.001836 1.770761 2.634041
680.000000 685.000000 0.522218 0.516874 -0.001069 1.248978 2.597730
685.000000 690.000000 0.516874 0.500210 -0.003333 2.799805 2.542711
690.000000 695.000000 0.500210 0.460600 -0.007922 5.966415 2.402027
695.000000 700.000000 0.460600 0.128663 -0.066387 46.599885 1.473158
700.000000 705.000000 0.128663 0.007124 -0.024308 17.144112 0.339467
705.000000 710.000000 0.007124 0.000572 -0.001310 0.930892 0.019241
710.000000 715.000000 0.000572 0.000077 -0.000099 0.070859 0.001625
715.000000 720.000000 0.000077 0.000007 -0.000014 0.010192 0.000211
720.000000 725.000000 0.000007 0.000004 -0.000001 0.000407 0.000027
725.000000 730.000000 0.000004 0.000001 -0.000001 0.000415 0.000013
730.000000 735.000000 0.000001 0.000001 -0.000000 0.000085 0.000004
735.000000 740.000000 0.000001 0.000000 -0.000000 0.000081 0.000001
740.000000 745.000000 0.000000 -0.000005 -0.000001 0.000677 -0.000011
745.000000 750.000000 -0.000005 0.000004 0.000002 -0.001241 -0.000002
750.000000 755.000000 0.000004 -0.000005 -0.000002 0.001254 -0.000002
755.000000 760.000000 -0.000005 0.000000 0.000001 -0.000768 -0.000010
760.000000 765.000000 0.000000 0.000000 -0.000000 0.000002 0.000002
765.000000 770.000000 0.000000 -0.000001 -0.000000 0.000203 -0.000001
770.000000 775.000000 -0.000001 0.000001 0.000000 -0.000266 -0.000000
775.000000 780.000000 0.000001 0.000001 -0.000000 0.000002 0.000004
780.000000 785.000000 0.000001 0.000000 -0.000000 0.000070 0.000003
785.000000 790.000000 0.000000 0.000000 -0.000000 0.000004 0.000002
790.000000 795.000000 0.000000 0.000001 0.000000 -0.000112 0.000004
795.000000 800.000000 0.000001 -0.000001 -0.000000 0.000327 0.000000
800.000000 805.000000 -0.000001 0.000000 0.000000 -0.000159 -0.000002
805.000000 810.000000 0.000000 0.000003 0.000001 -0.000558 0.000009
810.000000 815.000000 0.000003 -0.000002 -0.000001 0.000863 0.000004
815.000000 820.000000 -0.000002 -0.000001 0.000000 -0.000166 -0.000007
820.000000 825.000000 -0.000001 -0.000001 0.000000 -0.000051 -0.000003
825.000000 830.000000 -0.000001 0.000001 0.000000 -0.000169 -0.000000
830.000000 835.000000 0.000001 -0.000001 -0.000000 0.000288 -0.000002
835.000000 840.000000 -0.000001 -0.000001 -0.000000 0.000023 -0.000007
840.000000 845.000000 -0.000001 -0.000002 -0.000000 0.000112 -0.000009
845.000000 850.000000 -0.000002 -0.000003 -0.000000 0.000122 -0.000012
850.000000 855.000000 -0.000003 -0.000001 0.000000 -0.000272 -0.000010
855.000000 860.000000 -0.000001 0.000002 0.000001 -0.000496 0.000001
860.000000 865.000000 0.000002 0.000001 -0.000000 0.000136 0.000006
865.000000 870.000000 0.000001 -0.000002 -0.000000 0.000418 -0.000002
870.000000 875.000000 -0.000002 0.000006 0.000002 -0.001329 0.000012
875.000000 880.000000 0.000006 0.000003 -0.000001 0.000610 0.000022
880.000000 885.000000 0.000003 0.000013 0.000002 -0.001749 0.000038
885.000000 890.000000 0.000013 -0.000004 -0.000003 0.003035 0.000020
890.000000 895.000000 -0.000004 0.000002 0.000001 -0.001152 -0.000006
895.000000 900.000000 0.000002 -0.000015 -0.000003 0.003013 -0.000032
900.000000 905.000000 -0.000015 -0.000001 0.000003 -0.002576 -0.000039
905.000000 910.000000 -0.000001 0.000001 0.000000 -0.000311 0.000001
910.000000 915.000000 0.000001 -0.000003 -0.000001 0.000669 -0.000004
915.000000 920.000000 -0.000003 0.000009 0.000002 -0.002204 0.000017
920.000000 925.000000 0.000009 0.000001 -0.000002 0.001582 0.000026
925.000000 930.000000 0.000001 0.000007 0.000001 -0.001145 0.000020
930.000000 935.000000 0.000007 -0.000000 -0.000001 0.001400 0.000017
935.000000 940.000000 -0.000000 0.000003 0.000001 -0.000565 0.000006
940.000000 945.000000 0.000003 0.000002 -0.000000 0.000116 0.000012
945.000000 950.000000 0.000002 -0.000000 -0.000000 0.000454 0.000004
