1	2018/4/23 12:29:37	217.711416667	-64.2715	726491.75	1	133.786041667	17.3850277778	31.0817083333	12.6139444444	1.55227728991	
1	2018/4/23 23:59:37	222.981916667	-56.6743611111	723974.625	1	140.655083333	15.995	31.5319166667	12.7726666667	1.44990817079	
1	2018/4/24 01:39:37	220.884083333	-60.5708611111	725313.5625	1	141.639833333	15.7756666667	31.5972083333	12.7955833333	1.43507206651	
1	2018/4/24 03:19:37	218.195666667	-64.4223888889	726524.3125	1	142.621833333	15.5520277778	31.6625	12.8185	1.42023596227	
1	2018/4/24 04:59:37	214.614958333	-68.2051944444	727585.875	1	143.601083333	15.3242222222	31.7277916667	12.8414166667	1.40539985806	
1	2018/4/24 08:09:37	228.843291667	-41.0107222222	717869.5625	1	145.453958333	14.8800833333	31.851875	12.8848611111	1.37721126006	
1	2018/4/24 09:49:37	227.815625	-44.9885833333	719474.4375	1	146.425166667	14.6405833333	31.9172083333	12.9077222222	1.36237515583	
1	2018/4/24 11:29:37	226.624625	-48.9539166667	721051.375	1	147.393541667	14.3971944444	31.9825416667	12.9305555556	1.34753905163	
1	2018/4/24 13:09:37	225.216458333	-52.9027222222	722573.625	1	148.359208333	14.1500555556	32.047875	12.9533611111	1.33270294735	
1	2018/4/24 14:39:37	233.157041667	-21.1686666667	710378.5625	1	149.225916667	13.9244722222	32.1067083333	12.9738888889	1.31935045357	
1	2018/4/24 14:49:37	223.51275	-56.8291388889	724015.0625	1	149.322083333	13.8992222222	32.11325	12.9761666667	1.31786684312	
1	2018/4/24 16:19:37	232.531833333	-25.1788333333	711736.5625	1	150.186333333	13.6703888889	32.1720833333	12.9966666667	1.30451434931	
1	2018/4/24 16:29:37	221.395375	-60.7241944444	725350.8125	1	150.282208333	13.6447777778	32.178625	12.9989444444	1.30303073892	
1	2018/4/24 17:59:37	231.8595	-29.185	713192.8125	1	151.144	13.4127777778	32.2374583333	13.0194444444	1.2896782451	
1	2018/4/24 18:09:37	218.678208333	-64.5735833333	726557.625	1	151.239625	13.3868333333	32.244	13.0217222222	1.28819463468	
1	2018/4/24 19:29:37	236.99775	2.78161111111	705246.4375	1	152.003583333	13.178	32.2962916667	13.0399166667	1.27632575135	
1	2018/4/24 19:39:37	231.126958333	-33.1861666667	714724.4375	1	152.098958333	13.15175	32.3028333333	13.0421944444	1.27484214091	
1	2018/4/24 19:49:37	215.053041667	-68.3529722222	727614.4375	1	152.194291667	13.1254444444	32.309375	13.0444722222	1.27335853046	
1	2018/4/24 21:09:37	236.4795	-1.23980555556	705687.25	1	152.956083333	12.9139444444	32.3616666667	13.0626388889	1.26148964709	
1	2018/4/24 21:19:37	230.317833333	-37.1811666667	716306.875	1	153.051208333	12.8873611111	32.3682083333	13.0649166667	1.26000603669	
1	2018/4/24 21:29:37	209.981541667	-72.0182777778	728502.75	1	153.14625	12.86075	32.37475	13.0671944444	1.25852242623	
1	2018/4/24 22:49:37	235.959541667	-5.26055555556	706306.3125	1	153.905916667	12.6466388889	32.4270833333	13.0853611111	1.24665354283	
1	2018/4/24 22:59:37	229.41075	-41.1684722222	717914.125	1	154.00075	12.61975	32.433625	13.0876388889	1.24516993249	
1	2018/4/25 00:29:37	235.431958333	-9.28022222222	707098.375	1	154.853041667	12.3761666667	32.4924583333	13.1080555556	1.23181743866	
1	2018/4/25 00:39:37	228.377291667	-45.1459444444	719519.5625	1	154.947625	12.3489444444	32.499	13.1103333333	1.23033382822	
1	2018/4/25 01:59:37	240.35925	22.7235	705616.125	1	155.703208333	12.1300833333	32.5513333333	13.1284722222	1.21846494479	
1	2018/4/25 02:09:37	234.890625	-13.2982777778	708054.625	1	155.797541667	12.1026111111	32.557875	13.1307222222	1.21698133445	
1	2018/4/25 02:19:37	227.17875	-49.11075	721096.125	1	155.891875	12.0750833333	32.5644166667	13.133	1.21549772399	
1	2018/4/25 03:39:37	239.756708333	18.7057777778	705213.75	1	156.645375	11.8538333333	32.6167916667	13.1511388889	1.20362884057	
1	2018/4/25 03:49:37	234.328791667	-17.3143055556	709162.6875	1	156.739416667	11.8260277778	32.6233333333	13.1533888889	1.20214523015	
1	2018/4/25 03:59:37	225.760375	-53.0588611111	722617.0	1	156.833458333	11.7982222222	32.629875	13.1556666667	1.20066161975	
1	2018/4/25 05:19:37	239.185416667	14.6862222222	704964.5	1	157.584875	11.5746388889	32.6822083333	13.1737777778	1.18879273636	
1	2018/4/25 05:29:37	233.738875	-21.3276666667	710407.3125	1	157.678708333	11.5465833333	32.68875	13.1760277778	1.18730912594	
1	2018/4/25 05:39:37	224.042708333	-56.98425	724056.1875	1	157.7725	11.5184722222	32.6952916667	13.1783055556	1.18582551555	
1	2018/4/25 06:59:37	238.637333333	10.6654166667	704880.0625	1	158.521875	11.2926388889	32.7476666667	13.1964166667	1.17395663217	
1	2018/4/25 07:09:37	233.111958333	-25.33775	711770.25	1	158.615416667	11.2643055556	32.7542083333	13.1986666667	1.17247302178	
1	2018/4/25 07:19:37	221.9055	-60.8778611111	725388.75	1	158.708958333	11.2359166667	32.76075	13.2009166667	1.17098941132	
1	2018/4/25 08:39:37	238.105375	6.64391666667	704969.0	1	159.456291667	11.0079166667	32.813125	13.2190277778	1.15912052792	
1	2018/4/25 08:49:37	232.437416667	-29.3437777778	713230.6875	1	159.549583333	10.9793055556	32.8196666667	13.2212777778	1.15763691748	
1	2018/4/25 08:59:37	219.159	-64.7250555556	726591.5625	1	159.642833333	10.9506388889	32.8262083333	13.2235277778	1.15615330708	
1	2018/4/25 10:09:37	243.878	38.6005	708373.25	1	160.295083333	10.7493888889	32.872	13.2393611111	1.14576803409	
1	2018/4/25 10:19:37	237.58325	2.62219444444	705236.5	1	160.388166667	10.7205277778	32.8785833333	13.2416111111	1.14428442372	
1	2018/4/25 10:29:37	231.702125	-33.3448055556	714765.75	1	160.481208333	10.6916388889	32.885125	13.2438611111	1.14280081329	
1	2018/4/25 10:39:37	215.4885	-68.5009444444	727643.6875	1	160.57425	10.66275	32.8916666667	13.2461388889	1.14131720287	
1	2018/4/25 11:49:37	243.034833333	34.5988888889	707531.125	1	161.22475	10.4596944444	32.9375	13.2619166667	1.13093192991	
1	2018/4/25 11:59:37	237.065	-1.39925	705684.3125	1	161.317583333	10.4305833333	32.9440416667	13.2641944444	1.12944831946	
1	2018/4/25 12:09:37	230.889458333	-37.3396111111	716350.625	1	161.410416667	10.4014722222	32.9505833333	13.2664444444	1.12796470905	
1	2018/4/25 12:19:37	210.342833333	-72.1603333333	728526.6875	1	161.503166667	10.3723055556	32.957125	13.2686944444	1.1264810986	
1	2018/4/25 13:29:37	242.275708333	30.5914444444	706770.25	1	162.152	10.1675277778	33.0029583333	13.2845	1.11609582565	
1	2018/4/25 13:39:37	236.544791667	-5.42005555556	706310.4375	1	162.244583333	10.1381944444	33.0095	13.28675	1.11461221526	
1	2018/4/25 13:49:37	229.977875	-41.3266111111	717959.4375	1	162.337125	10.1088055556	33.0160833333	13.289	1.11312860482	
1	2018/4/25 15:09:37	241.5825	26.5795277778	706111.875	1	163.076791667	9.873	33.0684583333	13.3070277778	1.10125972144	
1	2018/4/25 15:19:37	236.01675	-9.43972222222	707109.375	1	163.169125	9.84341666667	33.075	13.3092777778	1.099776111	
1	2018/4/25 15:29:37	228.938583333	-45.3036944444	719565.4375	1	163.261458333	9.81380555556	33.0815416667	13.3115277778	1.09829250058	
1	2018/4/25 16:49:37	240.941	22.5641944444	705575.5	1	163.999208333	9.57613888889	33.1339583333	13.3295555556	1.08642361724	
1	2018/4/25 16:59:37	235.474708333	-13.4577777778	708072.1875	1	164.091291667	9.54633333333	33.1405	13.3318055556	1.08494000678	
1	2018/4/25 17:09:37	227.732375	-49.2679722222	721141.625	1	164.183416667	9.5165	33.1470416667	13.3340555556	1.08345639635	
1	2018/4/25 18:29:37	240.339791667	18.5463333333	705178.3125	1	164.91925	9.27711111111	33.1994583333	13.3520555556	1.07158751302	
1	2018/4/25 18:39:37	234.911833333	-17.47375	709186.4375	1	165.011166667	9.24708333333	33.206	13.3543055556	1.07010390257	
1	2018/4/25 18:49:37	226.303708333	-53.2153611111	722661.1875	1	165.103	9.21702777778	33.2125833333	13.3565555556	1.06862029214	
1	2018/4/25 20:09:37	239.7695	14.5266388889	704934.8125	1	165.837041667	8.97591666667	33.265	13.3745555556	1.0567514088	
1	2018/4/25 20:19:37	234.320541667	-21.4870833333	710436.75	1	165.928708333	8.94569444444	33.2715416667	13.3768055556	1.05526779835	
1	2018/4/25 20:29:37	224.571833333	-57.13975	724098.0	1	166.020333333	8.91544444444	33.2780833333	13.3790555556	1.05378418792	
1	2018/4/25 21:49:37	239.222125	10.50575	704856.6875	1	166.752541667	8.67272222222	33.3305	13.3970277778	1.04191530457	
1	2018/4/25 21:59:37	233.691916667	-25.4970833333	711804.625	1	166.843958333	8.64230555556	33.3370416667	13.3992777778	1.04043169409	
1	2018/4/25 22:09:37	222.414458333	-61.0318611111	725427.4375	1	166.935375	8.61186111111	33.343625	13.4015	1.03894808366	
1	2018/4/25 23:19:37	245.395416667	42.4361666667	709219.9375	1	167.574583333	8.39819444444	33.3895	13.4172222222	1.02856281075	
1	2018/4/25 23:29:37	238.690625	6.48416666667	704952.3125	1	167.665833333	8.36758333333	33.3960416667	13.4194722222	1.02707920034	
1	2018/4/25 23:39:37	233.015166667	-29.503	713269.3125	1	167.757041667	8.33697222222	33.4025833333	13.4217222222	1.02559558992	
1	2018/4/25 23:49:37	219.638083333	-64.8768055556	726626.25	1	167.848208333	8.30633333333	33.4091666667	13.4239722222	1.02411197949	
1	2018/4/26 00:59:37	244.449208333	38.4417777778	708319.9375	1	168.485916667	8.09136111111	33.4550416667	13.4396666667	1.01372670652	
1	2018/4/26 01:09:37	238.168708333	2.46238888889	705226.875	1	168.576916667	8.06058333333	33.4615833333	13.4419166667	1.01224309612	
1	2018/4/26 01:19:37	232.277041667	-33.5038611111	714807.75	1	168.667916667	8.02977777778	33.468125	13.4441388889	1.01075948569	
1	2018/4/26 01:29:37	215.921208333	-68.6491111111	727673.6875	1	168.758875	7.99897222222	33.4747083333	13.4463888889	1.00927587524	
1	2018/4/26 02:39:37	243.609708333	34.4398611111	707479.5	1	169.395083333	7.78277777778	33.5205833333	13.4620833333	0.998890602321	
1	2018/4/26 02:49:37	237.650458333	-1.55913888889	705681.75	1	169.485875	7.75183333333	33.527125	13.4643333333	0.99740699186	
1	2018/4/26 02:59:37	231.460833333	-37.4984444444	716395.125	1	169.576666667	7.72086111111	33.5337083333	13.4665555556	0.995923381407	
1	2018/4/26 03:09:37	210.699666667	-72.3024444444	728551.25	1	169.667416667	7.68986111111	33.54025	13.4688055556	0.994439770991	
1	2018/4/26 04:19:37	242.853416667	30.4321388889	706721.375	1	170.302166667	7.4725	33.5861666667	13.4844722222	0.984054498105	
1	2018/4/26 04:29:37	237.13	-5.57994444444	706315.0	1	170.39275	7.44138888889	33.5927083333	13.4867222222	0.982570887629	
1	2018/4/26 04:39:37	230.544666667	-41.4851388889	718005.5625	1	170.483333333	7.41025	33.59925	13.4889722222	0.981087277182	
1	2018/4/26 04:49:37	202.933583333	-75.7450833333	729243.625	1	170.573875	7.37911111111	33.6058333333	13.4911944444	0.979603666826	
1	2018/4/26 05:59:37	242.162458333	26.42	706066.6875	1	171.207166667	7.16063888889	33.6517083333	13.5068611111	0.969218393821	
1	2018/4/26 06:09:37	236.601458333	-9.59961111111	707120.875	1	171.297541667	7.12936111111	33.6582916667	13.5091111111	0.967734783398	
1	2018/4/26 06:19:37	229.4995	-45.4618333333	719612.125	1	171.387916667	7.09808333333	33.6648333333	13.5113333333	0.966251172972	
1	2018/4/26 07:39:37	241.522708333	22.4045	705534.75	1	172.110166667	6.84725	33.7172916667	13.5292222222	0.954382289614	
1	2018/4/26 07:49:37	236.058666667	-13.6176666667	708090.3125	1	172.200333333	6.81583333333	33.723875	13.5314722222	0.952898679174	
1	2018/4/26 07:59:37	228.2855	-49.4255833333	721187.875	1	172.290541667	6.78438888889	33.7304166667	13.5336944444	0.95141506871	
1	2018/4/26 09:19:37	240.922833333	18.3864722222	705142.75	1	173.011208333	6.53241666667	33.7829166667	13.5515833333	0.939546185401	
1	2018/4/26 09:29:37	235.494791667	-17.6336388889	709210.8125	1	173.101208333	6.50086111111	33.7894583333	13.5538055556	0.938062574927	
1	2018/4/26 09:39:37	226.846416667	-53.3722222222	722706.0625	1	173.191166667	6.46930555556	33.796	13.5560555556	0.93657896456	
1	2018/4/26 10:59:37	240.353541667	14.3666666667	704905.125	1	173.910333333	6.21627777778	33.8485	13.5739166667	0.924710081162	
1	2018/4/26 11:09:37	234.902125	-21.6468888889	710466.8125	1	174.000125	6.18458333333	33.8550833333	13.5761388889	0.92322647071	
1	2018/4/26 11:19:37	225.100125	-57.2955555556	724140.625	1	174.089916667	6.15288888889	33.861625	13.5783611111	0.921742860321	
1	2018/4/26 12:39:37	239.806875	10.3456666667	704833.4375	1	174.807541667	5.89886111111	33.914125	13.5962222222	0.909873976913	
1	2018/4/26 12:49:37	234.271708333	-25.6568055556	711839.75	1	174.897166667	5.86705555556	33.9206666667	13.5984444444	0.90839036653	
1	2018/4/26 12:59:37	222.922166667	-61.1861666667	725466.875	1	174.986791667	5.83525	33.92725	13.6006666667	0.906906756089	
1	2018/4/26 14:09:37	245.962	42.2774166667	709165.25	1	175.6135	5.61219444444	33.9731666667	13.6162777778	0.896521483097	
1	2018/4/26 14:19:37	239.275833333	6.324	704935.875	1	175.702958333	5.58030555556	33.97975	13.6185	0.89503787271	
1	2018/4/26 14:29:37	233.592708333	-29.6626111111	713308.6875	1	175.792416667	5.54838888889	33.9862916667	13.62075	0.893554262277	
1	2018/4/26 14:39:37	220.115333333	-65.0288055556	726661.6875	1	175.881833333	5.51644444444	33.992875	13.6229722222	0.892070651816	
1	2018/4/26 15:49:37	245.020458333	38.2826388889	708266.0	1	176.507333333	5.29266666667	34.0387916667	13.6385555556	0.881685378899	
1	2018/4/26 15:59:37	238.754125	2.30216666667	705217.5	1	176.596625	5.26063888889	34.045375	13.6407777778	0.880201768453	
1	2018/4/26 16:09:37	232.851791667	-33.6633055556	714850.5	1	176.685875	5.22863888889	34.0519166667	13.643	0.878718158022	
1	2018/4/26 16:19:37	216.351166667	-68.7975	727704.3125	1	176.775125	5.19658333333	34.0585	13.64525	0.877234547619	
1	2018/4/26 17:29:37	244.184583333	34.2803888889	707427.4375	1	177.399416667	4.97211111111	34.1044583333	13.6608055556	0.866849274684	
1	2018/4/26 17:39:37	238.235833333	-1.71941666667	705679.625	1	177.488541667	4.94	34.111	13.6630555556	0.865365664263	
1	2018/4/26 17:49:37	232.031958333	-37.6576666667	716440.4375	1	177.577625	4.90788888889	34.1175833333	13.6652777778	0.863882053785	
1	2018/4/26 17:59:37	211.051916667	-72.4445833333	728576.5	1	177.666708333	4.87575	34.124125	13.6675	0.862398443407	
1	2018/4/26 19:09:37	243.431166667	30.2724166667	706672.125	1	178.289833333	4.65063888889	34.1700833333	13.6830555556	0.85201317046	
1	2018/4/26 19:19:37	237.715125	-5.74025	706320.0	1	178.37875	4.61844444444	34.1766666667	13.6852777778	0.850529560031	
1	2018/4/26 19:29:37	231.111208333	-41.6440555556	718052.375	1	178.467708333	4.58622222222	34.1832083333	13.6875	0.8490459496	
1	2018/4/26 19:39:37	203.151416667	-75.8757222222	729263.0	1	178.556625	4.55402777778	34.1897916667	13.6897222222	0.847562339173	
1	2018/4/26 20:49:37	242.742416667	26.2600555556	706021.125	1	179.178583333	4.32833333333	34.23575	13.7052777778	0.837177066256	
1	2018/4/26 20:59:37	237.186083333	-9.75994444444	707132.9375	1	179.267375	4.29605555556	34.2423333333	13.7075	0.835693455837	
1	2018/4/26 21:09:37	230.060041667	-45.6203611111	719659.625	1	179.356125	4.26377777778	34.248875	13.7097222222	0.834209845348	
1	2018/4/26 22:29:37	242.104375	22.2443611111	705493.8125	1	180.06575	4.00525	34.3014166667	13.7274722222	0.822340961999	
1	2018/4/26 22:39:37	236.6425	-13.778	708109.0625	1	180.154375	3.97291666667	34.308	13.7296944444	0.820857351527	
1	2018/4/26 22:49:37	228.838166667	-49.5835555556	721235.0	1	180.243	3.94055555556	34.3145416667	13.7319166667	0.819373741192	
1	2018/4/27 00:09:37	241.505875	18.2261944444	705107.1875	1	180.951416667	3.68152777778	34.3670833333	13.7496666667	0.807504857771	
1	2018/4/27 00:19:37	236.077583333	-17.7939166667	709235.875	1	181.039875	3.64913888889	34.3736666667	13.7518888889	0.806021247383	
1	2018/4/27 00:29:37	227.388458333	-53.5294444444	722751.75	1	181.128333333	3.61672222222	34.38025	13.7541111111	0.804537636908	
1	2018/4/27 01:49:37	240.937541667	14.2062777778	704875.5625	1	181.835541667	3.35722222222	34.4327916667	13.7718333333	0.792668753522	
1	2018/4/27 01:59:37	235.483541667	-21.8071111111	710497.5625	1	181.923875	3.32475	34.439375	13.7740555556	0.791185143127	
1	2018/4/27 02:09:37	225.6275	-57.4517222222	724184.0	1	182.012208333	3.29230555556	34.4459166667	13.7762777778	0.789701532689	
1	2018/4/27 03:29:37	240.391583333	10.1851666667	704810.3125	1	182.718291667	3.03238888889	34.4985	13.7939722222	0.777832649325	
1	2018/4/27 03:39:37	234.851375	-25.8169722222	711875.5625	1	182.806458333	2.99988888889	34.5050416667	13.7961944444	0.776349038881	
1	2018/4/27 03:49:37	223.428666667	-61.3408055556	725507.0	1	182.894666667	2.96738888889	34.511625	13.7984166667	0.774865428455	
1	2018/4/27 04:59:37	246.528625	42.11825	709109.9375	1	183.511541667	2.73969444444	34.557625	13.8138888889	0.764480155526	
1	2018/4/27 05:09:37	239.861	6.16341666667	704919.6875	1	183.599583333	2.70716666667	34.5642083333	13.8161111111	0.762996545067	
1	2018/4/27 05:19:37	234.170125	-29.8226388889	713348.8125	1	183.687666667	2.67461111111	34.57075	13.8183333333	0.761512934643	
1	2018/4/27 05:29:37	220.590791667	-65.1811111111	726697.8125	1	183.775708333	2.64208333333	34.5773333333	13.8205277778	0.760029324208	
1	2018/4/27 06:39:37	245.591791667	38.1230555556	708211.625	1	184.391666667	2.41416666667	34.6233333333	13.8360277778	0.749644051267	
1	2018/4/27 06:49:37	239.3395	2.1415	705208.4375	1	184.479583333	2.38158333333	34.6299166667	13.8382222222	0.748160440833	
1	2018/4/27 06:59:37	233.426333333	-33.8231666667	714894.0625	1	184.567541667	2.34902777778	34.6365	13.8404444444	0.746676830424	
1	2018/4/27 07:09:37	216.778291667	-68.9460555556	727735.6875	1	184.655458333	2.31644444444	34.6430416667	13.8426388889	0.745193220048	
1	2018/4/27 08:19:37	244.759541667	34.1205	707375.0	1	185.2705	2.08836111111	34.6890833333	13.8581111111	0.734807947076	
1	2018/4/27 08:29:37	238.821125	-1.88011111111	705677.8125	1	185.358291667	2.05577777778	34.695625	13.8603333333	0.733324336626	
1	2018/4/27 08:39:37	232.602833333	-37.8172777778	716486.5625	1	185.446125	2.02316666667	34.7022083333	13.8625277778	0.731840726203	
1	2018/4/27 08:49:37	211.3995	-72.58675	728602.5	1	185.533875	1.99058333333	34.7087916667	13.8647222222	0.730357115798	
1	2018/4/27 09:59:37	244.008916667	30.11225	706622.5625	1	186.148083333	1.76236111111	34.7547916667	13.8801944444	0.719971842812	
1	2018/4/27 10:09:37	238.300166667	-5.90097222222	706325.5	1	186.235791667	1.72975	34.761375	13.8823888889	0.71848823243	
1	2018/4/27 10:19:37	231.677375	-41.8033888889	718100.0625	1	186.323458333	1.69716666667	34.7679583333	13.8846111111	0.71700462201	
1	2018/4/27 10:29:37	203.361125	-76.0060555556	729283.0625	1	186.411125	1.66455555556	34.7745416667	13.8868055556	0.715521011587	
1	2018/4/27 11:39:37	243.322375	26.0996944444	705975.4375	1	187.024458333	1.43627777778	34.8205416667	13.90225	0.705135738588	
1	2018/4/27 11:49:37	237.770625	-9.92066666667	707145.5	1	187.112041667	1.40366666667	34.827125	13.9044444444	0.703652128158	
1	2018/4/27 11:59:37	230.620166667	-45.7792777778	719707.875	1	187.199625	1.37105555556	34.8337083333	13.9066666667	0.702168517762	
1	2018/4/27 13:19:37	242.686083333	22.0838333333	705452.8125	1	187.89975	1.11016666667	34.8863333333	13.9242777778	0.690299634415	
1	2018/4/27 13:29:37	237.226291667	-13.9387222222	708128.4375	1	187.987208333	1.07755555556	34.892875	13.9265	0.688816023987	
1	2018/4/27 13:39:37	229.390291667	-49.7419166667	721282.875	1	188.074666667	1.04494444444	34.8994583333	13.9286944444	0.687332413572	
1	2018/4/27 14:59:37	242.088875	18.0655	705071.5625	1	188.773916667	0.784111111111	34.9520833333	13.9463055556	0.675463530169	
1	2018/4/27 15:09:37	236.660291667	-17.9546111111	709261.5625	1	188.86125	0.7515	34.9586666667	13.9485	0.673979919716	
1	2018/4/27 15:19:37	227.929833333	-53.6870555556	722798.25	1	188.948625	0.718916666667	34.96525	13.9507222222	0.672496309339	
1	2018/4/27 16:39:37	241.521541667	14.0454444444	704846.0	1	189.647041667	0.458166666667	35.017875	13.9683055556	0.660627425949	
1	2018/4/27 16:49:37	236.064875	-21.96775	710529.0	1	189.734291667	0.425611111111	35.0244166667	13.9705	0.659143815526	
1	2018/4/27 16:59:37	226.154	-57.60825	724228.1875	1	189.821541667	0.393027777778	35.031	13.9726944444	0.657660205071	
1	2018/4/27 18:19:37	240.97625	10.02425	704787.375	1	190.519166667	0.132472222222	35.0836666667	13.9903055556	0.645791321725	
1	2018/4/27 18:29:37	235.430875	-25.9775	711912.125	1	190.606291667	0.0999166666667	35.0902083333	13.9925	0.644307711293	
1	2018/4/27 18:39:37	223.933875	-61.49575	725547.9375	1	190.693458333	0.0673611111111	35.0967916667	13.9946944444	0.642824100882	
1	2018/4/27 19:49:37	247.095375	41.9586388889	709054.0625	1	191.30325	-0.160416666667	35.142875	14.0100555556	0.6324388279	
1	2018/4/27 19:59:37	240.446083333	6.00241666667	704903.75	1	191.390333333	-0.192944444444	35.1494583333	14.01225	0.630955217482	
1	2018/4/27 20:09:37	234.747333333	-29.9830555556	713389.6875	1	191.477416667	-0.225472222222	35.1560416667	14.0144444444	0.62947160703	
1	2018/4/27 20:19:37	221.064375	-65.3336666667	726734.6875	1	191.564458333	-0.257972222222	35.162625	14.0166388889	0.627987996616	
1	2018/4/27 21:29:37	246.163166667	37.9630555556	708156.6875	1	192.173625	-0.4855	35.2086666667	14.032	0.617602723692	
1	2018/4/27 21:39:37	239.92475	1.98044444444	705199.8125	1	192.260625	-0.517972222222	35.21525	14.0341944444	0.616119113235	
1	2018/4/27 21:49:37	234.000625	-33.9834166667	714938.4375	1	192.347583333	-0.550444444444	35.2218333333	14.0363888889	0.614635502804	
1	2018/4/27 21:59:37	217.2025	-69.0947777778	727767.75	1	192.434583333	-0.582944444444	35.2284166667	14.0385833333	0.613151892419	
1	2018/4/27 23:09:37	245.3345	33.9601666667	707322.125	1	193.043166667	-0.810138888889	35.2745	14.0539444444	0.602766619429	
1	2018/4/27 23:19:37	239.406375	-2.04122222222	705676.5625	1	193.130083333	-0.842555555556	35.2810833333	14.0561388889	0.601283009013	
1	2018/4/27 23:29:37	233.173458333	-37.9773055556	716533.5	1	193.216958333	-0.875	35.2876666667	14.0583333333	0.599799398606	
1	2018/4/27 23:39:37	211.742291667	-72.7289444444	728629.125	1	193.303833333	-0.907416666667	35.29425	14.0605277778	0.59831578816	
1	2018/4/28 00:49:37	244.586666667	29.9516944444	706572.6875	1	193.911875	-1.13425	35.3403333333	14.0758611111	0.587930515196	
1	2018/4/28 00:59:37	238.885125	-6.06211111111	706331.5	1	193.998708333	-1.16663888889	35.3469166667	14.0780555556	0.586446904813	
1	2018/4/28 01:09:37	232.243291667	-41.9631111111	718148.625	1	194.085541667	-1.199	35.3535	14.0802222222	0.584963294361	
1	2018/4/28 01:19:37	203.5625	-76.1360555556	729303.6875	1	194.172333333	-1.23138888889	35.3600833333	14.0824166667	0.583479683958	
1	2018/4/28 02:29:37	243.902333333	25.9389166667	705929.5	1	194.779833333	-1.45777777778	35.4061666667	14.09775	0.573094410971	
1	2018/4/28 02:39:37	238.355083333	-10.0818333333	707158.6875	1	194.866583333	-1.49008333333	35.41275	14.0999444444	0.5716108006	
1	2018/4/28 02:49:37	231.179916667	-45.9385833333	719757.0	1	194.953333333	-1.52241666667	35.4193333333	14.1021111111	0.570127190144	
1	2018/4/28 04:09:37	243.267708333	21.9228611111	705411.6875	1	195.647083333	-1.78063888889	35.472	14.1196111111	0.558258306784	
1	2018/4/28 04:19:37	237.809958333	-14.0998611111	708148.4375	1	195.733791667	-1.81288888889	35.4785833333	14.1218055556	0.55677469636	
1	2018/4/28 04:29:37	229.941958333	-49.9006666667	721331.5625	1	195.820458333	-1.84511111111	35.4851666667	14.124	0.555291085931	
1	2018/4/28 05:49:37	242.671833333	17.9043888889	705036.0	1	196.513666667	-2.10275	35.537875	14.1414722222	0.543422202541	
1	2018/4/28 05:59:37	237.242875	-18.1157222222	709288.0	1	196.600291667	-2.13491666667	35.5444583333	14.1436666667	0.541938592076	
1	2018/4/28 06:09:37	228.470541667	-53.845	722845.5625	1	196.686916667	-2.16705555556	35.5510416667	14.1458333333	0.540454981739	
1	2018/4/28 07:29:37	242.1055	13.8842222222	704816.625	1	197.379666667	-2.42402777778	35.6037083333	14.1633055556	0.528586098297	
1	2018/4/28 07:39:37	236.646041667	-22.1288055556	710561.25	1	197.466208333	-2.45611111111	35.6102916667	14.1655	0.527102487879	
1	2018/4/28 07:49:37	226.679583333	-57.7651111111	724273.125	1	197.552791667	-2.48819444444	35.6169166667	14.1676666667	0.525618877464	
1	2018/4/28 09:09:37	241.560875	9.86291666667	704764.6875	1	198.245083333	-2.74441666667	35.6695833333	14.1851388889	0.513749994109	
1	2018/4/28 09:19:37	236.010208333	-26.1384722222	711949.5	1	198.331583333	-2.77641666667	35.6762083333	14.1873055556	0.51226638369	
1	2018/4/28 09:29:37	224.437833333	-61.651	725589.625	1	198.418083333	-2.80838888889	35.6827916667	14.1895	0.510782773223	
1	2018/4/28 10:39:37	247.662208333	41.7986111111	708997.5625	1	199.0235	-3.03194444444	35.7289166667	14.20475	0.500397500299	
1	2018/4/28 10:49:37	241.031125	5.841	704888.1875	1	199.109958333	-3.06386111111	35.7355	14.2069166667	0.498913889886	
1	2018/4/28 10:59:37	235.324375	-30.1438888889	713431.4375	1	199.196416667	-3.09572222222	35.7420833333	14.2091111111	0.497430279484	
1	2018/4/28 11:09:37	221.536083333	-65.4865	726772.3125	1	199.282875	-3.12761111111	35.7486666667	14.2112777778	0.495946669041	
1	2018/4/28 12:19:37	246.734583333	37.8026388889	708101.3125	1	199.887916667	-3.35044444444	35.7947916667	14.2265277778	0.485561396025	
1	2018/4/28 12:29:37	240.51	1.81894444444	705191.5625	1	199.974333333	-3.38222222222	35.801375	14.2286944444	0.484077785622	
1	2018/4/28 12:39:37	234.574708333	-34.1440555556	714983.6875	1	200.06075	-3.414	35.8079583333	14.2308888889	0.482594175215	
1	2018/4/28 12:49:37	217.623708333	-69.2436944444	727800.5625	1	200.147166667	-3.44577777778	35.8145833333	14.2330555556	0.481110564793	
1	2018/4/28 13:59:37	245.9095	33.7994444444	707268.875	1	200.751916667	-3.66783333333	35.8607083333	14.2482777778	0.470725291834	
1	2018/4/28 14:09:37	239.991583333	-2.20275	705675.75	1	200.838291667	-3.6995	35.8672916667	14.2504722222	0.469241681431	
1	2018/4/28 14:19:37	233.743833333	-38.1377222222	716581.25	1	200.924666667	-3.73116666667	35.873875	14.2526388889	0.467758071011	
1	2018/4/28 14:29:37	212.080125	-72.8711388889	728656.4375	1	201.011041667	-3.76280555556	35.8804583333	14.2548055556	0.466274460514	
1	2018/4/28 15:39:37	245.164458333	29.7906944444	706522.5625	1	201.615541667	-3.98402777778	35.926625	14.2700277778	0.455889187601	
1	2018/4/28 15:49:37	239.47	-6.22366666667	706338.125	1	201.701875	-4.01558333333	35.9332083333	14.2722222222	0.454405577158	
1	2018/4/28 15:59:37	232.808833333	-42.1231944444	718198.0	1	201.788208333	-4.04711111111	35.9397916667	14.2743888889	0.452921966749	
1	2018/4/28 16:09:37	203.755375	-76.2657222222	729325.0625	1	201.874541667	-4.07863888889	35.9464166667	14.2765555556	0.451438356309	
1	2018/4/28 17:19:37	244.482291667	25.7776944444	705883.4375	1	202.478791667	-4.29897222222	35.9925416667	14.29175	0.441053083338	
1	2018/4/28 17:29:37	238.939416667	-10.2433888889	707172.5	1	202.565125	-4.33038888889	35.999125	14.2939444444	0.439569472962	
1	2018/4/28 17:39:37	231.739291667	-46.09825	719806.9375	1	202.651416667	-4.36180555556	36.00575	14.2961111111	0.438085862563	
1	2018/4/28 18:59:37	243.849375	21.7614722222	705370.5	1	203.34175	-4.61258333333	36.0585	14.3134722222	0.426216979137	
1	2018/4/28 19:09:37	238.3935	-14.2614166667	708169.1875	1	203.428041667	-4.64388888889	36.0650833333	14.3156388889	0.424733368771	
1	2018/4/28 19:19:37	230.493083333	-50.0597777778	721381.125	1	203.514291667	-4.67516666667	36.0716666667	14.3178055556	0.423249758322	
1	2018/4/28 20:39:37	243.254791667	17.7428611111	705000.5	1	204.204416667	-4.92483333333	36.1244166667	14.3351388889	0.411380874931	
1	2018/4/28 20:49:37	237.825333333	-18.2772222222	709315.125	1	204.290666667	-4.95597222222	36.1310416667	14.3373333333	0.409897264499	
1	2018/4/28 20:59:37	229.010583333	-54.0033333333	722893.6875	1	204.376916667	-4.98711111111	36.137625	14.3395	0.40841365408	
1	2018/4/28 22:19:37	242.689375	13.7225555556	704787.375	1	205.066875	-5.23558333333	36.190375	14.3568333333	0.396544770733	
1	2018/4/28 22:29:37	237.227083333	-22.29025	710594.25	1	205.153083333	-5.26658333333	36.197	14.3589722222	0.395061160301	
1	2018/4/28 22:39:37	227.204291667	-57.9223055556	724318.9375	1	205.239333333	-5.29755555556	36.2035833333	14.3611388889	0.393577549859	
1	2018/4/28 23:59:37	242.145458333	9.70113888889	704742.25	1	205.929125	-5.54483333333	36.256375	14.3784722222	0.381708666486	
1	2018/4/29 00:09:37	236.589416667	-26.2998333333	711987.6875	1	206.015333333	-5.57566666667	36.2629583333	14.3806388889	0.380225055997	
1	2018/4/29 00:19:37	224.940458333	-61.8065833333	725632.125	1	206.101541667	-5.60647222222	36.2695416667	14.3828055556	0.378741445674	
1	2018/4/29 01:29:37	248.229125	41.6381666667	708940.5625	1	206.705041667	-5.82177777778	36.31575	14.3979444444	0.368356172682	
1	2018/4/29 01:39:37	241.616125	5.67916666667	704872.9375	1	206.791208333	-5.85247222222	36.3223333333	14.4001111111	0.366872562222	
1	2018/4/29 01:49:37	235.901208333	-30.3051111111	713474.0	1	206.877416667	-5.88313888889	36.3289583333	14.40225	0.365388951838	
1	2018/4/29 01:59:37	222.005833333	-65.6395833333	726810.6875	1	206.963625	-5.91377777778	36.3355416667	14.4044166667	0.363905341391	
1	2018/4/29 03:09:37	247.306041667	37.6418055556	708045.5	1	207.567041667	-6.12788888889	36.38175	14.4195555556	0.353520068441	
1	2018/4/29 03:19:37	241.095166667	1.65705555556	705183.75	1	207.653208333	-6.15841666667	36.3883333333	14.4216944444	0.352036458041	
1	2018/4/29 03:29:37	235.148625	-34.3051111111	715029.75	1	207.739416667	-6.18891666667	36.3949166667	14.4238611111	0.350552847635	
1	2018/4/29 03:39:37	218.041916667	-69.3927777778	727834.0625	1	207.825625	-6.21941666667	36.4015416667	14.4260277778	0.349069237207	
1	2018/4/29 04:49:37	246.4845	33.6382777778	707215.3125	1	208.428958333	-6.43230555556	36.44775	14.4411388889	0.338683964208	
1	2018/4/29 04:59:37	240.576666667	-2.36469444444	705675.4375	1	208.515125	-6.46263888889	36.4543333333	14.4433055556	0.337200353784	
1	2018/4/29 05:09:37	234.313916667	-38.2985277778	716629.9375	1	208.601333333	-6.49297222222	36.4609166667	14.4454444444	0.335716743365	
1	2018/4/29 05:19:37	212.412916667	-73.0133055556	728684.4375	1	208.6875	-6.52327777778	36.4675416667	14.4476111111	0.33423313293	
1	2018/4/29 06:29:37	245.74225	29.6292777778	706472.25	1	209.290833333	-6.73491666667	36.51375	14.4627222222	0.323847860011	
1	2018/4/29 06:39:37	240.054833333	-6.38563888889	706345.3125	1	209.377041667	-6.76505555556	36.5203333333	14.4648611111	0.322364249555	
1	2018/4/29 06:49:37	233.374083333	-42.2836944444	718248.25	1	209.463208333	-6.79519444444	36.5269583333	14.4670277778	0.320880639149	
1	2018/4/29 06:59:37	203.939458333	-76.3949722222	729347.0	1	209.549416667	-6.82533333333	36.5335416667	14.4691944444	0.319397028743	
1	2018/4/29 08:09:37	245.06225	25.6160833333	705837.25	1	210.152708333	-7.03563888889	36.57975	14.4842777778	0.309011755796	
1	2018/4/29 08:19:37	239.523708333	-10.4053611111	707187.0	1	210.238916667	-7.06561111111	36.586375	14.4864166667	0.307528145322	
1	2018/4/29 08:29:37	232.298208333	-46.2583333333	719857.8125	1	210.325083333	-7.09555555556	36.5929583333	14.4885833333	0.306044534937	
1	2018/4/29 09:49:37	244.431	21.5996666667	705329.3125	1	211.014625	-7.33444444444	36.6457916667	14.5058055556	0.294175651566	
1	2018/4/29 09:59:37	238.976958333	-14.4233611111	708190.625	1	211.100833333	-7.36422222222	36.6524166667	14.5079444444	0.292692041127	
1	2018/4/29 10:09:37	231.043666667	-50.21925	721431.5	1	211.187	-7.39397222222	36.659	14.5101111111	0.291208430687	
1	2018/4/29 11:29:37	243.837708333	17.5809166667	704965.0625	1	211.876625	-7.63125	36.7118333333	14.5273333333	0.279339547302	
1	2018/4/29 11:39:37	238.407708333	-18.4391666667	709343.0625	1	211.962791667	-7.66083333333	36.7184583333	14.5294722222	0.277855936865	
1	2018/4/29 11:49:37	229.549958333	-54.162	722942.6875	1	212.049	-7.69036111111	36.7250416667	14.5316111111	0.276372326473	
1	2018/4/29 13:09:37	243.27325	13.5605	704758.375	1	212.738666667	-7.926	36.777875	14.5488055556	0.264503443062	
1	2018/4/29 13:19:37	237.807958333	-22.4521111111	710628.125	1	212.824875	-7.95536111111	36.7845	14.5509722222	0.263019832704	
1	2018/4/29 13:29:37	227.728	-58.0798611111	724365.5	1	212.911125	-7.98469444444	36.7910833333	14.5531111111	0.261536222206	
1	2018/4/29 14:49:37	242.73	9.53897222222	704720.125	1	213.600875	-8.21863888889	36.8439583333	14.5703055556	0.249667338863	
1	2018/4/29 14:59:37	237.168458333	-26.4615833333	712026.75	1	213.687125	-8.24777777778	36.8505416667	14.5724444444	0.248183728427	
1	2018/4/29 15:09:37	225.441791667	-61.9624722222	725675.4375	1	213.773333333	-8.27688888889	36.8571666667	14.5745833333	0.246700118029	
1	2018/4/29 16:19:37	248.796166667	41.4772777778	708883.0	1	214.377	-8.48011111111	36.9034166667	14.5896111111	0.236314845076	
1	2018/4/29 16:29:37	242.201083333	5.51688888889	704858.0625	1	214.46325	-8.50905555556	36.9100416667	14.59175	0.234831234644	
1	2018/4/29 16:39:37	236.477875	-30.46675	713517.4375	1	214.5495	-8.53797222222	36.916625	14.5938888889	0.233347624208	
1	2018/4/29 16:49:37	222.473583333	-65.7929166667	726849.8125	1	214.63575	-8.56688888889	36.92325	14.5960555556	0.231864013798	
1	2018/4/29 17:59:37	247.877583333	37.4805277778	707989.3125	1	215.239541667	-8.76852777778	36.9695	14.6110555556	0.221478740803	
1	2018/4/29 18:09:37	241.680291667	1.49475	705176.375	1	215.325791667	-8.79725	36.976125	14.6131944444	0.21999513037	
1	2018/4/29 18:19:37	235.722291667	-34.4665833333	715076.75	1	215.412083333	-8.82594444444	36.9827083333	14.6153333333	0.218511520022	
1	2018/4/29 18:29:37	218.457	-69.5420277778	727868.3125	1	215.498333333	-8.85461111111	36.9893333333	14.6174722222	0.217027909565	
1	2018/4/29 19:39:37	247.059541667	33.4767222222	707161.4375	1	216.102291667	-9.05463888889	37.0355833333	14.6324722222	0.206642636617	
1	2018/4/29 19:49:37	241.161708333	-2.52705555556	705675.6875	1	216.188583333	-9.08311111111	37.0422083333	14.6346111111	0.205159026192	
1	2018/4/29 19:59:37	234.88375	-38.45975	716679.5	1	216.274875	-9.11158333333	37.0487916667	14.63675	0.20367541571	
1	2018/4/29 20:09:37	212.740541667	-73.1554722222	728713.1875	1	216.361166667	-9.14	37.0554166667	14.6388888889	0.202191805356	
1	2018/4/29 21:19:37	246.320041667	29.4674444444	706421.6875	1	216.965291667	-9.33838888889	37.1017083333	14.6538611111	0.191806532377	
1	2018/4/29 21:29:37	240.639583333	-6.54802777778	706353.125	1	217.051625	-9.36661111111	37.1082916667	14.656	0.190322921956	
1	2018/4/29 21:39:37	233.939041667	-42.4445833333	718299.375	1	217.137916667	-9.39483333333	37.1149166667	14.6581388889	0.188839311496	
1	2018/4/29 21:49:37	204.1145	-76.5238333333	729369.6875	1	217.22425	-9.42302777778	37.1215416667	14.6602777778	0.187355701127	
1	2018/4/29 22:59:37	245.642166667	25.4540277778	705791.0	1	217.828583333	-9.61969444444	37.1677916667	14.67525	0.176970428184	
1	2018/4/29 23:09:37	240.107875	-10.56775	707202.1875	1	217.914916667	-9.64769444444	37.1744166667	14.6773888889	0.175486817701	
1	2018/4/29 23:19:37	232.85675	-46.4187777778	719909.5	1	218.00125	-9.67566666667	37.1810416667	14.6795277778	0.174003207273	
1	2018/4/30 00:39:37	245.012625	21.4374722222	705288.1875	1	218.692125	-9.8985	37.2339166667	14.6966111111	0.162134323913	
1	2018/4/30 00:49:37	239.560333333	-14.58575	708212.8125	1	218.7785	-9.92625	37.2405416667	14.69875	0.160650713478	
1	2018/4/30 00:59:37	231.59375	-50.3791111111	721482.75	1	218.864916667	-9.95397222222	37.2471666667	14.7008888889	0.159167103076	
1	2018/4/30 02:19:37	244.420583333	17.4185555556	704929.75	1	219.556041667	-10.1747777778	37.3000833333	14.7179722222	0.147298219681	
1	2018/4/30 02:29:37	238.989958333	-18.6015	709371.8125	1	219.642458333	-10.2022777778	37.3066666667	14.7200833333	0.145814609287	
1	2018/4/30 02:39:37	230.088583333	-54.3210555556	722992.5	1	219.728875	-10.2297222222	37.3132916667	14.7222222222	0.144330998839	
1	2018/4/30 03:59:37	243.857125	13.398	704729.5625	1	220.420291667	-10.4484444444	37.3662083333	14.7392777778	0.132462115473	
1	2018/4/30 04:09:37	238.38875	-22.6143888889	710662.8125	1	220.50675	-10.4756666667	37.3728333333	14.7414166667	0.130978505064	
1	2018/4/30 04:19:37	228.250791667	-58.23775	724412.875	1	220.593208333	-10.5028611111	37.3794583333	14.7435555556	0.129494894653	
1	2018/4/30 05:39:37	243.3145	9.37638888889	704698.3125	1	221.284916667	-10.7194444444	37.432375	14.7605833333	0.117626011282	
1	2018/4/30 05:49:37	237.747333333	-26.6237777778	712066.625	1	221.371416667	-10.7464166667	37.439	14.7627222222	0.116142400819	
1	2018/4/30 05:59:37	225.941708333	-62.1186388889	725719.5	1	221.457875	-10.7733333333	37.445625	14.7648333333	0.114658790351	
1	2018/4/30 07:09:37	249.36325	41.3159722222	708825.0	1	222.063416667	-10.9610277778	37.4919166667	14.77975	0.104273517407	
1	2018/4/30 07:19:37	242.785958333	5.35422222222	704843.625	1	222.149916667	-10.9877222222	37.4985416667	14.7818611111	0.102789907038	
1	2018/4/30 07:29:37	237.054375	-30.6287777778	713561.8125	1	222.236458333	-11.0144166667	37.5051666667	14.784	0.101306296566	
1	2018/4/30 07:39:37	222.939333333	-65.9465277778	726889.6875	1	222.323	-11.0410555556	37.5117916667	14.7861388889	0.0998226861754	
1	2018/4/30 08:49:37	248.449208333	37.3188611111	707932.6875	1	222.928791667	-11.2268055556	37.5580833333	14.801	0.0894374132224	
1	2018/4/30 08:59:37	242.265333333	1.33202777778	705169.5625	1	223.015375	-11.25325	37.5647083333	14.8031388889	0.0879538027852	
1	2018/4/30 09:09:37	236.295708333	-34.6284166667	715124.625	1	223.101916667	-11.2796388889	37.5713333333	14.80525	0.0864701923261	
1	2018/4/30 09:19:37	218.868916667	-69.6914166667	727903.25	1	223.1885	-11.306	37.5779583333	14.8073888889	0.0849865819262	
1	2018/4/30 10:29:37	247.634625	33.3147222222	707107.25	1	223.794625	-11.4897777778	37.6242916667	14.82225	0.0746013089747	
1	2018/4/30 10:39:37	241.746708333	-2.68980555556	705676.5625	1	223.881208333	-11.5159166667	37.6309166667	14.8243888889	0.0731176985562	
1	2018/4/30 10:49:37	235.453333333	-38.6213611111	716729.9375	1	223.967833333	-11.5420277778	37.6375416667	14.8265	0.0716340881106	
1	2018/4/30 10:59:37	213.062833333	-73.2975833333	728742.5625	1	224.054458333	-11.5681111111	37.6441666667	14.8286388889	0.0701504777494	
1	2018/4/30 12:09:37	246.897875	29.3051944444	706371.0	1	224.660875	-11.7498333333	37.6905	14.8435	0.0597652047934	
1	2018/4/30 12:19:37	241.224208333	-6.71083333333	706361.625	1	224.747541667	-11.7756944444	37.697125	14.8456111111	0.0582815943531	
1	2018/4/30 12:29:37	234.503625	-42.6058611111	718351.4375	1	224.834208333	-11.8015	37.7037083333	14.8477222222	0.0567979838848	
1	2018/4/30 12:39:37	204.280291667	-76.65225	729392.9375	1	224.920875	-11.8273055556	37.7103333333	14.8498611111	0.055314373478	
1	2018/4/30 13:49:37	246.222125	25.2915833333	705744.6875	1	225.527625	-12.0069722222	37.7567083333	14.8646944444	0.0449291005159	
1	2018/4/30 13:59:37	240.692	-10.7305555556	707218.0625	1	225.614333333	-12.0325277778	37.7633333333	14.8668055556	0.0434454901152	
1	2018/4/30 14:09:37	233.414875	-46.5796111111	719962.125	1	225.701041667	-12.0580555556	37.7699583333	14.8689444444	0.0419618796998	
1	2018/4/30 15:29:37	245.594208333	21.2748333333	705247.0625	1	226.394875	-12.2611388889	37.8229166667	14.8858888889	0.0300929963334	
1	2018/4/30 15:39:37	240.143625	-14.7485277778	708235.8125	1	226.481625	-12.2863888889	37.8295416667	14.888	0.0286093858623	
1	2018/4/30 15:49:37	232.143333333	-50.5393333333	721534.9375	1	226.568375	-12.3116111111	37.8361666667	14.8901111111	0.0271257754469	
1	2018/4/30 17:09:37	245.003458333	17.2557777778	704894.625	1	227.262583333	-12.51225	37.8891666667	14.9070555556	0.0152568921277	
1	2018/4/30 17:19:37	239.572083333	-18.7642222222	709401.375	1	227.349375	-12.5371666667	37.8957916667	14.9091666667	0.0137732816762	
1	2018/4/30 17:29:37	230.626541667	-54.4804444444	723043.1875	1	227.436208333	-12.5620833333	37.9024166667	14.9112777778	0.012289671216	
1	2018/4/30 18:49:37	244.440916667	13.2351111111	704701.0	1	228.130833333	-12.76025	37.955375	14.9281944444	0.00042078785072	
1	2018/4/30 18:59:37	238.969375	-22.7770555556	710698.375	1	228.217666667	-12.7848888889	37.962	14.9303055556	0.00106282257597	
1	2018/4/30 19:09:37	228.772583333	-58.3959722222	724461.125	1	228.304541667	-12.8094722222	37.968625	14.9324166667	0.00254643298399	
1	2018/4/30 20:29:37	243.898958333	9.21338888889	704676.875	1	228.999583333	-13.0051111111	38.021625	14.9493333333	0.0144153163852	
1	2018/4/30 20:39:37	238.326083333	-26.7863333333	712107.5	1	229.0865	-13.0294166667	38.02825	14.9514444444	0.0158989267971	
1	2018/4/30 20:49:37	226.440291667	-62.2751388889	725764.375	1	229.173416667	-13.0536944444	38.034875	14.9535555556	0.0173825371903	
1	2018/4/30 21:59:37	249.930458333	41.15425	708766.5625	1	229.781916667	-13.22275	38.0812916667	14.9683333333	0.0277678101713	
1	2018/4/30 22:09:37	243.370833333	5.19113888889	704829.6875	1	229.868875	-13.2467777778	38.0879166667	14.9704444444	0.0292514205968	
1	2018/4/30 22:19:37	237.630666667	-30.7912222222	713607.0625	1	229.955833333	-13.2707777778	38.0945416667	14.9725555556	0.0307350309877	
1	2018/4/30 22:29:37	223.403	-66.1003611111	726930.375	1	230.042833333	-13.2947222222	38.1011666667	14.9746666667	0.0322186414434	
1	2018/4/30 23:39:37	249.020833333	37.15675	707875.75	1	230.65175	-13.4615	38.1475416667	14.9894166667	0.0426039143969	
1	2018/4/30 23:49:37	242.850333333	1.16886111111	705163.25	1	230.73875	-13.4851944444	38.1541666667	14.9915277778	0.044087524853	
1	2018/4/30 23:59:37	236.868958333	-34.7906666667	715173.4375	1	230.82575	-13.5088611111	38.1607916667	14.9936388889	0.0455711352601	
1	2018/5/1 00:09:37	219.277541667	-69.8409722222	727938.9375	1	230.912791667	-13.5325	38.1674583333	14.99575	0.0470547456415	
1	2018/5/1 01:19:37	248.20975	33.1523055556	707052.875	1	231.522083333	-13.6969722222	38.2138333333	15.0105	0.0574400186299	
1	2018/5/1 01:29:37	242.331583333	-2.853	705678.0625	1	231.609166667	-13.7203333333	38.2204583333	15.0126111111	0.0589236290451	
1	2018/5/1 01:39:37	236.022625	-38.7833611111	716781.375	1	231.696208333	-13.7436666667	38.2270833333	15.0146944444	0.0604072395044	
1	2018/5/1 01:49:37	213.379666667	-73.4396666667	728772.625	1	231.783291667	-13.7669722222	38.2337083333	15.0168055556	0.0618908498982	
1	2018/5/1 02:59:37	247.475666667	29.1425277778	706320.1875	1	232.393	-13.9291111111	38.280125	15.0315555556	0.0722761228481	
1	2018/5/1 03:09:37	241.808791667	-6.87402777778	706370.8125	1	232.480125	-13.9521388889	38.28675	15.0336388889	0.0737597333073	
1	2018/5/1 03:19:37	235.067875	-42.7675277778	718404.4375	1	232.56725	-13.9751111111	38.293375	15.03575	0.0752433436685	
1	2018/5/1 03:29:37	204.436583333	-76.7801944444	729416.875	1	232.654375	-13.9980833333	38.3000416667	15.0378611111	0.0767269541438	
1	2018/5/1 04:39:37	246.802083333	25.1286944444	705698.3125	1	233.2645	-14.1578333333	38.3464583333	15.0525833333	0.0871122270833	
1	2018/5/1 04:49:37	241.276	-10.8937777778	707234.75	1	233.351666667	-14.1805277778	38.3530833333	15.0546666667	0.0885958375299	
1	2018/5/1 04:59:37	233.972583333	-46.7408055556	720015.6875	1	233.438833333	-14.2031944444	38.3597083333	15.0567777778	0.0900794478992	
1	2018/5/1 06:19:37	246.175791667	21.1117777778	705206.0625	1	234.136541667	-14.3831666667	38.41275	15.0735833333	0.101948331308	
1	2018/5/1 06:29:37	240.72675	-14.9117222222	708259.625	1	234.223791667	-14.4055	38.419375	15.0756944444	0.103431941734	
1	2018/5/1 06:39:37	232.692333333	-50.6999444444	721588.0	1	234.311041667	-14.4278055556	38.426	15.0777777778	0.104915552167	
1	2018/5/1 07:59:37	245.586291667	17.0925833333	704859.6875	1	235.009166667	-14.605	38.4790833333	15.0945833333	0.116784435542	
1	2018/5/1 08:09:37	240.154083333	-18.9273888889	709431.8125	1	235.096458333	-14.627	38.4857083333	15.0966666667	0.11826804592	
1	2018/5/1 08:19:37	231.163791667	-54.6401944444	723094.75	1	235.183791667	-14.6489444444	38.4923333333	15.0987777778	0.119751656398	
1	2018/5/1 09:39:37	245.024666667	13.0717777778	704672.75	1	235.882416667	-14.8233333333	38.5454166667	15.1155555556	0.131620539789	
1	2018/5/1 09:49:37	239.549875	-22.9401388889	710734.8125	1	235.96975	-14.8449722222	38.5520416667	15.1176388889	0.133104150221	
1	2018/5/1 09:59:37	229.293416667	-58.5545277778	724510.1875	1	236.057125	-14.8665555556	38.5587083333	15.11975	0.13458776062	
1	2018/5/1 11:19:37	244.483375	9.04997222222	704655.875	1	236.756208333	-15.0380833333	38.6117916667	15.1365	0.146456644031	
1	2018/5/1 11:29:37	238.904666667	-26.9493333333	712149.25	1	236.843625	-15.0593611111	38.6184166667	15.1385833333	0.147940254427	
1	2018/5/1 11:39:37	226.937458333	-62.4319444444	725810.0	1	236.931041667	-15.0806111111	38.6250416667	15.1406944444	0.149423864875	
1	2018/5/1 12:49:37	250.497708333	40.9921111111	708707.6875	1	237.543125	-15.2283055556	38.6715	15.1553333333	0.159809137833	
1	2018/5/1 12:59:37	243.955625	5.02763888889	704816.1875	1	237.630625	-15.24925	38.678125	15.1574444444	0.161292748243	
1	2018/5/1 13:09:37	238.206791667	-30.9540555556	713653.25	1	237.718083333	-15.2701666667	38.68475	15.1595277778	0.162776358644	
1	2018/5/1 13:19:37	223.864583333	-66.2544444444	726971.8125	1	237.805541667	-15.2910277778	38.6914166667	15.1616111111	0.16425996908	
1	2018/5/1 14:29:37	249.592541667	36.9942222222	707818.5	1	238.418041667	-15.4361666667	38.737875	15.17625	0.174645242022	
1	2018/5/1 14:39:37	243.43525	1.00530555556	705157.5625	1	238.505583333	-15.45675	38.7445	15.1783333333	0.176128852459	
1	2018/5/1 14:49:37	237.441958333	-34.9533333333	715223.1875	1	238.593125	-15.4773055556	38.751125	15.1804444444	0.177612462877	
1	2018/5/1 14:59:37	219.682833333	-69.9906666667	727975.375	1	238.680666667	-15.4978333333	38.7577916667	15.1825277778	0.179096073285	
1	2018/5/1 16:09:37	248.784875	32.9894444444	706998.3125	1	239.293541667	-15.6403611111	38.80425	15.1971388889	0.189481346274	
1	2018/5/1 16:19:37	242.916416667	-3.01661111111	705680.25	1	239.381125	-15.6605833333	38.810875	15.1992222222	0.190964956656	
1	2018/5/1 16:29:37	236.591666667	-38.94575	716833.6875	1	239.468708333	-15.6807777778	38.8175416667	15.2013333333	0.192448567056	
1	2018/5/1 16:39:37	213.690875	-73.5816944444	728803.375	1	239.556333333	-15.7009166667	38.8241666667	15.2034166667	0.193932177519	
1	2018/5/1 17:49:37	248.0535	28.9794444444	706269.25	1	240.169625	-15.8408333333	38.870625	15.2180277778	0.204317450469	
1	2018/5/1 17:59:37	242.393291667	-7.03766666667	706380.75	1	240.257291667	-15.8606944444	38.8772916667	15.2201111111	0.205801060886	
1	2018/5/1 18:09:37	235.631791667	-42.9295833333	718458.375	1	240.344916667	-15.8805	38.8839166667	15.2221944444	0.207284671297	
1	2018/5/1 18:19:37	204.583125	-76.9076388889	729441.4375	1	240.432583333	-15.90025	38.8905416667	15.2242777778	0.208768281726	
1	2018/5/1 19:29:37	247.382	24.9653888889	705652.0	1	241.046291667	-16.0375555556	38.9370416667	15.2388611111	0.219153554716	
1	2018/5/1 19:39:37	241.859916667	-11.0573888889	707252.25	1	241.134	-16.0570277778	38.9436666667	15.2409444444	0.220637165125	
1	2018/5/1 19:49:37	234.529875	-46.9024166667	720070.125	1	241.221708333	-16.0764444444	38.9503333333	15.2430277778	0.222120775515	
1	2018/5/1 21:09:37	246.757375	20.9482777778	705165.1875	1	241.923541667	-16.2304722222	39.0034583333	15.2596944444	0.233989658913	
1	2018/5/1 21:19:37	241.309833333	-15.0753333333	708284.25	1	242.011291667	-16.2495555556	39.0100833333	15.2617777778	0.235473269341	
1	2018/5/1 21:29:37	233.240791667	-50.8609166667	721641.9375	1	242.099041667	-16.2686111111	39.01675	15.2638611111	0.236956879752	
1	2018/5/1 22:49:37	246.169125	16.9289444444	704825.0	1	242.801291667	-16.4195555556	39.069875	15.2805277778	0.248825763131	
1	2018/5/1 22:59:37	240.736	-19.0909444444	709463.1875	1	242.889125	-16.43825	39.0765416667	15.2825833333	0.250309373601	
1	2018/5/1 23:09:37	231.700291667	-54.8003055556	723147.1875	1	242.976916667	-16.4569166667	39.0831666667	15.2846666667	0.251792983988	
1	2018/5/2 00:29:37	245.608416667	12.9080277778	704644.875	1	243.679666667	-16.6047777778	39.1363333333	15.3013055556	0.263661867381	
1	2018/5/2 00:39:37	240.13025	-23.1036388889	710772.1875	1	243.767541667	-16.6230833333	39.1429583333	15.3033888889	0.265145477821	
1	2018/5/2 00:49:37	229.813208333	-58.7134166667	724560.125	1	243.855375	-16.6413611111	39.149625	15.3054722222	0.266629088253	
1	2018/5/2 02:09:37	245.06775	8.88613888889	704635.25	1	244.558541667	-16.7860833333	39.20275	15.3220833333	0.278497971596	
1	2018/5/2 02:19:37	239.483083333	-27.1127222222	712191.9375	1	244.646458333	-16.804	39.2094166667	15.3241666667	0.279981582023	
1	2018/5/2 02:29:37	227.433166667	-62.5890277778	725856.5	1	244.734375	-16.8218888889	39.2160416667	15.3262222222	0.281465192457	
1	2018/5/2 03:39:37	251.065083333	40.8295277778	708648.4375	1	245.35	-16.9458888889	39.2625833333	15.34075	0.291850465418	
1	2018/5/2 03:49:37	244.540375	4.86372222222	704803.25	1	245.437958333	-16.9634444444	39.2692083333	15.3428333333	0.293334075842	
1	2018/5/2 03:59:37	238.78275	-31.1173055556	713700.4375	1	245.525958333	-16.9809722222	39.275875	15.3449166667	0.294817686217	
1	2018/5/2 04:09:37	224.324	-66.4087777778	727014.0	1	245.613916667	-16.9984444444	39.2825416667	15.3469722222	0.29630129666	
1	2018/5/2 05:19:37	250.164291667	36.83125	707761.0	1	246.229916667	-17.1196944444	39.3290416667	15.3615	0.306686569651	
1	2018/5/2 05:29:37	244.020125	0.841333333333	705152.5	1	246.317916667	-17.1368611111	39.3357083333	15.3635555556	0.308170180065	
1	2018/5/2 05:39:37	238.014708333	-35.1163611111	715273.9375	1	246.405958333	-17.1539722222	39.3423333333	15.3656388889	0.309653790439	
1	2018/5/2 05:49:37	220.084708333	-70.1405	728012.5	1	246.494	-17.1710555556	39.349	15.3676944444	0.311137400862	
1	2018/5/2 06:59:37	249.360041667	32.8261944444	706943.5625	1	247.110333333	-17.2894722222	39.3955416667	15.3821944444	0.321522673879	
1	2018/5/2 07:09:37	243.501208333	-3.18061111111	705683.0625	1	247.198416667	-17.30625	39.4021666667	15.3842777778	0.323006284251	
1	2018/5/2 07:19:37	237.160416667	-39.1085277778	716887.0	1	247.286458333	-17.3229444444	39.4088333333	15.3863333333	0.324489894745	
1	2018/5/2 07:29:37	213.996375	-73.7236388889	728834.8125	1	247.374541667	-17.3396388889	39.4154583333	15.3884166667	0.325973505157	
1	2018/5/2 08:39:37	248.631375	28.8159166667	706218.3125	1	247.99125	-17.45525	39.4620416667	15.4028888889	0.336358778082	
1	2018/5/2 08:49:37	242.97775	-7.20169444444	706391.4375	1	248.079375	-17.4715833333	39.4686666667	15.4049722222	0.337842388473	
1	2018/5/2 08:59:37	236.195375	-43.092	718513.25	1	248.1675	-17.4879166667	39.4753333333	15.4070277778	0.339325998898	
1	2018/5/2 09:09:37	204.719625	-77.0345833333	729466.625	1	248.255625	-17.5041666667	39.4819583333	15.4091111111	0.340809609356	
1	2018/5/2 10:19:37	247.961916667	24.8016666667	705605.75	1	248.872666667	-17.6169444444	39.5285416667	15.4235555556	0.351194882342	
1	2018/5/2 10:29:37	242.44375	-11.2214166667	707270.5	1	248.960833333	-17.6328888889	39.5351666667	15.4256388889	0.352678492775	
1	2018/5/2 10:39:37	235.086708333	-47.0643888889	720125.5	1	249.049	-17.6487777778	39.5418333333	15.4276944444	0.354162103112	
1	2018/5/2 11:59:37	247.338916667	20.7843888889	705124.5	1	249.754541667	-17.7745555556	39.5950416667	15.4442222222	0.36603098657	
1	2018/5/2 12:09:37	241.892791667	-15.2393333333	708309.8125	1	249.84275	-17.7900833333	39.6017083333	15.4462777778	0.367514596966	
1	2018/5/2 12:19:37	233.788708333	-51.02225	721696.8125	1	249.930958333	-17.8055833333	39.6083333333	15.4483333333	0.368998207355	
1	2018/5/2 13:39:37	246.751916667	16.7649166667	704790.5625	1	250.636875	-17.9280277778	39.6615416667	15.4648611111	0.380867090792	
1	2018/5/2 13:49:37	241.31775	-19.2549166667	709495.375	1	250.725125	-17.9431666667	39.6682083333	15.4669166667	0.382350701189	
1	2018/5/2 13:59:37	232.236041667	-54.9607777778	723200.5	1	250.813416667	-17.9582222222	39.674875	15.4689722222	0.38383431164	
1	2018/5/2 15:19:37	246.192125	12.7438888889	704617.375	1	251.519666667	-18.0773611111	39.7280833333	15.4854722222	0.395703194961	
1	2018/5/2 15:29:37	240.7105	-23.2675277778	710810.5	1	251.607958333	-18.0920833333	39.73475	15.4875277778	0.397186805426	
1	2018/5/2 15:39:37	230.332041667	-58.8726111111	724610.875	1	251.69625	-18.10675	39.7414166667	15.4895833333	0.398670415853	
1	2018/5/2 16:59:37	245.652041667	8.72186111111	704615.125	1	252.402875	-18.2225277778	39.794625	15.5060555556	0.410539299193	
1	2018/5/2 17:09:37	240.061333333	-27.2765	712235.5625	1	252.491208333	-18.2368333333	39.8012916667	15.5081111111	0.412022909603	
1	2018/5/2 17:19:37	227.927416667	-62.7464166667	725903.8125	1	252.579541667	-18.2510833333	39.8079583333	15.5101666667	0.41350652004	
1	2018/5/2 18:29:37	251.632541667	40.6665277778	708588.8125	1	253.198083333	-18.3496111111	39.8545416667	15.5245555556	0.423891793023	
1	2018/5/2 18:39:37	245.125041667	4.69941666667	704790.875	1	253.286458333	-18.3635	39.8612083333	15.5266111111	0.425375403423	
1	2018/5/2 18:49:37	239.358458333	-31.2809444444	713748.625	1	253.374833333	-18.3773888889	39.867875	15.5286666667	0.426859013841	
1	2018/5/2 18:59:37	224.781208333	-66.5633333333	727056.9375	1	253.463208333	-18.3911944444	39.8745	15.5307222222	0.428342624307	
1	2018/5/2 20:09:37	250.736083333	36.6678888889	707703.25	1	254.082041667	-18.4867777778	39.921125	15.5451111111	0.438727897284	
1	2018/5/2 20:19:37	244.604958333	0.676944444444	705148.0625	1	254.170416667	-18.50025	39.9277916667	15.5471666667	0.440211507629	
1	2018/5/2 20:29:37	238.58725	-35.2798055556	715325.6875	1	254.258875	-18.5136944444	39.9344166667	15.5492222222	0.441695118097	
1	2018/5/2 20:39:37	220.483083333	-70.2904444444	728050.375	1	254.347291667	-18.5271111111	39.9410833333	15.5512777778	0.443178728527	
1	2018/5/2 21:49:37	249.93525	32.6625	706888.6875	1	254.966333333	-18.6196944444	39.9877083333	15.5656388889	0.453564001472	
1	2018/5/2 21:59:37	244.085916667	-3.34505555556	705686.625	1	255.054791667	-18.63275	39.9943333333	15.5676944444	0.455047611913	
1	2018/5/2 22:09:37	237.728916667	-39.2716944444	716941.3125	1	255.14325	-18.6457777778	40.001	15.56975	0.456531222327	
1	2018/5/2 22:19:37	214.295916667	-73.8654722222	728866.9375	1	255.231708333	-18.65875	40.0076666667	15.5718055556	0.458014832749	
1	2018/5/2 23:29:37	249.209208333	28.652	706167.3125	1	255.850958333	-18.7483611111	40.0542916667	15.5861388889	0.468400105682	
1	2018/5/2 23:39:37	243.562083333	-7.36613888889	706402.9375	1	255.939458333	-18.761	40.0609583333	15.5881944444	0.469883716111	
1	2018/5/2 23:49:37	236.758625	-43.2548333333	718569.0625	1	256.027958333	-18.7735833333	40.0675833333	15.59025	0.471367326529	
1	2018/5/2 23:59:37	204.845875	-77.1609444444	729492.4375	1	256.116416667	-18.7861388889	40.07425	15.5923055556	0.472850936976	
1	2018/5/3 01:09:37	248.541875	24.6375277778	705559.625	1	256.735958333	-18.87275	40.120875	15.6066388889	0.483236209881	
1	2018/5/3 01:19:37	243.027458333	-11.3858611111	707289.6875	1	256.824458333	-18.8849444444	40.1275416667	15.6086944444	0.484719820313	
1	2018/5/3 01:29:37	235.643125	-47.2267222222	720181.875	1	256.912958333	-18.8971111111	40.1342083333	15.6107222222	0.48620343076	
1	2018/5/3 02:49:37	247.920458333	20.6200833333	705084.0	1	257.621208333	-18.9928333333	40.1875	15.6271111111	0.498072314145	
1	2018/5/3 02:59:37	242.475625	-15.4037777778	708336.1875	1	257.70975	-19.0045833333	40.1941666667	15.6291666667	0.499555924567	
1	2018/5/3 03:09:37	234.336041667	-51.1839722222	721752.625	1	257.798291667	-19.0163055556	40.2008333333	15.6311944444	0.501039534963	
1	2018/5/3 04:29:37	247.334666667	16.6004444444	704756.4375	1	258.50675	-19.1085833333	40.254125	15.6475555556	0.512908418364	
1	2018/5/3 04:39:37	241.899416667	-19.4192777778	709528.625	1	258.595333333	-19.1199166667	40.2607916667	15.6496111111	0.514392028804	
1	2018/5/3 04:49:37	232.771041667	-55.1215833333	723254.6875	1	258.683875	-19.1311944444	40.2674583333	15.6516388889	0.515875639199	
1	2018/5/3 06:09:37	246.775791667	12.5793055556	704590.25	1	259.392541667	-19.2199722222	40.32075	15.6679722222	0.527744522555	
1	2018/5/3 06:19:37	241.290583333	-23.4318333333	710849.8125	1	259.481125	-19.2308888889	40.3274166667	15.6700277778	0.529228133024	
1	2018/5/3 06:29:37	230.849791667	-59.0321666667	724662.5	1	259.569708333	-19.24175	40.3340833333	15.6720555556	0.530711743436	
1	2018/5/3 07:49:37	246.236333333	8.55719444444	704595.5625	1	260.278541667	-19.3270277778	40.3874166667	15.6883888889	0.542580626851	
1	2018/5/3 07:59:37	240.639416667	-27.4406944444	712280.25	1	260.367166667	-19.3375	40.3940833333	15.6904166667	0.544064237238	
1	2018/5/3 08:09:37	228.420166667	-62.9040833333	725951.875	1	260.45575	-19.3479166667	40.40075	15.6924722222	0.545547847701	
1	2018/5/3 09:19:37	252.200083333	40.5031111111	708528.9375	1	261.076125	-19.4196388889	40.4474166667	15.7067222222	0.555933120637	
1	2018/5/3 09:29:37	245.709666667	4.53466666667	704779.125	1	261.16475	-19.4296944444	40.4540416667	15.7087777778	0.557416731014	
1	2018/5/3 09:39:37	239.934	-31.445	713797.75	1	261.253375	-19.4397222222	40.4607083333	15.7108055556	0.558900341469	
1	2018/5/3 09:49:37	225.236166667	-66.7181388889	727100.625	1	261.342	-19.4497222222	40.467375	15.7128333333	0.560383951883	
1	2018/5/3 10:59:37	251.307958333	36.5040833333	707645.25	1	261.962458333	-19.5183611111	40.5140833333	15.7271111111	0.570769224846	
1	2018/5/3 11:09:37	245.189708333	0.512138888889	705144.3125	1	262.051125	-19.528	40.52075	15.7291388889	0.572252835327	
1	2018/5/3 11:19:37	239.159583333	-35.4436388889	715378.4375	1	262.13975	-19.5375833333	40.5274166667	15.7311666667	0.573736445687	
1	2018/5/3 11:29:37	220.877875	-70.4405	728088.9375	1	262.228416667	-19.5471111111	40.5340833333	15.7331944444	0.575220056126	
1	2018/5/3 12:39:37	250.5105	32.4984166667	706833.75	1	262.848958333	-19.6126944444	40.58075	15.7474444444	0.585605329057	
1	2018/5/3 12:49:37	244.670541667	-3.50988888889	705691.0	1	262.937625	-19.6218611111	40.5874166667	15.7494722222	0.587088939487	
1	2018/5/3 12:59:37	238.297083333	-39.4352777778	716996.625	1	263.026291667	-19.6310277778	40.5940833333	15.7515	0.588572549911	
1	2018/5/3 13:09:37	214.589416667	-74.0072222222	728899.6875	1	263.114958333	-19.6401111111	40.60075	15.7535555556	0.590056160366	
1	2018/5/3 14:19:37	249.787083333	28.4876388889	706116.375	1	263.735583333	-19.7025833333	40.6474166667	15.7677777778	0.600441433306	
1	2018/5/3 14:29:37	244.146333333	-7.531	706415.25	1	263.82425	-19.7113333333	40.6540833333	15.7698055556	0.601925043712	
1	2018/5/3 14:39:37	237.321541667	-43.4180277778	718625.9375	1	263.912916667	-19.7200555556	40.6607916667	15.7718333333	0.603408654195	
1	2018/5/3 14:49:37	204.961541667	-77.2867222222	729518.875	1	264.001625	-19.7286944444	40.6674583333	15.7738611111	0.604892264575	
1	2018/5/3 15:59:37	249.121791667	24.4729722222	705513.5625	1	264.622291667	-19.7880833333	40.714125	15.7880833333	0.615277537544	
1	2018/5/3 16:09:37	243.611125	-11.5507222222	707309.6875	1	264.711	-19.7963888889	40.7207916667	15.7901111111	0.616761147988	
1	2018/5/3 16:19:37	236.199083333	-47.3894444444	720239.1875	1	264.799666667	-19.8046388889	40.7274583333	15.7921388889	0.618244758379	
1	2018/5/3 17:39:37	248.502	20.4553611111	705043.75	1	265.509083333	-19.8691111111	40.7808333333	15.8083611111	0.630113641726	
1	2018/5/3 17:49:37	243.058375	-15.5685833333	708363.5625	1	265.59775	-19.8769722222	40.7875416667	15.8103888889	0.631597252158	
1	2018/5/3 17:59:37	234.882791667	-51.3460277778	721809.3125	1	265.686458333	-19.8848055556	40.7942083333	15.8124166667	0.633080862628	
1	2018/5/3 19:19:37	247.917416667	16.4355833333	704722.6875	1	266.395875	-19.9457222222	40.8475833333	15.8286111111	0.644949745958	
1	2018/5/3 19:29:37	242.480958333	-19.5840833333	709562.75	1	266.484583333	-19.9531388889	40.85425	15.8306388889	0.646433356415	
1	2018/5/3 19:39:37	233.305291667	-55.28275	723309.8125	1	266.57325	-19.9605	40.8609166667	15.8326666667	0.647916966834	
1	2018/5/3 20:59:37	247.359416667	12.4143055556	704563.625	1	267.282708333	-20.0178611111	40.9142916667	15.8488611111	0.659785850181	
1	2018/5/3 21:09:37	241.870541667	-23.5965277778	710890.125	1	267.371375	-20.0248333333	40.921	15.8508888889	0.66126946065	
1	2018/5/3 21:19:37	231.3665	-59.1920555556	724714.9375	1	267.460083333	-20.03175	40.9276666667	15.8528888889	0.662753071072	
1	2018/5/3 22:39:37	246.820583333	8.39211111111	704576.5	1	268.1695	-20.0855277778	40.9810416667	15.8690833333	0.674621954432	
1	2018/5/3 22:49:37	241.217333333	-27.6052777778	712325.9375	1	268.258166667	-20.0920555556	40.98775	15.8710833333	0.676105564851	
1	2018/5/3 22:59:37	228.911416667	-63.0620555556	726000.75	1	268.346833333	-20.0985277778	40.9944166667	15.8731111111	0.677589175294	
1	2018/5/4 00:09:37	252.767708333	40.33925	708468.75	1	268.967541667	-20.1426111111	41.041125	15.88725	0.687974448212	
1	2018/5/4 00:19:37	246.294291667	4.3695	704768.0	1	269.05625	-20.14875	41.0478333333	15.8892777778	0.689458058696	
1	2018/5/4 00:29:37	240.509375	-31.6094166667	713847.9375	1	269.144916667	-20.1548055556	41.0545	15.8913055556	0.690941669072	
1	2018/5/4 00:39:37	225.688833333	-66.8731388889	727145.125	1	269.233583333	-20.1608611111	41.0611666667	15.8933055556	0.692425279514	
1	2018/5/4 01:49:37	251.879875	36.3398611111	707587.125	1	269.854208333	-20.2018055556	41.1079166667	15.9074444444	0.702810552455	
1	2018/5/4 01:59:37	245.774375	0.346944444444	705141.3125	1	269.942875	-20.2074722222	41.1145833333	15.9094444444	0.704294162914	
1	2018/5/4 02:09:37	239.731666667	-35.6078888889	715432.1875	1	270.031541667	-20.2131111111	41.12125	15.9114722222	0.705777773339	
1	2018/5/4 02:19:37	221.268958333	-70.5906944444	728128.1875	1	270.120208333	-20.2186944444	41.1279583333	15.9134722222	0.707261383743	
1	2018/5/4 03:29:37	251.08575	32.3338888889	706778.75	1	270.74075	-20.2565	41.1747083333	15.9275833333	0.717646656687	
1	2018/5/4 03:39:37	245.255083333	-3.67513888889	705696.125	1	270.829416667	-20.2617222222	41.181375	15.9296111111	0.719130267147	
1	2018/5/4 03:49:37	238.865	-39.5992222222	717052.9375	1	270.918041667	-20.2669166667	41.1880416667	15.9316111111	0.720613877564	
1	2018/5/4 03:59:37	214.876708333	-74.1488611111	728933.125	1	271.006708333	-20.2720277778	41.1947083333	15.9336388889	0.722097487931	
1	2018/5/4 05:09:37	250.364958333	28.3228611111	706065.5	1	271.627166667	-20.3067222222	41.2415	15.9477222222	0.732482760891	
1	2018/5/4 05:19:37	244.730541667	-7.69625	706428.4375	1	271.715791667	-20.3115	41.2481666667	15.94975	0.733966371354	
1	2018/5/4 05:29:37	237.884083333	-43.5816388889	718683.75	1	271.804416667	-20.3162222222	41.2548333333	15.95175	0.735449981816	
1	2018/5/4 05:39:37	205.066375	-77.4118888889	729545.9375	1	271.893083333	-20.3209166667	41.2615	15.9537777778	0.736933592189	
1	2018/5/4 06:49:37	249.701708333	24.3079722222	705467.75	1	272.513416667	-20.3524444444	41.3082916667	15.9678333333	0.747318865107	
1	2018/5/4 06:59:37	244.194666667	-11.716	707330.6875	1	272.602041667	-20.3567777778	41.3149583333	15.9698611111	0.748802475553	
1	2018/5/4 07:09:37	236.754625	-47.5525555556	720297.4375	1	272.690625	-20.3610555556	41.3216666667	15.9718611111	0.750286085991	
1	2018/5/4 08:29:37	249.0835	20.2901944444	705003.75	1	273.399458333	-20.3936666667	41.3750833333	15.9879444444	0.762154969396	
1	2018/5/4 08:39:37	243.641	-15.7338333333	708391.875	1	273.488041667	-20.3975555556	41.3817916667	15.9899444444	0.763638579751	
1	2018/5/4 08:49:37	235.429	-51.5084722222	721867.0	1	273.576625	-20.4013888889	41.3884583333	15.9919444444	0.765122190183	
1	2018/5/4 10:09:37	248.500125	16.2702777778	704689.3125	1	274.28525	-20.4304166667	41.4419166667	16.008	0.776991073578	
1	2018/5/4 10:19:37	243.062375	-19.74925	709597.9375	1	274.373833333	-20.4338611111	41.448625	16.0100277778	0.778474684053	
1	2018/5/4 10:29:37	233.83875	-55.44425	723365.75	1	274.462375	-20.43725	41.4552916667	16.0120277778	0.77995829443	
1	2018/5/4 11:49:37	247.943	12.2489166667	704537.4375	1	275.170791667	-20.4626944444	41.50875	16.0280555556	0.791827177803	
1	2018/5/4 11:59:37	242.450333333	-23.7616388889	710931.4375	1	275.259333333	-20.4656666667	41.5154583333	16.0300555556	0.793310788237	
1	2018/5/4 12:09:37	231.882125	-59.35225	724768.3125	1	275.347875	-20.4685833333	41.522125	16.0320833333	0.794794398697	
1	2018/5/4 13:29:37	247.40475	8.22661111111	704558.0	1	276.056041667	-20.4904444444	41.575625	16.0480833333	0.806663282081	
1	2018/5/4 13:39:37	241.795083333	-27.7702777778	712372.625	1	276.144541667	-20.4929722222	41.5822916667	16.0500833333	0.808146892501	
1	2018/5/4 13:49:37	229.401125	-63.2203055556	726050.5	1	276.233041667	-20.4954722222	41.589	16.0521111111	0.809630502917	
1	2018/5/4 14:59:37	253.335416667	40.1749722222	708408.25	1	276.8525	-20.5116111111	41.6357916667	16.0661111111	0.820015775842	
1	2018/5/4 15:09:37	246.878791667	4.20391666667	704757.5	1	276.940958333	-20.5137222222	41.6424583333	16.0681111111	0.82149938627	
1	2018/5/4 15:19:37	241.0845	-31.77425	713899.1875	1	277.029458333	-20.5158055556	41.6491666667	16.0701111111	0.82298299672	
1	2018/5/4 15:29:37	226.139125	-67.0283888889	727190.3125	1	277.117916667	-20.5178333333	41.6558333333	16.0721111111	0.824466607152	
1	2018/5/4 16:39:37	252.451833333	36.1752222222	707528.875	1	277.737125	-20.5308333333	41.7026666667	16.0860833333	0.83485188011	
1	2018/5/4 16:49:37	246.359041667	0.181305555556	705139.0625	1	277.825541667	-20.5325277778	41.7093333333	16.0880833333	0.836335490528	
1	2018/5/4 16:59:37	240.3035	-35.7725	715486.9375	1	277.914	-20.5341666667	41.7160416667	16.0900833333	0.83781910093	
1	2018/5/4 17:09:37	221.656333333	-70.7409722222	728168.1875	1	278.002416667	-20.53575	41.7227083333	16.0920833333	0.839302711388	
1	2018/5/4 18:19:37	251.661041667	32.1689444444	706723.6875	1	278.621333333	-20.5456111111	41.7695416667	16.1060555556	0.84968798435	
1	2018/5/4 18:29:37	245.839583333	-3.84080555556	705702.0625	1	278.70975	-20.5468333333	41.7762083333	16.1080555556	0.851171594771	
1	2018/5/4 18:39:37	239.432625	-39.7635833333	717110.3125	1	278.798125	-20.5480277778	41.7829166667	16.1100555556	0.852655205182	
1	2018/5/4 18:49:37	215.157583333	-74.2903333333	728967.1875	1	278.886541667	-20.5491666667	41.7895833333	16.1120555556	0.854138815613	
1	2018/5/4 19:59:37	250.942833333	28.1576666667	706014.6875	1	279.505166667	-20.5558888889	41.8364166667	16.126	0.864524088557	
1	2018/5/4 20:09:37	245.314625	-7.86194444444	706442.5	1	279.593541667	-20.5566666667	41.843125	16.128	0.866007698944	
1	2018/5/4 20:19:37	238.44625	-43.7456111111	718742.5625	1	279.681875	-20.5574166667	41.8497916667	16.13	0.867491309379	
1	2018/5/4 20:29:37	205.160083333	-77.5363888889	729573.5625	1	279.77025	-20.5580833333	41.8565	16.132	0.868974919791	
1	2018/5/4 21:39:37	250.281625	24.1425833333	705422.0625	1	280.388583333	-20.5616944444	41.9033333333	16.1459444444	0.879360192764	
1	2018/5/4 21:49:37	244.778125	-11.8816666667	707352.5625	1	280.476875	-20.5620277778	41.9100416667	16.1479166667	0.880843803208	
1	2018/5/4 21:59:37	237.309666667	-47.7160277778	720356.6875	1	280.565208333	-20.5623055556	41.9167083333	16.1499166667	0.882327413576	
1	2018/5/4 23:19:37	249.665	20.1246388889	704964.0625	1	281.2715	-20.5630277778	41.97025	16.1658333333	0.894196296991	
1	2018/5/4 23:29:37	244.223541667	-15.8994722222	708421.1875	1	281.359791667	-20.5629166667	41.9769583333	16.1678333333	0.895679907436	
1	2018/5/4 23:39:37	235.974583333	-51.6712777778	721925.5625	1	281.448041667	-20.5627777778	41.983625	16.1698055556	0.897163517827	
1	2018/5/5 00:59:37	249.082791667	16.1045833333	704656.375	1	282.153958333	-20.5599166667	42.0371666667	16.1857222222	0.909032401235	
1	2018/5/5 01:09:37	243.643625	-19.9148611111	709634.0625	1	282.242166667	-20.5593611111	42.043875	16.1877222222	0.910516011637	
1	2018/5/5 01:19:37	234.371458333	-55.6061111111	723422.6875	1	282.330375	-20.55875	42.0505833333	16.1896944444	0.911999622032	
1	2018/5/5 02:39:37	248.526583333	12.0830833333	704511.8125	1	283.035875	-20.5523333333	42.104125	16.2055833333	0.923868505471	
1	2018/5/5 02:49:37	243.03	-23.9271666667	710973.8125	1	283.124041667	-20.5513333333	42.1108333333	16.2075555556	0.925352115865	
1	2018/5/5 02:59:37	232.396625	-59.5127777778	724822.4375	1	283.212208333	-20.5503055556	42.1175	16.2095555556	0.92683572631	
1	2018/5/5 04:19:37	247.988916667	8.06069444444	704540.125	1	283.91725	-20.5403333333	42.1710833333	16.2254166667	0.93870460968	
1	2018/5/5 04:29:37	242.372666667	-27.9356666667	712420.4375	1	284.005375	-20.5388888889	42.17775	16.2274166667	0.940188220123	
1	2018/5/5 04:39:37	229.889208333	-63.3788611111	726101.0	1	284.093458333	-20.5373888889	42.1844583333	16.2293888889	0.941671830546	
1	2018/5/5 05:49:37	253.903208333	40.0102777778	708347.625	1	284.71	-20.5257222222	42.2313333333	16.24325	0.952057103467	
1	2018/5/5 05:59:37	247.463291667	4.03794444444	704747.75	1	284.798083333	-20.5238888889	42.2380416667	16.24525	0.953540713905	
1	2018/5/5 06:09:37	241.659458333	-31.9395	713951.5	1	284.886125	-20.522	42.24475	16.2472222222	0.955024324362	
1	2018/5/5 06:19:37	226.587041667	-67.1838611111	727236.3125	1	284.974166667	-20.5200555556	42.2514166667	16.2491944444	0.956507934766	
1	2018/5/5 07:29:37	253.023875	36.0101388889	707470.5	1	285.590291667	-20.5053055556	42.2982916667	16.2630555556	0.966893207715	
1	2018/5/5 07:39:37	246.943583333	0.01525	705137.5625	1	285.678291667	-20.503	42.305	16.2650277778	0.968376818099	
1	2018/5/5 07:49:37	240.875125	-35.9375277778	715542.8125	1	285.766291667	-20.5006944444	42.3117083333	16.2670277778	0.969860428584	
1	2018/5/5 07:59:37	222.039791667	-70.8913611111	728208.875	1	285.85425	-20.4983055556	42.3184166667	16.269	0.971344038977	
1	2018/5/5 09:09:37	252.236375	32.0035555556	706668.6875	1	286.469958333	-20.4804444444	42.3652916667	16.2828333333	0.981729311914	
1	2018/5/5 09:19:37	246.424	-4.00686111111	705708.875	1	286.557875	-20.4777222222	42.372	16.2848055556	0.983212922341	
1	2018/5/5 09:29:37	239.999958333	-39.9283055556	717168.6875	1	286.645791667	-20.4749444444	42.3787083333	16.2867777778	0.984696532776	
1	2018/5/5 09:39:37	215.431875	-74.4316666667	729001.875	1	286.733708333	-20.4721388889	42.385375	16.2887777778	0.98618014322	
1	2018/5/5 10:49:37	251.52075	27.9920555556	705964.0	1	287.348958333	-20.4511944444	42.4322916667	16.3025833333	0.996565416135	
1	2018/5/5 10:59:37	245.898625	-8.02802777778	706457.4375	1	287.436833333	-20.4480277778	42.439	16.3045555556	0.998049026594	
1	2018/5/5 11:09:37	239.008083333	-43.9099444444	718802.4375	1	287.524666667	-20.4448333333	42.4457083333	16.3065277778	0.999532636979	
1	2018/5/5 11:19:37	205.242375	-77.6602222222	729601.75	1	287.612541667	-20.4415833333	42.452375	16.3085277778	1.00101624746	
1	2018/5/5 12:29:37	250.861541667	23.9767777778	705376.625	1	288.227291667	-20.4175555556	42.4992916667	16.3223333333	1.01140152039	
1	2018/5/5 12:39:37	245.3615	-12.04775	707375.4375	1	288.315083333	-20.4139722222	42.506	16.3243055556	1.01288513085	
1	2018/5/5 12:49:37	237.864291667	-47.8798888889	720416.9375	1	288.402875	-20.4103055556	42.5127083333	16.3262777778	1.01436874122	
1	2018/5/5 14:09:37	250.246458333	19.9586388889	704924.75	1	289.104958333	-20.3795555556	42.5663333333	16.3420277778	1.02623762462	
1	2018/5/5 14:19:37	244.806	-16.0655277778	708451.5625	1	289.192666667	-20.3755	42.573	16.344	1.02772123508	
1	2018/5/5 14:29:37	236.519583333	-51.8344166667	721985.125	1	289.280375	-20.3714166667	42.5797083333	16.3459722222	1.02920484544	
1	2018/5/5 15:49:37	249.665458333	15.9384444444	704623.875	1	289.981875	-20.3371666667	42.6333333333	16.3617222222	1.04107372885	
1	2018/5/5 15:59:37	244.224791667	-20.0808611111	709671.3125	1	290.069541667	-20.3326944444	42.6400416667	16.3636944444	1.04255733925	
1	2018/5/5 16:09:37	234.903333333	-55.7683333333	723480.4375	1	290.157166667	-20.3281666667	42.64675	16.3656666667	1.04404094967	
1	2018/5/5 17:29:37	249.110083333	11.9168333333	704486.6875	1	290.858083333	-20.2904444444	42.700375	16.3813888889	1.05590983305	
1	2018/5/5 17:39:37	243.609541667	-24.0930833333	711017.25	1	290.945666667	-20.2855277778	42.7070833333	16.3833611111	1.05739344352	
1	2018/5/5 17:49:37	232.910041667	-59.6736111111	724877.5	1	291.03325	-20.2805833333	42.7137916667	16.3853333333	1.05887705389	
1	2018/5/5 19:09:37	248.573041667	7.89436111111	704522.9375	1	291.733541667	-20.2393888889	42.7674583333	16.4010555556	1.07074593731	
1	2018/5/5 19:19:37	242.950083333	-28.1014722222	712469.25	1	291.821041667	-20.2340277778	42.7741666667	16.403	1.07222954769	
1	2018/5/5 19:29:37	230.375708333	-63.5376666667	726152.3125	1	291.9085	-20.2286388889	42.7808333333	16.4049722222	1.07371315814	
1	2018/5/5 20:39:37	254.471083333	39.8451388889	708286.75	1	292.52075	-20.1897222222	42.8277916667	16.4186944444	1.08409843106	
1	2018/5/5 20:49:37	248.047708333	3.87152777778	704738.6875	1	292.608208333	-20.184	42.8345	16.4206666667	1.08558204154	
1	2018/5/5 20:59:37	242.23425	-32.1051111111	714004.8125	1	292.695625	-20.1782222222	42.8412083333	16.4226388889	1.08706565192	
1	2018/5/5 21:09:37	227.0325	-67.3395277778	727283.0	1	292.783041667	-20.1724166667	42.8479166667	16.4245833333	1.08854926234	
1	2018/5/5 22:19:37	253.595958333	35.8446388889	707412.0625	1	293.394708333	-20.1304722222	42.894875	16.4383055556	1.09893453532	
1	2018/5/5 22:29:37	247.528083333	-0.151194444444	705136.875	1	293.482083333	-20.1243333333	42.9015833333	16.4402777778	1.10041814572	
1	2018/5/5 22:39:37	241.4465	-36.1029444444	715599.6875	1	293.569416667	-20.1181111111	42.9082916667	16.4422222222	1.10190175618	
1	2018/5/5 22:49:37	222.419291667	-71.0418055556	728250.1875	1	293.65675	-20.1118611111	42.915	16.4441944444	1.10338536656	
1	2018/5/5 23:59:37	252.811708333	31.8377777778	706613.6875	1	294.267875	-20.0669444444	42.9619583333	16.4578888889	1.11377063955	
1	2018/5/6 00:09:37	247.008333333	-4.17336111111	705716.5625	1	294.355125	-20.0603611111	42.9686666667	16.4598611111	1.11525424995	
1	2018/5/6 00:19:37	240.567	-40.0934166667	717228.125	1	294.442375	-20.0537222222	42.975375	16.4618055556	1.11673786043	
1	2018/5/6 00:29:37	215.699458333	-74.5728333333	729037.1875	1	294.529625	-20.0470555556	42.9820833333	16.4637777778	1.11822147082	
1	2018/5/6 01:39:37	252.098625	27.8260277778	705913.4375	1	295.140166667	-19.9991388889	43.0290416667	16.4774444444	1.12860674378	
1	2018/5/6 01:49:37	246.482583333	-8.19452777778	706473.375	1	295.227333333	-19.9921111111	43.0357916667	16.4794166667	1.13009035421	
1	2018/5/6 01:59:37	239.569541667	-44.0746944444	718863.3125	1	295.314541667	-19.9850555556	43.0425	16.4813611111	1.13157396459	
1	2018/5/6 03:19:37	251.441458333	23.8105277778	705331.5	1	296.011625	-19.9270833333	43.0961666667	16.497	1.14344284799	
1	2018/5/6 03:29:37	245.94475	-12.21425	707399.25	1	296.09875	-19.9196388889	43.102875	16.4989444444	1.1449264584	
1	2018/5/6 03:39:37	238.418458333	-48.0441111111	720478.1875	1	296.185833333	-19.9121666667	43.1095833333	16.5008888889	1.14641006886	
1	2018/5/6 04:59:37	250.827916667	19.79225	704885.8125	1	296.88225	-19.8507777778	43.1632916667	16.5165	1.15827895224	
1	2018/5/6 05:09:37	245.388291667	-16.232	708482.875	1	296.96925	-19.8429166667	43.17	16.5184722222	1.15976256268	
1	2018/5/6 05:19:37	237.063958333	-51.9979444444	722045.625	1	297.05625	-19.8350277778	43.1767083333	16.5204166667	1.16124617308	
1	2018/5/6 06:39:37	250.248083333	15.7719166667	704591.875	1	297.751958333	-19.7702777778	43.2304166667	16.536	1.17311505641	
1	2018/5/6 06:49:37	244.805833333	-20.24725	709709.5625	1	297.838916667	-19.762	43.237125	16.5379444444	1.17459866687	
1	2018/5/6 06:59:37	235.434375	-55.9308888889	723539.125	1	297.925791667	-19.7536666667	43.243875	16.5399166667	1.17608227732	
1	2018/5/6 08:19:37	249.693583333	11.7501944444	704462.1875	1	298.620833333	-19.6855833333	43.2975833333	16.5554722222	1.18795116069	
1	2018/5/6 08:29:37	244.188916667	-24.2593888889	711061.75	1	298.707666667	-19.6768888889	43.3042916667	16.5574166667	1.18943477107	
1	2018/5/6 08:39:37	233.422333333	-59.8347777778	724933.375	1	298.794458333	-19.6681388889	43.311	16.5593611111	1.19091838152	
1	2018/5/6 09:59:37	249.157083333	7.72761111111	704506.375	1	299.48875	-19.5967222222	43.3647083333	16.5749444444	1.20278726492	
1	2018/5/6 10:09:37	243.527375	-28.2676666667	712519.1875	1	299.5755	-19.5876111111	43.3714583333	16.5768888889	1.20427087534	
1	2018/5/6 10:19:37	230.860583333	-63.6967777778	726204.375	1	299.66225	-19.5784444444	43.3781666667	16.5788333333	1.2057544857	
1	2018/5/6 11:29:37	255.039041667	39.6795833333	708225.8125	1	300.269125	-19.5131944444	43.4251666667	16.5924166667	1.21613975868	
1	2018/5/6 11:39:37	248.632083333	3.70472222222	704730.4375	1	300.355791667	-19.5036944444	43.4319166667	16.5943611111	1.21762336913	
1	2018/5/6 11:49:37	242.808791667	-32.2711388889	714059.3125	1	300.442458333	-19.4941666667	43.438625	16.5963055556	1.21910697959	
1	2018/5/6 11:59:37	227.475416667	-67.4953888889	727330.4375	1	300.529083333	-19.4846111111	43.4453333333	16.59825	1.22059058997	
1	2018/5/6 13:09:37	254.168083333	35.6787222222	707353.625	1	301.135333333	-19.4164444444	43.492375	16.6118333333	1.23097586291	
1	2018/5/6 13:19:37	248.112541667	-0.318055555556	705137.0625	1	301.221916667	-19.4065555556	43.4990833333	16.6137777778	1.23245947332	
1	2018/5/6 13:29:37	242.017625	-36.2687222222	715657.6875	1	301.308458333	-19.3966111111	43.5057916667	16.6157222222	1.2339430838	
1	2018/5/6 13:39:37	222.79475	-71.1923611111	728292.25	1	301.395	-19.3866388889	43.5125	16.6176388889	1.23542669423	
1	2018/5/6 14:49:37	253.387083333	31.6715555556	706558.8125	1	302.000583333	-19.3156111111	43.5595416667	16.6312222222	1.24581196711	
1	2018/5/6 14:59:37	247.592625	-4.34025	705725.1875	1	302.087083333	-19.3053055556	43.56625	16.6331666667	1.2472955776	
1	2018/5/6 15:09:37	241.13375	-40.2589444444	717288.5625	1	302.173541667	-19.2949444444	43.573	16.6350833333	1.24877918805	
1	2018/5/6 16:29:37	252.676541667	27.6595555556	705863.125	1	302.864916667	-19.2106944444	43.62675	16.6505833333	1.26064807135	
1	2018/5/6 16:39:37	247.066458333	-8.36144444444	706490.25	1	302.951333333	-19.1999722222	43.6334583333	16.6525277778	1.2621316818	
1	2018/5/6 16:49:37	240.130625	-44.2398055556	718925.1875	1	303.037708333	-19.1892222222	43.6402083333	16.6544444444	1.26361529222	
1	2018/5/6 18:09:37	252.021333333	23.6438888889	705286.6875	1	303.728333333	-19.1016944444	43.6939583333	16.6699166667	1.27548417564	
1	2018/5/6 18:19:37	246.527958333	-12.3811388889	707424.125	1	303.814625	-19.0905555556	43.7007083333	16.6718611111	1.27696778604	
1	2018/5/6 18:29:37	238.972125	-48.2086944444	720540.375	1	303.900875	-19.0794166667	43.7074166667	16.6737777778	1.27845139647	
1	2018/5/6 19:49:37	251.409375	19.6254166667	704847.3125	1	304.59075	-18.9886666667	43.7612083333	16.68925	1.29032027981	
1	2018/5/6 19:59:37	245.9705	-16.3988611111	708515.3125	1	304.676958333	-18.9771388889	43.7679166667	16.6911666667	1.29180389024	
1	2018/5/6 20:09:37	237.60775	-52.1618333333	722107.0625	1	304.763125	-18.9655555556	43.774625	16.6931111111	1.2932875007	
1	2018/5/6 21:29:37	250.830708333	15.6049444444	704560.375	1	305.45225	-18.8716111111	43.8284166667	16.7085555556	1.3051563841	
1	2018/5/6 21:39:37	245.38675	-20.4140555556	709748.9375	1	305.538333333	-18.8596944444	43.8351666667	16.7104722222	1.30663999447	
1	2018/5/6 21:49:37	235.964625	-56.0937777778	723598.75	1	305.624416667	-18.8477222222	43.841875	16.7123888889	1.30812360486	
1	2018/5/6 23:09:37	250.277041667	11.5831111111	704438.375	1	306.31275	-18.7505555556	43.8956666667	16.7278333333	1.31999248828	
1	2018/5/6 23:19:37	244.768125	-24.4261111111	711107.375	1	306.39875	-18.73825	43.9024166667	16.72975	1.3214760987	
1	2018/5/6 23:29:37	233.933458333	-59.99625	724990.0625	1	306.48475	-18.7258888889	43.909125	16.7316666667	1.32295970915	
1	2018/5/7 00:49:37	249.741083333	7.56047222222	704490.5625	1	307.172333333	-18.6255555556	43.9629583333	16.7470833333	1.33482859251	
1	2018/5/7 00:59:37	244.104458333	-28.43425	712570.25	1	307.25825	-18.6128333333	43.9696666667	16.749	1.33631220292	
1	2018/5/7 01:09:37	231.34375	-63.8561388889	726257.25	1	307.344125	-18.6000833333	43.976375	16.7509166667	1.33779581335	
1	2018/5/7 02:19:37	255.607083333	39.5136111111	708164.6875	1	307.945125	-18.5096666667	44.0235	16.7643888889	1.34818108628	
1	2018/5/7 02:29:37	249.216416667	3.5375	704723.0	1	308.030916667	-18.4966111111	44.0302083333	16.7663055556	1.34966469676	
1	2018/5/7 02:39:37	243.383125	-32.4375555556	714114.875	1	308.11675	-18.4835	44.0369583333	16.7682222222	1.35114830716	
1	2018/5/7 02:49:37	227.915791667	-67.6514722222	727378.625	1	308.202541667	-18.4703611111	44.0436666667	16.7701388889	1.3526319176	
1	2018/5/7 03:59:37	254.74025	35.5123888889	707295.125	1	308.802833333	-18.3771944444	44.09075	16.7835833333	1.36301719057	
1	2018/5/7 04:09:37	248.696916667	-0.485333333333	705138.125	1	308.888583333	-18.36375	44.0975	16.7855277778	1.36450080094	
1	2018/5/7 04:19:37	242.5885	-36.4349166667	715716.75	1	308.974291667	-18.35025	44.1042083333	16.7874444444	1.36598441138	
1	2018/5/7 05:39:37	253.962458333	31.5049166667	706504.0	1	309.659625	-18.2408333333	44.1580416667	16.8027777778	1.37785329477	
1	2018/5/7 05:49:37	248.176791667	-4.50755555556	705734.75	1	309.74525	-18.227	44.1647916667	16.8046944444	1.37933690517	
1	2018/5/7 05:59:37	241.700208333	-40.4248333333	717350.125	1	309.830875	-18.2131111111	44.1715	16.8066111111	1.38082051563	
1	2018/5/7 07:19:37	253.254458333	27.4926944444	705813.0625	1	310.515416667	-18.1006111111	44.225375	16.8219444444	1.39268939903	
1	2018/5/7 07:29:37	247.650208333	-8.52875	706508.125	1	310.600958333	-18.0863611111	44.2320833333	16.8238611111	1.39417300943	
1	2018/5/7 07:39:37	240.691333333	-44.4053055556	718988.125	1	310.6865	-18.0720833333	44.2388333333	16.8257777778	1.39565661988	
1	2018/5/7 08:59:37	252.60125	23.4768055556	705242.1875	1	311.370291667	-17.9565277778	44.2926666667	16.8410833333	1.40752550324	
1	2018/5/7 09:09:37	247.111041667	-12.5484444444	707450.0625	1	311.455708333	-17.9419166667	44.2994166667	16.843	1.40900911365	
1	2018/5/7 09:19:37	239.525291667	-48.3736666667	720603.5625	1	311.541166667	-17.92725	44.3061666667	16.8449166667	1.41049272404	
1	2018/5/7 10:39:37	251.990791667	19.4581944444	704809.25	1	312.224208333	-17.8086388889	44.36	16.8602222222	1.4223616074	
1	2018/5/7 10:49:37	246.552625	-16.5661388889	708548.8125	1	312.309541667	-17.7936388889	44.36675	16.8621388889	1.42384521789	
1	2018/5/7 10:59:37	238.150916667	-52.3260833333	722169.4375	1	312.394875	-17.7786111111	44.3735	16.8640277778	1.4253288283	
1	2018/5/7 12:19:37	251.413291667	15.4375833333	704529.4375	1	313.077166667	-17.6569722222	44.427375	16.8793055556	1.43719771172	
1	2018/5/7 12:29:37	245.967541667	-20.5812777778	709789.4375	1	313.162416667	-17.6416111111	44.4340833333	16.8812222222	1.43868132211	
1	2018/5/7 12:39:37	236.494	-56.257	723659.1875	1	313.247666667	-17.6261944444	44.4408333333	16.8831388889	1.44016493251	
1	2018/5/7 13:59:37	250.860458333	11.4156388889	704415.125	1	313.929208333	-17.5015555556	44.4947083333	16.8983888889	1.4520338159	
1	2018/5/7 14:09:37	245.34725	-24.5932222222	711154.125	1	314.014333333	-17.4858055556	44.5014583333	16.9003055556	1.4535174263	
1	2018/5/7 14:19:37	234.443416667	-60.1580555556	725047.625	1	314.0995	-17.47	44.5081666667	16.9021944444	1.45500103676	
1	2018/5/7 15:39:37	250.325083333	7.39288888889	704475.5	1	314.780291667	-17.3423888889	44.5620833333	16.9174444444	1.46686992015	
1	2018/5/7 15:49:37	244.681333333	-28.6012222222	712622.375	1	314.865333333	-17.3262777778	44.5687916667	16.9193611111	1.46835353054	
1	2018/5/7 15:59:37	231.825208333	-64.0157777778	726310.9375	1	314.950416667	-17.3101111111	44.5755416667	16.92125	1.46983714093	
1	2018/5/7 17:09:37	256.175208333	39.3472222222	708103.5625	1	315.5455	-17.1959722222	44.6227083333	16.9345833333	1.48022241394	
1	2018/5/7 17:19:37	249.800666667	3.36983333333	704716.375	1	315.630458333	-17.1795277778	44.6294583333	16.9364722222	1.48170602438	
1	2018/5/7 17:29:37	243.957291667	-32.6043888889	714171.5	1	315.715416667	-17.1630555556	44.6361666667	16.9383888889	1.48318963476	
1	2018/5/7 18:49:37	255.3125	35.3456388889	707236.75	1	316.394833333	-17.0298333333	44.6900833333	16.9535833333	1.49505851813	
1	2018/5/7 18:59:37	249.28125	-0.653027777778	705140.0625	1	316.47975	-17.013	44.6968333333	16.9555	1.49654212862	
1	2018/5/7 19:09:37	243.159125	-36.6015	715776.9375	1	316.564625	-16.9961388889	44.7035833333	16.9573888889	1.498025739	
1	2018/5/7 20:29:37	254.537916667	31.3378888889	706449.4375	1	317.243291667	-16.8600277778	44.7575	16.9725833333	1.50989462235	
1	2018/5/7 20:39:37	248.760958333	-4.67527777778	705745.25	1	317.328125	-16.8428333333	44.76425	16.9744722222	1.51137823285	
1	2018/5/7 20:49:37	242.266333333	-40.5911111111	717412.75	1	317.412875	-16.8256111111	44.7709583333	16.9763611111	1.51286184319	
1	2018/5/7 22:09:37	253.832416667	27.3253888889	705763.25	1	318.090875	-16.6865833333	44.8249166667	16.9915555556	1.52473072662	
1	2018/5/7 22:19:37	248.233916667	-8.69647222222	706527.0625	1	318.175583333	-16.6690555556	44.8316666667	16.9934444444	1.526214337	
1	2018/5/7 22:29:37	241.251666667	-44.5711944444	719052.0625	1	318.260291667	-16.6514722222	44.838375	16.9953333333	1.52769794746	
1	2018/5/7 23:49:37	253.181125	23.3093055556	705198.125	1	318.937583333	-16.5095833333	44.8923333333	17.0104722222	1.5395668308	
1	2018/5/7 23:59:37	247.694	-12.7161666667	707477.0625	1	319.022208333	-16.4916944444	44.8990833333	17.0123888889	1.54105044128	
1	2018/5/8 00:09:37	240.078041667	-48.539	720667.75	1	319.106833333	-16.47375	44.9058333333	17.0142777778	1.54253405165	
1	2018/5/8 01:29:37	252.572208333	19.2905277778	704771.6875	1	319.783416667	-16.3290277778	44.95975	17.0294166667	1.55440293508	
1	2018/5/8 01:39:37	247.134625	-16.7338055556	708583.375	1	319.867958333	-16.3107777778	44.9665	17.0313055556	1.55588654552	
1	2018/5/8 01:49:37	238.693416667	-52.4906666667	722232.75	1	319.9525	-16.2925	44.97325	17.0331944444	1.55737015589	
1	2018/5/8 03:09:37	251.995833333	15.2698055556	704499.125	1	320.628458333	-16.1449444444	45.0272083333	17.0483055556	1.56923903929	
1	2018/5/8 03:19:37	246.548208333	-20.7488888889	709831.0	1	320.712916667	-16.1263333333	45.0339583333	17.0501944444	1.57072264974	
1	2018/5/8 03:29:37	237.022541667	-56.4205833333	723720.5625	1	320.797333333	-16.1076944444	45.0407083333	17.0520833333	1.57220626009	
1	2018/5/8 04:49:37	251.443833333	11.2477222222	704392.625	1	321.472625	-15.9573611111	45.0946666667	17.0671666667	1.58407514349	
1	2018/5/8 04:59:37	245.926166667	-24.7607222222	711202.0	1	321.557	-15.9384166667	45.1014166667	17.0690555556	1.58555875392	
1	2018/5/8 06:29:37	250.909	7.22488888889	704461.25	1	322.316	-15.7663333333	45.162125	17.0860277778	1.59891124777	
1	2018/5/8 06:39:37	245.258083333	-28.7686111111	712675.6875	1	322.400291667	-15.7470277778	45.168875	17.0879166667	1.60039485816	
1	2018/5/8 07:59:37	256.743416667	39.1803888889	708042.375	1	323.074375	-15.5914444444	45.222875	17.1029722222	1.61226374154	
1	2018/5/8 08:09:37	250.384875	3.20177777778	704710.625	1	323.158625	-15.5718611111	45.229625	17.1048611111	1.61374735201	
1	2018/5/8 08:19:37	244.531208333	-32.7715833333	714229.3125	1	323.242833333	-15.5522222222	45.236375	17.10675	1.6152309624	
1	2018/5/8 09:39:37	255.88475	35.1784444444	707178.375	1	323.916291667	-15.3939166667	45.290375	17.1217777778	1.62709984581	
1	2018/5/8 09:49:37	249.8655	-0.821138888889	705142.9375	1	324.000458333	-15.3739722222	45.297125	17.1236666667	1.6285834562	
1	2018/5/8 09:59:37	243.7295	-36.7684722222	715838.1875	1	324.084583333	-15.354	45.303875	17.1255555556	1.63006706663	
1	2018/5/8 11:19:37	255.113375	31.1703888889	706395.0	1	324.757458333	-15.193	45.357875	17.1405833333	1.64193595002	
1	2018/5/8 11:29:37	249.345	-4.84341666667	705756.8125	1	324.841541667	-15.17275	45.364625	17.1424444444	1.64341956043	
1	2018/5/8 11:39:37	242.832166667	-40.7577777778	717476.4375	1	324.925625	-15.1524166667	45.371375	17.1443333333	1.6449031708	
1	2018/5/8 12:59:37	254.410375	27.1576944444	705713.75	1	325.597916667	-14.9887777778	45.425375	17.1593333333	1.65677205425	
1	2018/5/8 13:09:37	248.8175	-8.86461111111	706547.0625	1	325.681916667	-14.9681666667	45.432125	17.1612222222	1.65825566469	
1	2018/5/8 13:19:37	241.811625	-44.7374444444	719117.0625	1	325.765916667	-14.9475277778	45.438875	17.1630833333	1.65973927511	
1	2018/5/8 14:39:37	253.761041667	23.1414166667	705154.4375	1	326.437666667	-14.7812222222	45.4929166667	17.1780833333	1.67160815841	
1	2018/5/8 14:49:37	248.276916667	-12.8842777778	707505.125	1	326.521583333	-14.7602777778	45.4996666667	17.1799444444	1.6730917689	
1	2018/5/8 16:19:37	253.153583333	19.1224444444	704734.6875	1	327.27675	-14.5704166667	45.5604583333	17.1968055556	1.68644426269	
1	2018/5/8 16:29:37	247.7165	-16.9018888889	708619.125	1	327.360625	-14.5491388889	45.5672083333	17.1986666667	1.68792787307	
1	2018/5/8 17:59:37	252.578375	15.1015833333	704469.4375	1	328.115208333	-14.3563611111	45.628	17.2155	1.70128036688	
1	2018/5/8 18:09:37	247.12875	-20.9168888889	709873.75	1	328.199	-14.3347777778	45.63475	17.2173611111	1.70276397731	
1	2018/5/8 19:39:37	252.027166667	11.0794166667	704370.8125	1	328.953	-14.1390833333	45.6955416667	17.2341666667	1.71611647112	
1	2018/5/8 19:49:37	246.504958333	-24.9286388889	711251.0	1	329.03675	-14.1171944444	45.7023333333	17.2360277778	1.71760008156	
1	2018/5/8 21:19:37	251.492875	7.0565	704447.75	1	329.79025	-13.9186666667	45.763125	17.2528055556	1.73095257538	
1	2018/5/8 21:29:37	245.834666667	-28.9363888889	712730.125	1	329.873958333	-13.8964444444	45.769875	17.2546666667	1.73243618578	
1	2018/5/8 22:49:37	257.311708333	39.0131388889	707981.1875	1	330.543291667	-13.7175833333	45.8239583333	17.2695555556	1.7443050692	
1	2018/5/8 22:59:37	250.969041667	3.03333333333	704705.75	1	330.626916667	-13.6950833333	45.8307083333	17.2714166667	1.74578867962	
1	2018/5/9 00:29:37	256.457083333	35.0108333333	707120.1875	1	331.3795	-13.4912222222	45.8915416667	17.2881666667	1.75914117334	
1	2018/5/9 00:39:37	250.449708333	-0.989638888889	705146.8125	1	331.463083333	-13.4684166667	45.8983333333	17.2900277778	1.7606247838	
1	2018/5/9 02:09:37	255.688833333	31.0025	706340.8125	1	332.215166667	-13.2618055556	45.9591666667	17.30675	1.77397727762	
1	2018/5/9 02:19:37	249.929	-5.01194444444	705769.3125	1	332.298708333	-13.2386944444	45.9659166667	17.3086111111	1.77546088802	
1	2018/5/9 03:49:37	254.988333333	26.9895555556	705664.625	1	333.050416667	-13.0293333333	46.0267916667	17.3253055556	1.78881338186	
1	2018/5/9 03:59:37	249.401041667	-9.03316666667	706568.125	1	333.133916667	-13.0059166667	46.0335416667	17.3271666667	1.79029699225	
1	2018/5/9 05:29:37	254.340916667	22.9730833333	705111.25	1	333.885208333	-12.7938611111	46.0944166667	17.3438333333	1.80364948606	
1	2018/5/9 07:09:37	253.734958333	18.9539722222	704698.25	1	334.719625	-12.5554444444	46.1620416667	17.3623611111	1.8184855903	
1	2018/5/9 08:49:37	253.160875	14.9329722222	704440.4375	1	335.553666667	-12.3141111111	46.2297083333	17.3808333333	1.83332169455	
1	2018/5/9 10:29:37	252.610458333	10.9106944444	704349.8125	1	336.387375	-12.0698611111	46.297375	17.3993055556	1.84815779875	
