1	2018/4/4 13:19:37	216.605958333	-0.230555555556	706191.6875	1	242.243916667	-16.14625	13.55	5.79916666667	0.689296147849	
1	2018/4/4 13:20:37	216.082166667	-3.83311111111	706726.375	1	242.252666667	-16.1481111111	13.550625	5.79944444444	0.689443898661	
1	2018/4/4 13:21:37	215.553958333	-7.43486111111	707399.125	1	242.261416667	-16.1499722222	13.55125	5.79969444444	0.689591649496	
1	2018/4/4 13:22:37	215.017083333	-11.0355	708204.5625	1	242.270166667	-16.1518333333	13.551875	5.79997222222	0.689739400329	
1	2018/4/4 13:23:37	214.466916667	-14.6346944444	709134.875	1	242.278875	-16.1536944444	13.5525416667	5.80022222222	0.689887151124	
1	2018/4/4 13:24:37	213.898416667	-18.2320833333	710180.375	1	242.287625	-16.1555555556	13.5531666667	5.8005	0.690034901931	
1	2018/4/4 13:25:37	213.305958333	-21.8272222222	711329.25	1	242.296375	-16.1574166667	13.5537916667	5.80075	0.690182652744	
1	2018/4/4 13:26:37	212.682958333	-25.4196666667	712567.9375	1	242.305125	-16.1592777778	13.5544166667	5.80102777778	0.690330403551	
1	2018/4/4 13:27:37	212.021708333	-29.0088333333	713881.3125	1	242.313875	-16.1611111111	13.5550416667	5.80127777778	0.690478154389	
1	2018/4/4 13:28:37	211.312875	-32.5940833333	715252.9375	1	242.322583333	-16.1629722222	13.5557083333	5.80155555556	0.690625905245	
1	2018/4/4 13:29:37	210.544958333	-36.1745277778	716665.0625	1	242.331333333	-16.1648333333	13.5563333333	5.80180555556	0.690773656064	
1	2018/4/4 13:30:37	209.7035	-39.7491944444	718099.1875	1	242.340083333	-16.1666944444	13.5569583333	5.80208333333	0.690921406857	
1	2018/4/4 13:31:37	208.769958333	-43.3166666667	719536.3125	1	242.348833333	-16.1685555556	13.5575833333	5.80233333333	0.691069157658	
1	2018/4/4 13:32:37	207.719958333	-46.8751944444	720957.0	1	242.357541667	-16.1703888889	13.5582083333	5.80261111111	0.691216908469	
1	2018/4/4 13:33:37	206.520958333	-50.4223888889	722341.8125	1	242.366291667	-16.17225	13.558875	5.80286111111	0.691364659302	
1	2018/4/4 13:34:37	205.128	-53.9548888889	723671.8125	1	242.375041667	-16.1741111111	13.5595	5.80313888889	0.691512410128	
1	2018/4/4 13:35:37	203.477666667	-57.4679722222	724928.3125	1	242.383791667	-16.1759722222	13.560125	5.80341666667	0.691660160937	
1	2018/4/4 13:36:37	201.477375	-60.9546111111	726093.8125	1	242.3925	-16.1778333333	13.56075	5.80366666667	0.691807911757	
1	2018/4/4 13:37:37	198.987166667	-64.4040833333	727151.875	1	242.40125	-16.1796666667	13.5614166667	5.80394444444	0.6919556626	
1	2018/4/4 13:38:37	195.786875	-67.7990555556	728087.3125	1	242.41	-16.1815277778	13.5620416667	5.80419444444	0.692103413397	
1	2018/4/4 14:44:37	226.546208333	49.6406944444	711035.1875	1	242.986916667	-16.3029722222	13.603875	5.82163888889	0.701854967461	
1	2018/4/4 14:45:37	225.380125	46.0800277778	710235.0	1	242.995666667	-16.3048055556	13.6045	5.82191666667	0.702002718274	
1	2018/4/4 14:46:37	224.355958333	42.5091944444	709446.125	1	243.004416667	-16.3066111111	13.6051666667	5.82216666667	0.702150469063	
1	2018/4/4 14:47:37	223.442875	38.9304722222	708685.4375	1	243.013166667	-16.3084444444	13.6057916667	5.82244444444	0.7022982199	
1	2018/4/4 14:48:37	222.617791667	35.3456111111	707969.75	1	243.021916667	-16.3102777778	13.6064166667	5.82269444444	0.702445970745	
1	2018/4/4 14:49:37	221.863083333	31.7558888889	707315.1875	1	243.030625	-16.3120833333	13.6070416667	5.82297222222	0.702593721543	
1	2018/4/4 14:50:37	221.164958333	28.1623888889	706737.125	1	243.039375	-16.3139166667	13.6076666667	5.82322222222	0.70274147235	
1	2018/4/4 14:51:37	220.512333333	24.5659166667	706249.875	1	243.048125	-16.31575	13.6083333333	5.8235	0.70288922315	
1	2018/4/4 14:52:37	219.896333333	20.9671388889	705866.3125	1	243.056875	-16.3175833333	13.6089583333	5.82375	0.703036974003	
1	2018/4/4 14:53:37	219.309375	17.3666111111	705597.75	1	243.065625	-16.3193888889	13.6095833333	5.82402777778	0.703184724806	
1	2018/4/4 14:54:37	218.745166667	13.7648333333	705453.8125	1	243.074375	-16.3212222222	13.6102083333	5.82427777778	0.703332475614	
1	2018/4/4 14:55:37	218.198208333	10.1622222222	705442.125	1	243.083083333	-16.3230555556	13.6108333333	5.82455555556	0.703480226397	
1	2018/4/4 14:56:37	217.6635	6.55913888889	705568.25	1	243.091833333	-16.3248611111	13.6115	5.82480555556	0.703627977238	
1	2018/4/4 14:57:37	217.136583333	2.95594444444	705835.5	1	243.100583333	-16.3266944444	13.612125	5.82508333333	0.703775728072	
1	2018/4/4 14:58:37	216.613125	-0.647027777778	706245.125	1	243.109333333	-16.3285	13.61275	5.82536111111	0.703923478937	
1	2018/4/4 14:59:37	216.089041667	-4.24952777778	706795.8125	1	243.118083333	-16.3303333333	13.613375	5.82561111111	0.704071229747	
1	2018/4/4 15:00:37	215.560041667	-7.85116666667	707484.125	1	243.126833333	-16.3321388889	13.6140416667	5.82588888889	0.704218980546	
1	2018/4/4 15:01:37	215.021875	-11.4516666667	708304.25	1	243.135541667	-16.3339722222	13.6146666667	5.82613888889	0.704366731356	
1	2018/4/4 15:02:37	214.469833333	-15.0506666667	709248.3125	1	243.144291667	-16.3358055556	13.6152916667	5.82641666667	0.704514482154	
1	2018/4/4 15:03:37	213.898875	-18.6478055556	710306.25	1	243.153041667	-16.3376111111	13.6159166667	5.82666666667	0.704662232997	
1	2018/4/4 15:04:37	213.303208333	-22.2426666667	711466.125	1	243.161791667	-16.3394444444	13.6165416667	5.82694444444	0.704809983796	
1	2018/4/4 15:05:37	212.676208333	-25.83475	712714.125	1	243.170541667	-16.34125	13.6172083333	5.82719444444	0.704957734633	
1	2018/4/4 15:06:37	212.009958333	-29.4235277778	714035.0625	1	243.179291667	-16.3430833333	13.6178333333	5.82747222222	0.705105485428	
1	2018/4/4 15:07:37	211.294916667	-33.00825	715412.125	1	243.188	-16.3448888889	13.6184583333	5.82772222222	0.705253236216	
1	2018/4/4 15:08:37	210.519291667	-36.5881111111	716827.6875	1	243.19675	-16.3467222222	13.6190833333	5.828	0.705400987115	
1	2018/4/4 15:09:37	209.668208333	-40.162	718263.125	1	243.2055	-16.3485277778	13.61975	5.82825	0.705548737941	
1	2018/4/4 15:10:37	208.722583333	-43.7285555556	719699.25	1	243.21425	-16.3503333333	13.620375	5.82852777778	0.705696488698	
1	2018/4/4 15:11:37	207.65725	-47.2859166667	721116.6875	1	243.223	-16.3521666667	13.621	5.82877777778	0.705844239563	
1	2018/4/4 15:12:37	206.438375	-50.8315833333	722496.125	1	243.23175	-16.3539722222	13.621625	5.82905555556	0.705991990318	
1	2018/4/4 15:13:37	205.019333333	-54.3621111111	723818.5	1	243.240458333	-16.3558055556	13.62225	5.82930555556	0.706139741146	
1	2018/4/4 15:14:37	203.333916667	-57.8725555556	725065.375	1	243.249208333	-16.3576111111	13.6229166667	5.82958333333	0.706287492002	
1	2018/4/4 15:15:37	201.285291667	-61.3555555556	726219.25	1	243.257958333	-16.3594166667	13.6235416667	5.82983333333	0.706435242819	
1	2018/4/4 15:16:37	198.726208333	-64.79975	727263.875	1	243.266708333	-16.36125	13.6241666667	5.83011111111	0.706582993613	
1	2018/4/4 15:17:37	195.424041667	-68.1868611111	728184.25	1	243.275458333	-16.3630555556	13.6247916667	5.83036111111	0.706730744455	
1	2018/4/4 16:23:37	226.470666667	49.2296666667	710943.6875	1	243.852583333	-16.4819722222	13.6666666667	5.84780555556	0.716482298523	
1	2018/4/4 16:24:37	225.322875	45.6676944444	710143.8125	1	243.861333333	-16.48375	13.6672916667	5.84808333333	0.716630049332	
1	2018/4/4 16:25:37	224.312958333	42.0958333333	709357.125	1	243.870083333	-16.4855555556	13.6679166667	5.84833333333	0.716777800093	
1	2018/4/4 16:26:37	223.411083333	38.5163333333	708600.6875	1	243.878833333	-16.4873333333	13.6685416667	5.84861111111	0.716925550961	
1	2018/4/4 16:27:37	222.594958333	34.9308333333	707891.0625	1	243.887583333	-16.4891111111	13.6692083333	5.84886111111	0.71707330179	
1	2018/4/4 16:28:37	221.847416667	31.3406388889	707244.4375	1	243.896291667	-16.4909166667	13.6698333333	5.84913888889	0.717221052573	
1	2018/4/4 16:29:37	221.155041667	27.74675	706676.0	1	243.905041667	-16.4926944444	13.6704583333	5.84938888889	0.717368803414	
1	2018/4/4 16:30:37	220.507083333	24.1499722222	706199.9375	1	243.913791667	-16.4944722222	13.6710833333	5.84966666667	0.717516554199	
1	2018/4/4 16:31:37	219.894791667	20.5509722222	705828.9375	1	243.922541667	-16.4962777778	13.6717083333	5.84994444444	0.717664305039	
1	2018/4/4 16:32:37	219.31075	16.9502777778	705574.125	1	243.931291667	-16.4980555556	13.672375	5.85019444444	0.717812055889	
1	2018/4/4 16:33:37	218.748833333	13.3483888889	705445.0	1	243.940041667	-16.4998333333	13.673	5.85047222222	0.71795980671	
1	2018/4/4 16:34:37	218.2035	9.74572222222	705448.8125	1	243.948791667	-16.5016388889	13.673625	5.85072222222	0.718107557474	
1	2018/4/4 16:35:37	217.669916667	6.14261111111	705590.9375	1	243.957541667	-16.5034166667	13.67425	5.851	0.718255308313	
1	2018/4/4 16:36:37	217.143625	2.53941666667	705874.5625	1	243.966291667	-16.5051944444	13.6749166667	5.85125	0.718403059172	
1	2018/4/4 16:37:37	216.620291667	-1.06352777778	706300.375	1	243.975041667	-16.5069722222	13.6755416667	5.85152777778	0.718550809946	
1	2018/4/4 16:38:37	216.095833333	-4.66591666667	706867.0625	1	243.98375	-16.50875	13.6761666667	5.85177777778	0.718698560748	
1	2018/4/4 16:39:37	215.566	-8.26747222222	707570.8125	1	243.9925	-16.5105555556	13.6767916667	5.85205555556	0.718846311563	
1	2018/4/4 16:40:37	215.026458333	-11.8678055556	708405.5625	1	244.00125	-16.5123333333	13.6774166667	5.85230555556	0.718994062418	
1	2018/4/4 16:41:37	214.4725	-15.4666111111	709363.25	1	244.01	-16.5141111111	13.6780833333	5.85258333333	0.719141813229	
1	2018/4/4 16:42:37	213.899	-19.0635277778	710433.5	1	244.01875	-16.5158888889	13.6787083333	5.85283333333	0.719289564053	
1	2018/4/4 16:43:37	213.300083333	-22.6580833333	711604.125	1	244.0275	-16.5176666667	13.6793333333	5.85311111111	0.719437314893	
1	2018/4/4 16:44:37	212.668958333	-26.2498333333	712861.3125	1	244.03625	-16.5194444444	13.6799583333	5.85336111111	0.719585065642	
1	2018/4/4 16:45:37	211.997583333	-29.8381666667	714189.5	1	244.045	-16.5212222222	13.6805833333	5.85363888889	0.71973281651	
1	2018/4/4 16:46:37	211.276166667	-33.4223611111	715571.875	1	244.05375	-16.523	13.68125	5.85388888889	0.719880567304	
1	2018/4/4 16:47:37	210.492666667	-37.0015833333	716990.5625	1	244.0625	-16.5248055556	13.681875	5.85416666667	0.720028318119	
1	2018/4/4 16:48:37	209.631708333	-40.5747222222	718427.0	1	244.071208333	-16.5265833333	13.6825	5.85441666667	0.720176068968	
1	2018/4/4 16:49:37	208.673625	-44.1403055556	719861.875	1	244.079958333	-16.5283611111	13.683125	5.85469444444	0.720323819783	
1	2018/4/4 16:50:37	207.592458333	-47.6964722222	721275.9375	1	244.088708333	-16.5301388889	13.6837916667	5.85494444444	0.720471570566	
1	2018/4/4 16:51:37	206.353083333	-51.2405833333	722649.6875	1	244.097458333	-16.5319166667	13.6844166667	5.85522222222	0.720619321377	
1	2018/4/4 16:52:37	204.907083333	-54.7690833333	723964.1875	1	244.106208333	-16.5336944444	13.6850416667	5.85547222222	0.720767072281	
1	2018/4/4 16:53:37	203.185375	-58.2768055556	725201.1875	1	244.114958333	-16.5354722222	13.6856666667	5.85575	0.720914823045	
1	2018/4/4 16:54:37	201.086458333	-61.7559722222	726343.25	1	244.123708333	-16.53725	13.6862916667	5.856	0.721062573907	
1	2018/4/4 16:55:37	198.455458333	-65.1946944444	727374.1875	1	244.132458333	-16.5390277778	13.6869583333	5.85627777778	0.721210324726	
1	2018/4/4 16:56:37	195.046416667	-68.5735	728279.375	1	244.141208333	-16.5408055556	13.6875833333	5.85652777778	0.721358075527	
1	2018/4/4 18:02:37	226.3975	48.8184722222	710852.125	1	244.718541667	-16.6571666667	13.7294166667	5.87397222222	0.731109629579	
1	2018/4/4 18:03:37	225.267458333	45.2552222222	710052.75	1	244.727291667	-16.6589166667	13.7300833333	5.87425	0.731257380363	
1	2018/4/4 18:04:37	224.271375	41.6823888889	709268.5625	1	244.736041667	-16.6606666667	13.7307083333	5.8745	0.731405131157	
1	2018/4/4 18:05:37	223.380416667	38.1021111111	708516.5	1	244.744791667	-16.6624166667	13.7313333333	5.87477777778	0.731552881993	
1	2018/4/4 18:06:37	222.573	34.516	707813.1875	1	244.753541667	-16.6641666667	13.7319583333	5.87502777778	0.73170063283	
1	2018/4/4 18:07:37	221.8325	30.9253333333	707174.6875	1	244.762291667	-16.6659166667	13.7325833333	5.87530555556	0.731848383643	
1	2018/4/4 18:08:37	221.14575	27.3310833333	706616.0625	1	244.771041667	-16.6676666667	13.73325	5.87555555556	0.731996134486	
1	2018/4/4 18:09:37	220.502333333	23.7340277778	706151.3125	1	244.77975	-16.6694166667	13.733875	5.87583333333	0.732143885246	
1	2018/4/4 18:10:37	219.893625	20.1347777778	705793.0625	1	244.7885	-16.6711666667	13.7345	5.87608333333	0.732291636071	
1	2018/4/4 18:11:37	219.312458333	16.5339444444	705552.1875	1	244.79725	-16.6729166667	13.735125	5.87636111111	0.732439386934	
1	2018/4/4 18:12:37	218.752666667	12.9319444444	705437.875	1	244.806	-16.6746388889	13.7357916667	5.87661111111	0.732587137708	
1	2018/4/4 18:13:37	218.208958333	9.32919444444	705457.3125	1	244.81475	-16.6763888889	13.7364166667	5.87688888889	0.732734888526	
1	2018/4/4 18:14:37	217.676458333	5.72605555556	705615.5625	1	244.8235	-16.6781388889	13.7370416667	5.87713888889	0.732882639345	
1	2018/4/4 18:15:37	217.150666667	2.12288888889	705915.4375	1	244.83225	-16.6798888889	13.7376666667	5.87741666667	0.733030390143	
1	2018/4/4 18:16:37	216.627458333	-1.48002777778	706357.5	1	244.841	-16.6816388889	13.7382916667	5.87766666667	0.733178141021	
1	2018/4/4 18:17:37	216.102541667	-5.08233333333	706940.125	1	244.84975	-16.6833888889	13.7389583333	5.87794444444	0.733325891822	
1	2018/4/4 18:18:37	215.571833333	-8.68375	707659.1875	1	244.8585	-16.6851111111	13.7395833333	5.87819444444	0.733473642643	
1	2018/4/4 18:19:37	215.030875	-12.2839444444	708508.5	1	244.86725	-16.6868611111	13.7402083333	5.87847222222	0.733621393439	
1	2018/4/4 18:20:37	214.474916667	-15.8825555556	709479.625	1	244.876	-16.6886111111	13.7408333333	5.87872222222	0.733769144305	
1	2018/4/4 18:21:37	213.898791667	-19.4791944444	710562.0	1	244.88475	-16.6903611111	13.7415	5.879	0.733916895058	
1	2018/4/4 18:22:37	213.2965	-23.0734722222	711743.3125	1	244.8935	-16.6920833333	13.742125	5.87925	0.734064645938	
1	2018/4/4 18:23:37	212.661166667	-26.6648333333	713009.375	1	244.90225	-16.6938333333	13.74275	5.87952777778	0.734212396734	
1	2018/4/4 18:24:37	211.984541667	-30.25275	714344.625	1	244.911	-16.6955833333	13.743375	5.87977777778	0.734360147558	
1	2018/4/4 18:25:37	211.256583333	-33.8364166667	715732.0	1	244.91975	-16.6973333333	13.744	5.88005555556	0.734507898369	
1	2018/4/4 18:26:37	210.464958333	-37.415	717153.6875	1	244.9285	-16.6990555556	13.7446666667	5.88030555556	0.734655649235	
1	2018/4/4 18:27:37	209.593875	-40.9873333333	718590.875	1	244.93725	-16.7008055556	13.7452916667	5.88058333333	0.734803400042	
1	2018/4/4 18:28:37	208.623041667	-44.5519444444	720024.25	1	244.946	-16.7025555556	13.7459166667	5.88083333333	0.734951150836	
1	2018/4/4 18:29:37	207.525541667	-48.1068611111	721434.5625	1	244.95475	-16.7042777778	13.7465416667	5.88111111111	0.735098901633	
1	2018/4/4 18:30:37	206.265083333	-51.6493888889	722802.375	1	244.9635	-16.7060277778	13.7471666667	5.88138888889	0.73524665248	
1	2018/4/4 18:31:37	204.791208333	-55.1758055556	724108.8125	1	244.97225	-16.70775	13.7478333333	5.88163888889	0.735394403299	
1	2018/4/4 18:32:37	203.031833333	-58.6806666667	725335.6875	1	244.981	-16.7095	13.7484583333	5.88191666667	0.735542154092	
1	2018/4/4 18:33:37	200.880583333	-62.1558611111	726465.6875	1	244.98975	-16.71125	13.7490833333	5.88216666667	0.735689904909	
1	2018/4/4 18:34:37	198.1745	-65.5888333333	727482.875	1	244.9985	-16.7129722222	13.7497083333	5.88244444444	0.735837655735	
1	2018/4/4 18:35:37	194.65325	-68.9589444444	728372.625	1	245.00725	-16.7147222222	13.750375	5.88269444444	0.735985406558	
1	2018/4/4 19:41:37	226.326583333	48.4070833333	710760.5	1	245.584791667	-16.8285277778	13.7922083333	5.90013888889	0.745736960624	
1	2018/4/4 19:42:37	225.213833333	44.8426111111	709961.875	1	245.593541667	-16.83025	13.7928333333	5.90038888889	0.745884711399	
1	2018/4/4 19:43:37	224.231166667	41.2688055556	709180.3125	1	245.602291667	-16.8319444444	13.7935	5.90066666667	0.746032462188	
1	2018/4/4 19:44:37	223.350875	37.6877777778	708432.875	1	245.611041667	-16.8336666667	13.794125	5.90091666667	0.746180213065	
1	2018/4/4 19:45:37	222.551958333	34.1011111111	707736.125	1	245.619791667	-16.8353611111	13.79475	5.90119444444	0.746327963849	
1	2018/4/4 19:46:37	221.81825	30.51	707105.9375	1	245.628541667	-16.8370833333	13.795375	5.90144444444	0.746475714671	
1	2018/4/4 19:47:37	221.137	26.9153611111	706557.3125	1	245.637291667	-16.8387777778	13.796	5.90172222222	0.746623465512	
1	2018/4/4 19:48:37	220.498	23.3180277778	706104.125	1	245.646041667	-16.8405	13.7966666667	5.90197222222	0.746771216322	
1	2018/4/4 19:49:37	219.892791667	19.7185833333	705758.6875	1	245.654791667	-16.8421944444	13.7972916667	5.90225	0.746918967137	
1	2018/4/4 19:50:37	219.314416667	16.1175833333	705531.875	1	245.663541667	-16.8439166667	13.7979166667	5.9025	0.747066717989	
1	2018/4/4 19:51:37	218.75675	12.5154722222	705432.5625	1	245.672291667	-16.8456111111	13.7985416667	5.90277777778	0.747214468807	
1	2018/4/4 19:52:37	218.214541667	8.91266666667	705467.625	1	245.681041667	-16.8473333333	13.7992083333	5.90302777778	0.747362219596	
1	2018/4/4 19:53:37	217.683041667	5.3095	705642.0	1	245.689791667	-16.8490277778	13.7998333333	5.90330555556	0.747509970414	
1	2018/4/4 19:54:37	217.157791667	1.70633333333	705958.1875	1	245.698541667	-16.85075	13.8004583333	5.90355555556	0.747657721251	
1	2018/4/4 19:55:37	216.634541667	-1.8965	706416.5	1	245.707291667	-16.8524444444	13.8010833333	5.90383333333	0.747805472076	
1	2018/4/4 19:56:37	216.109208333	-5.49872222222	707014.9375	1	245.716041667	-16.8541388889	13.8017083333	5.90408333333	0.747953222858	
1	2018/4/4 19:57:37	215.5775	-9.10002777778	707749.3125	1	245.724791667	-16.8558611111	13.802375	5.90436111111	0.748100973691	
1	2018/4/4 19:58:37	215.035041667	-12.7000555556	708613.0625	1	245.733541667	-16.8575555556	13.803	5.90461111111	0.74824872453	
1	2018/4/4 19:59:37	214.477041667	-16.2984444444	709597.4375	1	245.742291667	-16.8592777778	13.803625	5.90488888889	0.748396475326	
1	2018/4/4 20:00:37	213.898208333	-19.8948611111	710691.8125	1	245.751041667	-16.8609722222	13.80425	5.90513888889	0.748544226162	
1	2018/4/4 20:01:37	213.292458333	-23.4888055556	711883.5625	1	245.759791667	-16.8626666667	13.8049166667	5.90541666667	0.748691976963	
1	2018/4/4 20:02:37	212.652791667	-27.0798333333	713158.375	1	245.768583333	-16.8643888889	13.8055416667	5.90566666667	0.748839727818	
1	2018/4/4 20:03:37	211.970791667	-30.6672777778	714500.375	1	245.777333333	-16.8660833333	13.8061666667	5.90594444444	0.74898747863	
1	2018/4/4 20:04:37	211.236166667	-34.2504166667	715892.625	1	245.786083333	-16.8677777778	13.8067916667	5.90619444444	0.749135229383	
1	2018/4/4 20:05:37	210.436208333	-37.8283611111	717317.0	1	245.794833333	-16.8694722222	13.8074166667	5.90647222222	0.749282980247	
1	2018/4/4 20:06:37	209.55475	-41.3998611111	718754.625	1	245.803583333	-16.8711944444	13.8080833333	5.90672222222	0.749430731088	
1	2018/4/4 20:07:37	208.57075	-44.9634722222	720186.3125	1	245.812333333	-16.8728888889	13.8087083333	5.907	0.749578481851	
1	2018/4/4 20:08:37	207.4565	-48.5171111111	721592.625	1	245.821083333	-16.8745833333	13.8093333333	5.90725	0.749726232726	
1	2018/4/4 20:09:37	206.17425	-52.058	722954.25	1	245.829833333	-16.8762777778	13.8099583333	5.90752777778	0.749873983505	
1	2018/4/4 20:10:37	204.671541667	-55.5822222222	724252.4375	1	245.838583333	-16.878	13.8105833333	5.90777777778	0.750021734362	
1	2018/4/4 20:11:37	202.873125	-59.0841388889	725468.9375	1	245.847333333	-16.8796944444	13.81125	5.90805555556	0.750169485158	
1	2018/4/4 20:12:37	200.667416667	-62.5552222222	726586.6875	1	245.856083333	-16.8813888889	13.811875	5.90830555556	0.750317235948	
1	2018/4/4 20:13:37	197.882791667	-65.9821666667	727589.8125	1	245.864833333	-16.8830833333	13.8125	5.90858333333	0.750464986774	
1	2018/4/4 20:14:37	194.243666667	-69.3430833333	728464.0	1	245.873583333	-16.8847777778	13.813125	5.90886111111	0.750612737591	
1	2018/4/4 21:19:37	227.516833333	51.5494722222	711468.625	1	246.442583333	-16.9943611111	13.854375	5.926	0.760216540788	
1	2018/4/4 21:20:37	226.257958333	47.9955555556	710668.8125	1	246.451333333	-16.9960277778	13.855	5.92627777778	0.760364291677	
1	2018/4/4 21:21:37	225.161875	44.4298611111	709871.125	1	246.460083333	-16.9976944444	13.855625	5.92652777778	0.760512042456	
1	2018/4/4 21:22:37	224.192333333	40.8551388889	709092.5	1	246.468833333	-16.9993611111	13.85625	5.92680555556	0.760659793297	
1	2018/4/4 21:23:37	223.322416667	37.2733888889	708349.9375	1	246.477583333	-17.0010277778	13.8569166667	5.92705555556	0.760807544114	
1	2018/4/4 21:24:37	222.53175	33.6861666667	707659.875	1	246.486333333	-17.0026944444	13.8575416667	5.92733333333	0.760955294883	
1	2018/4/4 21:25:37	221.804708333	30.0945833333	707038.25	1	246.495083333	-17.0043888889	13.8581666667	5.92758333333	0.761103045711	
1	2018/4/4 21:26:37	221.128833333	26.4996111111	706499.8125	1	246.503833333	-17.0060555556	13.8587916667	5.92786111111	0.761250796589	
1	2018/4/4 21:27:37	220.494125	22.902	706058.3125	1	246.512583333	-17.0077222222	13.8594166667	5.92813888889	0.761398547369	
1	2018/4/4 21:28:37	219.892375	19.3023333333	705725.9375	1	246.521375	-17.0093888889	13.8600833333	5.92838888889	0.761546298222	
1	2018/4/4 21:29:37	219.316666667	15.7011944444	705513.25	1	246.530125	-17.0110555556	13.8607083333	5.92866666667	0.761694048988	
1	2018/4/4 21:30:37	218.761041667	12.0989722222	705429.0	1	246.538875	-17.0127222222	13.8613333333	5.92891666667	0.761841799858	
1	2018/4/4 21:31:37	218.220291667	8.49611111111	705479.8125	1	246.547625	-17.0143888889	13.8619583333	5.92919444444	0.761989550675	
1	2018/4/4 21:32:37	217.689708333	4.89294444444	705670.3125	1	246.556375	-17.0160555556	13.862625	5.92944444444	0.76213730145	
1	2018/4/4 21:33:37	217.164916667	1.28980555556	706002.75	1	246.565125	-17.0177222222	13.86325	5.92972222222	0.762285052297	
1	2018/4/4 21:34:37	216.641625	-2.313	706477.25	1	246.573875	-17.0193888889	13.863875	5.92997222222	0.762432803128	
1	2018/4/4 21:35:37	216.115791667	-5.91513888889	707091.5625	1	246.582625	-17.0210555556	13.8645	5.93025	0.762580553975	
1	2018/4/4 21:36:37	215.583041667	-9.51627777778	707841.125	1	246.591375	-17.0227222222	13.865125	5.9305	0.762728304768	
1	2018/4/4 21:37:37	215.039041667	-13.1161388889	708719.125	1	246.600166667	-17.0243888889	13.8657916667	5.93077777778	0.762876055584	
1	2018/4/4 21:38:37	214.478916667	-16.7143333333	709716.75	1	246.608916667	-17.0260555556	13.8664166667	5.93102777778	0.763023806382	
1	2018/4/4 21:39:37	213.897291667	-20.3104722222	710822.9375	1	246.617666667	-17.0277222222	13.8670416667	5.93130555556	0.763171557216	
1	2018/4/4 21:40:37	213.288	-23.9041388889	712024.9375	1	246.626416667	-17.0293888889	13.8676666667	5.93155555556	0.763319308027	
1	2018/4/4 21:41:37	212.643875	-27.49475	713308.1875	1	246.635166667	-17.0310555556	13.8683333333	5.93183333333	0.76346705887	
1	2018/4/4 21:42:37	211.956333333	-31.08175	714656.875	1	246.643916667	-17.0327222222	13.8689583333	5.93208333333	0.763614809675	
1	2018/4/4 21:43:37	211.214875	-34.6643611111	716053.625	1	246.652666667	-17.0343888889	13.8695833333	5.93236111111	0.763762560482	
1	2018/4/4 21:44:37	210.406375	-38.2416111111	717480.4375	1	246.661416667	-17.0360277778	13.8702083333	5.93261111111	0.763910311332	
1	2018/4/4 21:45:37	209.514208333	-41.8123055556	718918.3125	1	246.670208333	-17.0376944444	13.8708333333	5.93288888889	0.764058062102	
1	2018/4/4 21:46:37	208.51675	-45.3748611111	720348.0	1	246.678958333	-17.0393611111	13.8715	5.93313888889	0.76420581291	
1	2018/4/4 21:47:37	207.385208333	-48.9271944444	721750.0625	1	246.687708333	-17.0410277778	13.872125	5.93341666667	0.764353563768	
1	2018/4/4 21:48:37	206.0805	-52.4663611111	723105.3125	1	246.696458333	-17.0426944444	13.87275	5.93366666667	0.764501314526	
1	2018/4/4 21:49:37	204.547958333	-55.9883611111	724394.875	1	246.705208333	-17.0443611111	13.873375	5.93394444444	0.764649065362	
1	2018/4/4 21:50:37	202.709	-59.4871944444	725600.8125	1	246.713958333	-17.046	13.8740416667	5.93419444444	0.764796816208	
1	2018/4/4 21:51:37	200.446625	-62.954	726706.125	1	246.722708333	-17.0476666667	13.8746666667	5.93447222222	0.76494456703	
1	2018/4/4 21:52:37	197.579833333	-66.3746388889	727695.0625	1	246.731458333	-17.0493333333	13.8752916667	5.93472222222	0.765092317859	
1	2018/4/4 22:58:37	227.42925	51.1393055556	711377.6875	1	247.309416667	-17.158	13.9171666667	5.95213888889	0.774843871869	
1	2018/4/4 22:59:37	226.191458333	47.5838611111	710577.125	1	247.318166667	-17.1596388889	13.9177916667	5.95241666667	0.774991622734	
1	2018/4/4 23:00:37	225.111666667	44.017	709780.625	1	247.326916667	-17.16125	13.9184166667	5.95266666667	0.775139373525	
1	2018/4/4 23:01:37	224.154833333	40.4413888889	709005.125	1	247.335666667	-17.1628888889	13.9190416667	5.95294444444	0.775287124324	
1	2018/4/4 23:02:37	223.295	36.8589166667	708267.625	1	247.344416667	-17.1645277778	13.9197083333	5.95319444444	0.775434875167	
1	2018/4/4 23:03:37	222.512416667	33.2711388889	707584.5625	1	247.353166667	-17.1661666667	13.9203333333	5.95347222222	0.775582625965	
1	2018/4/4 23:04:37	221.791875	29.6791111111	706971.625	1	247.361958333	-17.1677777778	13.9209583333	5.95372222222	0.775730376773	
1	2018/4/4 23:05:37	221.121208333	26.0838055556	706443.5	1	247.370708333	-17.1694166667	13.9215833333	5.954	0.775878127639	
1	2018/4/4 23:06:37	220.490708333	22.4859166667	706013.875	1	247.379458333	-17.1710555556	13.9222083333	5.95425	0.776025878439	
1	2018/4/4 23:07:37	219.89225	18.8860833333	705694.6875	1	247.388208333	-17.1726666667	13.922875	5.95452777778	0.776173629243	
1	2018/4/4 23:08:37	219.319166667	15.2847777778	705496.25	1	247.396958333	-17.1743055556	13.9235	5.95477777778	0.776321380085	
1	2018/4/4 23:09:37	218.7655	11.6824722222	705427.125	1	247.40575	-17.1759444444	13.924125	5.95505555556	0.776469130886	
1	2018/4/4 23:10:37	218.226166667	8.07955555556	705493.75	1	247.4145	-17.1775555556	13.92475	5.95530555556	0.776616881696	
1	2018/4/4 23:11:37	217.696458333	4.47638888889	705700.4375	1	247.42325	-17.1791944444	13.9254166667	5.95558333333	0.776764632514	
1	2018/4/4 23:12:37	217.172041667	0.87325	706049.1875	1	247.432	-17.1808055556	13.9260416667	5.95583333333	0.776912383304	
1	2018/4/4 23:13:37	216.648666667	-2.72947222222	706539.875	1	247.44075	-17.1824444444	13.9266666667	5.95611111111	0.777060134164	
1	2018/4/4 23:14:37	216.12225	-6.3315	707169.9375	1	247.4495	-17.1840833333	13.9272916667	5.95636111111	0.777207884997	
1	2018/4/4 23:15:37	215.588458333	-9.93252777778	707934.625	1	247.458291667	-17.1856944444	13.9279166667	5.95663888889	0.777355635834	
1	2018/4/4 23:16:37	215.042833333	-13.5322222222	708826.8125	1	247.467041667	-17.1873333333	13.9285833333	5.95688888889	0.77750338661	
1	2018/4/4 23:17:37	214.4805	-17.1301944444	709837.4375	1	247.475791667	-17.1889444444	13.9292083333	5.95716666667	0.777651137442	
1	2018/4/4 23:18:37	213.895958333	-20.7260833333	710955.25	1	247.484541667	-17.1905833333	13.9298333333	5.95741666667	0.777798888288	
1	2018/4/4 23:19:37	213.283041667	-24.3194166667	712167.3125	1	247.493291667	-17.1921944444	13.9304583333	5.95769444444	0.777946639066	
1	2018/4/4 23:20:37	212.634375	-27.9096666667	713458.9375	1	247.502083333	-17.1938333333	13.931125	5.95794444444	0.778094389888	
1	2018/4/4 23:21:37	211.941166667	-31.4961944444	714813.9375	1	247.510833333	-17.1954444444	13.93175	5.95822222222	0.77824214073	
1	2018/4/4 23:22:37	211.192666667	-35.0782222222	716215.0625	1	247.519583333	-17.1970833333	13.932375	5.95847222222	0.778389891503	
1	2018/4/4 23:23:37	210.375416667	-38.6547777778	717644.0	1	247.528333333	-17.1986944444	13.933	5.95875	0.778537642335	
1	2018/4/4 23:24:37	209.472291667	-42.2246388889	719081.875	1	247.537083333	-17.2003333333	13.933625	5.959	0.77868539317	
1	2018/4/4 23:25:37	208.460958333	-45.7861388889	720509.3125	1	247.545875	-17.2019444444	13.9342916667	5.95927777778	0.778833143981	
1	2018/4/4 23:26:37	207.311625	-49.3371111111	721906.9375	1	247.554625	-17.2035555556	13.9349166667	5.95952777778	0.778980894764	
1	2018/4/4 23:27:37	205.983708333	-52.8745277778	723255.4375	1	247.563375	-17.2051944444	13.9355416667	5.95980555556	0.779128645652	
1	2018/4/4 23:28:37	204.420333333	-56.3941666667	724536.25	1	247.572125	-17.2068055556	13.9361666667	5.96005555556	0.779276396442	
1	2018/4/4 23:29:37	202.539291667	-59.8898611111	725731.375	1	247.580875	-17.2084444444	13.9368333333	5.96033333333	0.77942414728	
1	2018/4/4 23:30:37	200.217833333	-63.3521666667	726824.0	1	247.589666667	-17.2100555556	13.9374583333	5.96061111111	0.77957189808	
1	2018/4/4 23:31:37	197.265125	-66.7662222222	727798.5625	1	247.598416667	-17.2116666667	13.9380833333	5.96086111111	0.779719648889	
1	2018/4/5 00:37:37	227.344416667	50.7289444444	711286.5625	1	248.176541667	-17.3177222222	13.9799583333	5.97827777778	0.789471202941	
1	2018/4/5 00:38:37	226.127041667	47.172	710485.4375	1	248.185291667	-17.3193055556	13.9805833333	5.97855555556	0.789618953762	
1	2018/4/5 00:39:37	225.063041667	43.604	709690.3125	1	248.194041667	-17.3209166667	13.9812083333	5.97880555556	0.789766704541	
1	2018/4/5 00:40:37	224.118583333	40.0275277778	708918.25	1	248.202791667	-17.3225	13.9818333333	5.97908333333	0.789914455379	
1	2018/4/5 00:41:37	223.268583333	36.4443888889	708186.0625	1	248.211583333	-17.3240833333	13.9825	5.97933333333	0.7900622062	
1	2018/4/5 00:42:37	222.493916667	32.8560555556	707510.125	1	248.220333333	-17.3256944444	13.983125	5.97961111111	0.790209957037	
1	2018/4/5 00:43:37	221.779666667	29.2636111111	706906.0625	1	248.229083333	-17.3272777778	13.98375	5.97986111111	0.790357707836	
1	2018/4/5 00:44:37	221.114125	25.6679722222	706388.5625	1	248.237833333	-17.3288611111	13.984375	5.98013888889	0.79050545865	
1	2018/4/5 00:45:37	220.487666667	22.0698333333	705970.875	1	248.246625	-17.3304722222	13.985	5.98038888889	0.79065320948	
1	2018/4/5 00:46:37	219.8925	18.4698055556	705665.0	1	248.255375	-17.3320555556	13.9856666667	5.98066666667	0.79080096031	
1	2018/4/5 00:47:37	219.321916667	14.8683611111	705481.0	1	248.264125	-17.3336388889	13.9862916667	5.98091666667	0.790948711144	
1	2018/4/5 00:48:37	218.770166667	11.2659722222	705427.0625	1	248.272875	-17.3352222222	13.9869166667	5.98119444444	0.79109646198	
1	2018/4/5 00:49:37	218.232166667	7.663	705509.5625	1	248.281666667	-17.3368055556	13.9875416667	5.98144444444	0.791244212776	
1	2018/4/5 00:50:37	217.703291667	4.05980555556	705732.4375	1	248.290416667	-17.3384166667	13.9882083333	5.98172222222	0.791391963613	
1	2018/4/5 00:51:37	217.179208333	0.456722222222	706097.5	1	248.299166667	-17.34	13.9888333333	5.98197222222	0.791539714388	
1	2018/4/5 00:52:37	216.655708333	-3.14594444444	706604.3125	1	248.307916667	-17.3415833333	13.9894583333	5.98225	0.791687465224	
1	2018/4/5 00:53:37	216.128625	-6.74788888889	707250.125	1	248.316708333	-17.3431666667	13.9900833333	5.9825	0.791835216074	
1	2018/4/5 00:54:37	215.593666667	-10.3487777778	708029.75	1	248.325458333	-17.34475	13.9907083333	5.98277777778	0.791982966844	
1	2018/4/5 00:55:37	215.046375	-13.9482777778	708936.0625	1	248.334208333	-17.3463333333	13.991375	5.98302777778	0.7921307177	
1	2018/4/5 00:56:37	214.48175	-17.5460555556	709959.5	1	248.342958333	-17.3479166667	13.992	5.98330555556	0.792278468501	
1	2018/4/5 00:57:37	213.894291667	-21.1416666667	711088.8125	1	248.35175	-17.3495277778	13.992625	5.98355555556	0.792426219348	
1	2018/4/5 00:58:37	213.277625	-24.7346666667	712310.75	1	248.3605	-17.3511111111	13.99325	5.98383333333	0.792573970163	
1	2018/4/5 00:59:37	212.62425	-28.3245	713610.4375	1	248.36925	-17.3526944444	13.9939166667	5.98408333333	0.792721720953	
1	2018/4/5 01:00:37	211.92525	-31.9105555556	714971.5625	1	248.378	-17.3542777778	13.9945416667	5.98436111111	0.792869471788	
1	2018/4/5 01:01:37	211.169541667	-35.4920277778	716376.8125	1	248.386791667	-17.3558611111	13.9951666667	5.98461111111	0.793017222605	
1	2018/4/5 01:02:37	210.343333333	-39.0678611111	717807.6875	1	248.395541667	-17.3574444444	13.9957916667	5.98488888889	0.793164973409	
1	2018/4/5 01:03:37	209.428958333	-42.6368611111	719245.3125	1	248.404291667	-17.3590277778	13.9964166667	5.98513888889	0.793312724236	
1	2018/4/5 01:04:37	208.403333333	-46.19725	720670.1875	1	248.413041667	-17.3606111111	13.9970833333	5.98541666667	0.79346047506	
1	2018/4/5 01:05:37	207.235666667	-49.7468333333	722063.0625	1	248.421833333	-17.3621944444	13.9977083333	5.98566666667	0.793608225855	
1	2018/4/5 01:06:37	205.883791667	-53.2824444444	723404.6875	1	248.430583333	-17.3637777778	13.9983333333	5.98594444444	0.793755976635	
1	2018/4/5 01:07:37	204.288458333	-56.7996944444	724676.4375	1	248.439333333	-17.3653611111	13.9989583333	5.98619444444	0.79390372752	
1	2018/4/5 01:08:37	202.36375	-60.2920833333	725860.5625	1	248.448125	-17.3669444444	13.999625	5.98647222222	0.794051478296	
1	2018/4/5 01:09:37	199.980708333	-63.7496944444	726940.3125	1	248.456875	-17.3685	14.00025	5.98672222222	0.79419922917	
1	2018/4/5 01:10:37	196.938	-67.1568333333	727900.3125	1	248.465625	-17.3700833333	14.000875	5.987	0.794346979948	
1	2018/4/5 02:16:37	227.262208333	50.3183611111	711195.1875	1	249.043916667	-17.4735277778	14.04275	6.00438888889	0.804098533964	
1	2018/4/5 02:17:37	226.064666667	46.76	710393.75	1	249.052708333	-17.4750555556	14.043375	6.00466666667	0.804246284831	
1	2018/4/5 02:18:37	225.016	43.1909166667	709600.3125	1	249.061458333	-17.4766111111	14.044	6.00491666667	0.80439403564	
1	2018/4/5 02:19:37	224.083625	39.6135555556	708831.8125	1	249.070208333	-17.4781666667	14.044625	6.00519444444	0.804541786431	
1	2018/4/5 02:20:37	223.243208333	36.0297777778	708105.125	1	249.079	-17.4797222222	14.0452916667	6.00544444444	0.804689537292	
1	2018/4/5 02:21:37	222.476166667	32.4409166667	707436.5625	1	249.08775	-17.4812777778	14.0459166667	6.00572222222	0.804837288088	
1	2018/4/5 02:22:37	221.768125	28.8480555556	706841.625	1	249.0965	-17.4828333333	14.0465416667	6.00597222222	0.804985038936	
1	2018/4/5 02:23:37	221.107541667	25.2521111111	706334.8125	1	249.105291667	-17.4843888889	14.0471666667	6.00625	0.805132789747	
1	2018/4/5 02:24:37	220.485083333	21.6537222222	705929.375	1	249.114041667	-17.4859444444	14.0478333333	6.0065	0.805280540514	
1	2018/4/5 02:25:37	219.893041667	18.0535	705636.875	1	249.122791667	-17.4874722222	14.0484583333	6.00677777778	0.805428291384	
1	2018/4/5 02:26:37	219.324916667	14.4519166667	705467.375	1	249.131583333	-17.4890277778	14.0490833333	6.00702777778	0.80557604219	
1	2018/4/5 02:27:37	218.775	10.8494444444	705428.8125	1	249.140333333	-17.4905833333	14.0497083333	6.00730555556	0.805723793009	
1	2018/4/5 02:28:37	218.238291667	7.24644444444	705527.1875	1	249.149083333	-17.4921388889	14.0503333333	6.00755555556	0.805871543807	
1	2018/4/5 02:29:37	217.710166667	3.64325	705766.3125	1	249.157875	-17.4936666667	14.051	6.00783333333	0.806019294624	
1	2018/4/5 02:30:37	217.186375	0.0401944444444	706147.6875	1	249.166625	-17.4952222222	14.051625	6.00808333333	0.806167045426	
1	2018/4/5 02:31:37	216.662625	-3.56241666667	706670.625	1	249.175375	-17.4967777778	14.05225	6.00836111111	0.80631479628	
1	2018/4/5 02:32:37	216.134875	-7.16425	707332.0	1	249.184166667	-17.4983333333	14.052875	6.00861111111	0.806462547101	
1	2018/4/5 02:33:37	215.59875	-10.765	708126.5625	1	249.192916667	-17.4998611111	14.0535416667	6.00888888889	0.806610297863	
1	2018/4/5 02:34:37	215.049708333	-14.3643333333	709046.8125	1	249.201666667	-17.5014166667	14.0541666667	6.00913888889	0.806758048719	
1	2018/4/5 02:35:37	214.482708333	-17.9618611111	710083.0	1	249.210458333	-17.5029722222	14.0547916667	6.00941666667	0.806905799536	
1	2018/4/5 02:36:37	213.892208333	-21.5571944444	711223.625	1	249.219208333	-17.5045	14.0554166667	6.00966666667	0.807053550377	
1	2018/4/5 02:37:37	213.271708333	-25.1498611111	712455.1875	1	249.227958333	-17.5060555556	14.0560833333	6.00994444444	0.807201301202	
1	2018/4/5 02:38:37	212.613541667	-28.7393055556	713762.75	1	249.236708333	-17.5076111111	14.0567083333	6.01019444444	0.807349051982	
1	2018/4/5 02:39:37	211.908583333	-32.3248888889	715129.8125	1	249.2455	-17.5091388889	14.0573333333	6.01047222222	0.807496802792	
1	2018/4/5 02:40:37	211.1455	-35.90575	716538.875	1	249.25425	-17.5106944444	14.0579583333	6.01072222222	0.807644553625	
1	2018/4/5 02:41:37	210.310083333	-39.4808888889	717971.4375	1	249.263	-17.5122222222	14.0585833333	6.011	0.807792304442	
1	2018/4/5 02:42:37	209.384125	-43.0489722222	719408.5	1	249.271791667	-17.5137777778	14.05925	6.01125	0.807940055284	
1	2018/4/5 02:43:37	208.343791667	-46.60825	720830.6875	1	249.280541667	-17.5153055556	14.059875	6.01152777778	0.808087806093	
1	2018/4/5 02:44:37	207.15725	-50.1563888889	722218.5625	1	249.289291667	-17.5168611111	14.0605	6.01177777778	0.808235556928	
1	2018/4/5 02:45:37	205.780625	-53.6901388889	723553.0	1	249.298083333	-17.5184166667	14.061125	6.01205555556	0.808383307745	
1	2018/4/5 02:46:37	204.15225	-57.2048888889	724815.5	1	249.306833333	-17.5199444444	14.0617916667	6.01230555556	0.808531058521	
1	2018/4/5 02:47:37	202.182166667	-60.6938333333	725988.375	1	249.315583333	-17.5215	14.0624166667	6.01258333333	0.808678809356	
1	2018/4/5 02:48:37	199.734875	-64.1465555556	727055.0	1	249.324375	-17.5230277778	14.0630416667	6.01283333333	0.808826560168	
1	2018/4/5 02:49:37	196.597958333	-67.5464444444	728000.25	1	249.333125	-17.5245555556	14.0636666667	6.01311111111	0.808974311007	
1	2018/4/5 03:55:37	227.182583333	49.9075833333	711103.75	1	249.911625	-17.6253611111	14.1055416667	6.03052777778	0.818725865034	
1	2018/4/5 03:56:37	226.00425	46.3478333333	710302.1875	1	249.920375	-17.6268611111	14.1061666667	6.03077777778	0.818873615853	
1	2018/4/5 03:57:37	224.9705	42.7776944444	709510.5625	1	249.929166667	-17.6283611111	14.1067916667	6.03105555556	0.819021366697	
1	2018/4/5 03:58:37	224.049875	39.1995277778	708745.875	1	249.937916667	-17.6298888889	14.1074583333	6.03130555556	0.819169117515	
1	2018/4/5 03:59:37	223.218791667	35.6150833333	708024.9375	1	249.946708333	-17.6313888889	14.1080833333	6.03158333333	0.819316868344	
1	2018/4/5 04:00:37	222.45925	32.0256944444	707363.9375	1	249.955458333	-17.6329166667	14.1087083333	6.03183333333	0.819464619153	
1	2018/4/5 04:01:37	221.757208333	28.4324722222	706778.3125	1	249.964208333	-17.6344166667	14.1093333333	6.03211111111	0.819612369957	
1	2018/4/5 04:02:37	221.101458333	24.8361944444	706282.4375	1	249.973	-17.6359444444	14.11	6.03236111111	0.819760120771	
1	2018/4/5 04:03:37	220.482875	21.2375555556	705889.3125	1	249.98175	-17.6374444444	14.110625	6.03263888889	0.819907871612	
1	2018/4/5 04:04:37	219.893916667	17.6371666667	705610.375	1	249.9905	-17.6389444444	14.11125	6.03288888889	0.820055622419	
1	2018/4/5 04:05:37	219.328166667	14.0354722222	705455.5	1	249.999291667	-17.6404722222	14.111875	6.03313888889	0.82020337326	
1	2018/4/5 04:06:37	218.780041667	10.4329166667	705432.3125	1	250.008041667	-17.6419722222	14.1125	6.03341666667	0.820351124074	
1	2018/4/5 04:07:37	218.244541667	6.82986111111	705546.625	1	250.016833333	-17.6434722222	14.1131666667	6.03366666667	0.820498874877	
1	2018/4/5 04:08:37	217.717125	3.22666666667	705802.0	1	250.025583333	-17.645	14.1137916667	6.03394444444	0.820646625667	
1	2018/4/5 04:09:37	217.1935	-0.376361111111	706199.6875	1	250.034333333	-17.6465	14.1144166667	6.03419444444	0.820794376526	
1	2018/4/5 04:10:37	216.669541667	-3.97888888889	706738.6875	1	250.043125	-17.648	14.1150416667	6.03447222222	0.820942127277	
1	2018/4/5 04:11:37	216.141041667	-7.58061111111	707415.625	1	250.051875	-17.6495	14.1157083333	6.03472222222	0.821089878162	
1	2018/4/5 04:12:37	215.603625	-11.1812222222	708225.0625	1	250.060666667	-17.6510277778	14.1163333333	6.035	0.821237628966	
1	2018/4/5 04:13:37	215.05275	-14.7803611111	709159.0625	1	250.069416667	-17.6525277778	14.1169583333	6.03525	0.821385379779	
1	2018/4/5 04:14:37	214.483375	-18.3776666667	710207.875	1	250.078166667	-17.6540277778	14.1175833333	6.03552777778	0.821533130581	
1	2018/4/5 04:15:37	213.88975	-21.9726944444	711359.5625	1	250.086958333	-17.6555277778	14.11825	6.03577777778	0.821680881423	
1	2018/4/5 04:16:37	213.265291667	-25.5650277778	712600.625	1	250.095708333	-17.6570555556	14.118875	6.03605555556	0.821828632235	
1	2018/4/5 04:17:37	212.602208333	-29.1540833333	713915.8125	1	250.1045	-17.6585555556	14.1195	6.03630555556	0.821976383055	
1	2018/4/5 04:18:37	211.891166667	-32.7391388889	715288.625	1	250.11325	-17.6600555556	14.120125	6.03658333333	0.822124133844	
1	2018/4/5 04:19:37	211.120458333	-36.3193888889	716701.25	1	250.122	-17.6615555556	14.12075	6.03683333333	0.822271884696	
1	2018/4/5 04:20:37	210.275583333	-39.8938055556	718135.25	1	250.130791667	-17.6630555556	14.1214166667	6.03711111111	0.822419635519	
1	2018/4/5 04:21:37	209.33775	-43.4609722222	719571.5	1	250.139541667	-17.6645555556	14.1220416667	6.03736111111	0.822567386303	
1	2018/4/5 04:22:37	208.282333333	-47.0190833333	720990.625	1	250.148333333	-17.6660555556	14.1226666667	6.03763888889	0.822715137184	
1	2018/4/5 04:23:37	207.076291667	-50.56575	722373.25	1	250.157083333	-17.6675555556	14.1232916667	6.03788888889	0.822862887935	
1	2018/4/5 04:24:37	205.674125	-54.0975833333	723700.3125	1	250.165833333	-17.6690833333	14.1239583333	6.03816666667	0.8230106388	
1	2018/4/5 04:25:37	204.0115	-57.60975	724953.3125	1	250.174625	-17.6705833333	14.1245833333	6.03841666667	0.823158389589	
1	2018/4/5 04:26:37	201.99425	-61.0951388889	726114.75	1	250.183375	-17.6720833333	14.1252083333	6.03869444444	0.823306140421	
1	2018/4/5 04:27:37	199.48	-64.54275	727168.0625	1	250.192166667	-17.6735833333	14.1258333333	6.03894444444	0.823453891222	
1	2018/4/5 04:28:37	196.24425	-67.935	728098.375	1	250.200916667	-17.6750833333	14.1264583333	6.03922222222	0.823601642056	
1	2018/4/5 05:34:37	227.105458333	49.4966388889	711012.0625	1	250.779583333	-17.7731944444	14.1683333333	6.05661111111	0.833353196098	
1	2018/4/5 05:35:37	225.94575	45.9355555556	710210.6875	1	250.788375	-17.7746666667	14.169	6.05688888889	0.8335009469	
1	2018/4/5 05:36:37	224.9265	42.3643611111	709421.125	1	250.797125	-17.7761388889	14.169625	6.05713888889	0.833648697739	
1	2018/4/5 05:37:37	224.017291667	38.7853888889	708660.5	1	250.805916667	-17.7776111111	14.17025	6.05741666667	0.833796448543	
1	2018/4/5 05:38:37	223.195291667	35.2003055556	707945.5	1	250.814666667	-17.7790833333	14.170875	6.05766666667	0.833944199332	
1	2018/4/5 05:39:37	222.443083333	31.6104444444	707292.3125	1	250.823416667	-17.7805555556	14.1715	6.05794444444	0.834091950208	
1	2018/4/5 05:40:37	221.746916667	28.0168055556	706716.1875	1	250.832208333	-17.7820277778	14.1721666667	6.05819444444	0.834239700959	
1	2018/4/5 05:41:37	221.095875	24.42025	706231.3125	1	250.840958333	-17.7835	14.1727916667	6.05847222222	0.834387451812	
1	2018/4/5 05:42:37	220.481083333	20.8213888889	705850.6875	1	250.84975	-17.7849722222	14.1734166667	6.05872222222	0.834535202628	
1	2018/4/5 05:43:37	219.895125	17.2208055556	705585.5	1	250.8585	-17.7864444444	14.1740416667	6.059	0.834682953432	
1	2018/4/5 05:44:37	219.331666667	13.619	705445.3125	1	250.867291667	-17.7879166667	14.1747083333	6.05925	0.834830704323	
1	2018/4/5 05:45:37	218.785208333	10.0163611111	705437.625	1	250.876041667	-17.7893888889	14.1753333333	6.05952777778	0.834978455097	
1	2018/4/5 05:46:37	218.250875	6.41327777778	705567.9375	1	250.884833333	-17.7908333333	14.1759583333	6.05977777778	0.835126205956	
1	2018/4/5 05:47:37	217.724125	2.81008333333	705839.5625	1	250.893583333	-17.7923055556	14.1765833333	6.06005555556	0.835273956696	
1	2018/4/5 05:48:37	217.200666667	-0.792888888889	706253.5625	1	250.902375	-17.7937777778	14.1772083333	6.06030555556	0.835421707527	
1	2018/4/5 05:49:37	216.676375	-4.39533333333	706808.5625	1	250.911125	-17.79525	14.177875	6.06058333333	0.835569458373	
1	2018/4/5 05:50:37	216.147041667	-7.99697222222	707501.0625	1	250.919875	-17.7967222222	14.1785	6.06083333333	0.835717209174	
1	2018/4/5 05:51:37	215.608333333	-11.5974166667	708325.125	1	250.928666667	-17.7981944444	14.179125	6.06111111111	0.835864960013	
1	2018/4/5 05:52:37	215.055583333	-15.1963611111	709272.8125	1	250.937416667	-17.7996388889	14.17975	6.06136111111	0.836012710836	
1	2018/4/5 05:53:37	214.483708333	-18.7934166667	710334.0625	1	250.946208333	-17.8011111111	14.1804166667	6.06163888889	0.836160461651	
1	2018/4/5 05:54:37	213.886833333	-22.3881944444	711496.75	1	250.954958333	-17.8025833333	14.1810416667	6.06188888889	0.836308212496	
1	2018/4/5 05:55:37	213.258333333	-25.9801666667	712747.0625	1	250.96375	-17.8040555556	14.1816666667	6.06216666667	0.83645596325	
1	2018/4/5 05:56:37	212.59025	-29.5687777778	714069.6875	1	250.9725	-17.8055	14.1822916667	6.06241666667	0.836603714074	
1	2018/4/5 05:57:37	211.872916667	-33.1533333333	715447.875	1	250.981291667	-17.8069722222	14.1829583333	6.06269444444	0.836751464887	
1	2018/4/5 05:58:37	211.094458333	-36.733	716863.875	1	250.990041667	-17.8084444444	14.1835833333	6.06294444444	0.836899215785	
1	2018/4/5 05:59:37	210.239875	-40.3066111111	718299.0625	1	250.998833333	-17.8098888889	14.1842083333	6.06322222222	0.837046966567	
1	2018/4/5 06:00:37	209.289791667	-43.8728333333	719734.3125	1	251.007583333	-17.8113611111	14.1848333333	6.06347222222	0.837194717382	
1	2018/4/5 06:01:37	208.218833333	-47.4298055556	721150.125	1	251.016375	-17.8128333333	14.1854583333	6.06375	0.837342468203	
1	2018/4/5 06:02:37	206.99275	-50.9749444444	722527.25	1	251.025125	-17.8142777778	14.186125	6.064	0.837490218996	
1	2018/4/5 06:03:37	205.564208333	-54.5047777778	723846.6875	1	251.033916667	-17.81575	14.18675	6.06427777778	0.83763796984	
1	2018/4/5 06:04:37	203.866041667	-58.01425	725089.9375	1	251.042666667	-17.8171944444	14.187375	6.06452777778	0.837785720664	
1	2018/4/5 06:05:37	201.799791667	-61.4959166667	726239.625	1	251.051416667	-17.8186666667	14.188	6.06480555556	0.837933471439	
1	2018/4/5 06:06:37	199.215583333	-64.9382222222	727279.5	1	251.060208333	-17.8201388889	14.1886666667	6.06505555556	0.83808122225	
1	2018/4/5 06:07:37	195.876208333	-68.3224444444	728194.75	1	251.068958333	-17.8215833333	14.1892916667	6.06533333333	0.83822897309	
1	2018/4/5 07:13:37	227.03075	49.0855277778	710920.3125	1	251.647833333	-17.9170277778	14.2311666667	6.08272222222	0.847980527122	
1	2018/4/5 07:14:37	225.889125	45.5231111111	710119.25	1	251.656583333	-17.9184722222	14.2317916667	6.08297222222	0.848128278009	
1	2018/4/5 07:15:37	224.884	41.9509444444	709332.0625	1	251.665375	-17.9198888889	14.2324166667	6.08325	0.848276028743	
1	2018/4/5 07:16:37	223.985875	38.3711666667	708575.6875	1	251.674125	-17.9213333333	14.2330416667	6.0835	0.8484237796	
1	2018/4/5 07:17:37	223.17275	34.7855	707866.875	1	251.682916667	-17.9227777778	14.2337083333	6.08377777778	0.848571530428	
1	2018/4/5 07:18:37	222.427625	31.1951388889	707221.625	1	251.691666667	-17.9241944444	14.2343333333	6.08402777778	0.848719281245	
1	2018/4/5 07:19:37	221.737208333	27.6011388889	706655.1875	1	251.700458333	-17.9256388889	14.2349583333	6.08430555556	0.848867032047	
1	2018/4/5 07:20:37	221.09075	24.00425	706181.625	1	251.70925	-17.9270555556	14.2355833333	6.08455555556	0.849014782854	
1	2018/4/5 07:21:37	220.479666667	20.4051666667	705813.5625	1	251.718	-17.9284722222	14.23625	6.08483333333	0.849162533699	
1	2018/4/5 07:22:37	219.896583333	16.8044444444	705562.25	1	251.726791667	-17.9299166667	14.236875	6.08508333333	0.849310284502	
1	2018/4/5 07:23:37	219.335375	13.2025	705436.8125	1	251.735541667	-17.9313333333	14.2375	6.08536111111	0.849458035371	
1	2018/4/5 07:24:37	218.790541667	9.59980555556	705444.6875	1	251.744333333	-17.9327777778	14.238125	6.08561111111	0.849605786145	
1	2018/4/5 07:25:37	218.257291667	5.99669444444	705591.125	1	251.753083333	-17.9341944444	14.23875	6.08588888889	0.849753536976	
1	2018/4/5 07:26:37	217.731125	2.3935	705879.0625	1	251.761875	-17.9356388889	14.2394166667	6.08613888889	0.849901287794	
1	2018/4/5 07:27:37	217.207791667	-1.20941666667	706309.25	1	251.770625	-17.9370555556	14.2400416667	6.08641666667	0.850049038588	
1	2018/4/5 07:28:37	216.683125	-4.81180555556	706880.25	1	251.779416667	-17.9384722222	14.2406666667	6.08666666667	0.850196789445	
1	2018/4/5 07:29:37	216.152958333	-8.41330555556	707588.125	1	251.788166667	-17.9399166667	14.2412916667	6.08694444444	0.850344540218	
1	2018/4/5 07:30:37	215.612875	-12.0135833333	708426.8125	1	251.796958333	-17.9413333333	14.2419583333	6.08719444444	0.850492291047	
1	2018/4/5 07:31:37	215.058166667	-15.6123333333	709388.125	1	251.805708333	-17.94275	14.2425833333	6.08747222222	0.850640041858	
1	2018/4/5 07:32:37	214.483666667	-19.2091666667	710461.5625	1	251.8145	-17.9441944444	14.2432083333	6.08772222222	0.850787792683	
1	2018/4/5 07:33:37	213.883541667	-22.8036388889	711635.0	1	251.82325	-17.9456111111	14.2438333333	6.088	0.850935543497	
1	2018/4/5 07:34:37	213.250875	-26.39525	712894.375	1	251.832041667	-17.9470277778	14.2444583333	6.08825	0.851083294372	
1	2018/4/5 07:35:37	212.577583333	-29.9834444444	714224.25	1	251.840791667	-17.9484444444	14.245125	6.08852777778	0.851231045166	
1	2018/4/5 07:36:37	211.853875	-33.5675	715607.625	1	251.849583333	-17.9498888889	14.24575	6.08877777778	0.85137879598	
1	2018/4/5 07:37:37	211.067416667	-37.1465	717026.75	1	251.858333333	-17.9513055556	14.246375	6.08905555556	0.851526546822	
1	2018/4/5 07:38:37	210.202875	-40.7193611111	718462.875	1	251.867125	-17.9527222222	14.247	6.08930555556	0.851674297614	
1	2018/4/5 07:39:37	209.24025	-44.2846111111	719896.8125	1	251.875875	-17.9541388889	14.2476666667	6.08958333333	0.851822048398	
1	2018/4/5 07:40:37	208.153291667	-47.8403333333	721309.125	1	251.884666667	-17.9555833333	14.2482916667	6.08983333333	0.851969799239	
1	2018/4/5 07:41:37	206.9065	-51.3839166667	722680.5	1	251.893458333	-17.957	14.2489166667	6.09011111111	0.852117550069	
1	2018/4/5 07:42:37	205.450666667	-54.9116944444	723992.0	1	251.902208333	-17.9584166667	14.2495416667	6.09036111111	0.852265300873	
1	2018/4/5 07:43:37	203.715708333	-58.4184166667	725225.3125	1	251.911	-17.9598333333	14.2502083333	6.09061111111	0.85241305169	
1	2018/4/5 07:44:37	201.598458333	-61.8962222222	726363.125	1	251.91975	-17.96125	14.2508333333	6.09088888889	0.852560802558	
1	2018/4/5 07:45:37	198.94125	-65.3329166667	727389.3125	1	251.928541667	-17.9626666667	14.2514583333	6.09113888889	0.852708553375	
1	2018/4/5 07:46:37	195.493125	-68.7086944444	728289.25	1	251.937291667	-17.9640833333	14.2520833333	6.09141666667	0.852856304154	
1	2018/4/5 08:52:37	226.958333333	48.6742222222	710828.5	1	252.516333333	-18.0568611111	14.2939583333	6.10880555556	0.862607858153	
1	2018/4/5 08:53:37	225.834333333	45.1105555556	710028.0	1	252.525083333	-18.05825	14.2945833333	6.10908333333	0.862755609042	
1	2018/4/5 08:54:37	224.842875	41.5373888889	709243.375	1	252.533875	-18.0596388889	14.29525	6.10933333333	0.862903359838	
1	2018/4/5 08:55:37	223.955625	37.9568611111	708491.5	1	252.542666667	-18.0610277778	14.295875	6.10958333333	0.863051110609	
1	2018/4/5 08:56:37	223.151125	34.3705833333	707789.0	1	252.551416667	-18.0624166667	14.2965	6.10986111111	0.86319886148	
1	2018/4/5 08:57:37	222.412916667	30.7797777778	707151.9375	1	252.560208333	-18.0638055556	14.297125	6.11011111111	0.8633466123	
1	2018/4/5 08:58:37	221.728083333	27.1853888889	706595.375	1	252.568958333	-18.0651944444	14.2977916667	6.11038888889	0.863494363127	
1	2018/4/5 08:59:37	221.086125	23.58825	706133.25	1	252.57775	-18.0665833333	14.2984166667	6.11063888889	0.863642113936	
1	2018/4/5 09:00:37	220.478625	19.9889444444	705778.0	1	252.586541667	-18.0679722222	14.2990416667	6.11091666667	0.863789864773	
1	2018/4/5 09:01:37	219.898375	16.3880555556	705540.625	1	252.595291667	-18.0693611111	14.2996666667	6.11116666667	0.863937615581	
1	2018/4/5 09:02:37	219.339291667	12.786	705430.125	1	252.604083333	-18.07075	14.3002916667	6.11144444444	0.864085366363	
1	2018/4/5 09:03:37	218.796041667	9.18325	705453.625	1	252.612833333	-18.0721388889	14.3009583333	6.11169444444	0.864233117242	
1	2018/4/5 09:04:37	218.263833333	5.58011111111	705616.125	1	252.621625	-18.0735277778	14.3015833333	6.11197222222	0.864380868005	
1	2018/4/5 09:05:37	217.738208333	1.97691666667	705920.3125	1	252.630375	-18.0749166667	14.3022083333	6.11222222222	0.86452861882	
1	2018/4/5 09:06:37	217.214916667	-1.62597222222	706366.8125	1	252.639166667	-18.0763055556	14.3028333333	6.1125	0.86467636967	
1	2018/4/5 09:07:37	216.689833333	-5.22825	706953.6875	1	252.647958333	-18.0776944444	14.3035	6.11275	0.864824120494	
1	2018/4/5 09:08:37	216.158708333	-8.82963888889	707676.9375	1	252.656708333	-18.0790833333	14.304125	6.11302777778	0.864971871272	
1	2018/4/5 09:09:37	215.617166667	-12.42975	708530.125	1	252.6655	-18.0804444444	14.30475	6.11327777778	0.865119622102	
1	2018/4/5 09:10:37	215.060458333	-16.0283055556	709504.8125	1	252.67425	-18.0818333333	14.305375	6.11355555556	0.865267372937	
1	2018/4/5 09:11:37	214.483333333	-19.6248888889	710590.375	1	252.683041667	-18.0832222222	14.3060416667	6.11380555556	0.865415123759	
1	2018/4/5 09:12:37	213.879791667	-23.2190555556	711774.375	1	252.691833333	-18.0846111111	14.3066666667	6.11408333333	0.865562874569	
1	2018/4/5 09:13:37	213.242875	-26.8103055556	713042.6875	1	252.700583333	-18.086	14.3072916667	6.11433333333	0.865710625385	
1	2018/4/5 09:14:37	212.564291667	-30.3980555556	714379.5	1	252.709375	-18.0873888889	14.3079166667	6.11461111111	0.865858376199	
1	2018/4/5 09:15:37	211.833958333	-33.9815555556	715767.875	1	252.718125	-18.08875	14.3085416667	6.11486111111	0.866006127011	
1	2018/4/5 09:16:37	211.039333333	-37.5599444444	717189.8125	1	252.726916667	-18.0901388889	14.3092083333	6.11513888889	0.866153877839	
1	2018/4/5 09:17:37	210.164583333	-41.132	718626.625	1	252.735666667	-18.0915277778	14.3098333333	6.11538888889	0.866301628714	
1	2018/4/5 09:18:37	209.189041667	-44.69625	720059.0	1	252.744458333	-18.0929166667	14.3104583333	6.11566666667	0.866449379504	
1	2018/4/5 09:19:37	208.085625	-48.2507222222	721467.5	1	252.75325	-18.0942777778	14.3110833333	6.11591666667	0.866597130311	
1	2018/4/5 09:20:37	206.817458333	-51.7926944444	722832.875	1	252.762	-18.0956666667	14.31175	6.11619444444	0.866744881148	
1	2018/4/5 09:21:37	205.333458333	-55.3183333333	724136.25	1	252.770791667	-18.0970555556	14.312375	6.11644444444	0.866892631931	
1	2018/4/5 09:22:37	203.560333333	-58.8221666667	725359.375	1	252.779541667	-18.0984166667	14.313	6.11672222222	0.867040382734	
1	2018/4/5 09:23:37	201.390041667	-62.2959444444	726485.0625	1	252.788333333	-18.0998055556	14.313625	6.11697222222	0.867188133619	
1	2018/4/5 09:24:37	198.6565	-65.7268333333	727497.375	1	252.797125	-18.1011944444	14.3142916667	6.11725	0.867335884374	
1	2018/4/5 09:25:37	195.094208333	-69.0937222222	728381.875	1	252.805875	-18.1025555556	14.3149166667	6.1175	0.867483635224	
1	2018/4/5 10:31:37	226.888208333	48.26275	710736.625	1	253.385083333	-18.1926111111	14.3567916667	6.13488888889	0.877235189281	
1	2018/4/5 10:32:37	225.78125	44.6978611111	709936.9375	1	253.393875	-18.1939722222	14.3574166667	6.13513888889	0.8773829401	
1	2018/4/5 10:33:37	224.803125	41.12375	709155.0	1	253.402625	-18.1953333333	14.3580416667	6.13541666667	0.877530690899	
1	2018/4/5 10:34:37	223.926416667	37.5425	708407.875	1	253.411416667	-18.1966666667	14.3586666667	6.13566666667	0.877678441742	
1	2018/4/5 10:35:37	223.130375	33.9556388889	707712.0	1	253.420166667	-18.1980277778	14.3593333333	6.13594444444	0.877826192503	
1	2018/4/5 10:36:37	222.398916667	30.3643611111	707083.3125	1	253.428958333	-18.1993611111	14.3599583333	6.13619444444	0.87797394333	
1	2018/4/5 10:37:37	221.7195	26.7696388889	706536.8125	1	253.43775	-18.2007222222	14.3605833333	6.13647222222	0.878121694185	
1	2018/4/5 10:38:37	221.081958333	23.1721944444	706086.25	1	253.4465	-18.2020833333	14.3612083333	6.13672222222	0.878269444939	
1	2018/4/5 10:39:37	220.477916667	19.5726944444	705743.9375	1	253.455291667	-18.2034166667	14.361875	6.137	0.87841719582	
1	2018/4/5 10:40:37	219.900416667	15.9716388889	705520.625	1	253.464083333	-18.2047777778	14.3625	6.13725	0.8785649466	
1	2018/4/5 10:41:37	219.343416667	12.3695	705425.125	1	253.472833333	-18.2061111111	14.363125	6.13752777778	0.878712697424	
1	2018/4/5 10:42:37	218.801708333	8.76666666667	705464.3125	1	253.481625	-18.2074722222	14.36375	6.13777777778	0.878860448265	
1	2018/4/5 10:43:37	218.270458333	5.1635	705642.9375	1	253.490416667	-18.2088055556	14.3644166667	6.13805555556	0.879008199062	
1	2018/4/5 10:44:37	217.745291667	1.56033333333	705963.5	1	253.499166667	-18.2101388889	14.3650416667	6.13830555556	0.879155949859	
1	2018/4/5 10:45:37	217.222	-2.0425	706426.1875	1	253.507958333	-18.2115	14.3656666667	6.13858333333	0.879303700741	
1	2018/4/5 10:46:37	216.696458333	-5.64469444444	707028.9375	1	253.51675	-18.2128333333	14.3662916667	6.13883333333	0.879451451523	
1	2018/4/5 10:47:37	216.164333333	-9.24594444444	707767.4375	1	253.5255	-18.2141944444	14.3669166667	6.13911111111	0.879599202347	
1	2018/4/5 10:48:37	215.621291667	-12.8459166667	708635.0625	1	253.534291667	-18.2155277778	14.3675833333	6.13936111111	0.879746953141	
1	2018/4/5 10:49:37	215.0625	-16.44425	709623.0	1	253.543083333	-18.2168611111	14.3682083333	6.13963888889	0.879894703953	
1	2018/4/5 10:50:37	214.482625	-20.0405833333	710720.5	1	253.551833333	-18.2182222222	14.3688333333	6.13988888889	0.880042454791	
1	2018/4/5 10:51:37	213.875583333	-23.6344444444	711914.875	1	253.560625	-18.2195555556	14.3694583333	6.14016666667	0.880190205614	
1	2018/4/5 10:52:37	213.234291667	-27.2253333333	713191.8125	1	253.569375	-18.2208888889	14.370125	6.14041666667	0.880337956435	
1	2018/4/5 10:53:37	212.550291667	-30.8126111111	714535.375	1	253.578166667	-18.22225	14.37075	6.14069444444	0.880485707273	
1	2018/4/5 10:54:37	211.813208333	-34.3955833333	715928.5	1	253.586958333	-18.2235833333	14.371375	6.14094444444	0.880633458109	
1	2018/4/5 10:55:37	211.010208333	-37.9732777778	717353.125	1	253.595708333	-18.2249166667	14.372	6.14122222222	0.880781208916	
1	2018/4/5 10:56:37	210.124916667	-41.5445277778	718790.3125	1	253.6045	-18.2262777778	14.3726666667	6.14147222222	0.880928959734	
1	2018/4/5 10:57:37	209.136166667	-45.1077777778	720220.875	1	253.613291667	-18.2276111111	14.3732916667	6.14172222222	0.881076710569	
1	2018/4/5 10:58:37	208.01575	-48.6609722222	721625.3125	1	253.622041667	-18.2289444444	14.3739166667	6.142	0.881224461375	
1	2018/4/5 10:59:37	206.725583333	-52.20125	722984.4375	1	253.630833333	-18.2302777778	14.3745416667	6.14225	0.881372212205	
1	2018/4/5 11:00:37	205.212375	-55.7246944444	724279.4375	1	253.639625	-18.2316388889	14.3751666667	6.14252777778	0.881519962969	
1	2018/4/5 11:01:37	203.399708333	-59.2255555556	725492.125	1	253.648375	-18.2329722222	14.3758333333	6.14277777778	0.881667713814	
1	2018/4/5 11:02:37	201.174125	-62.6951388889	726605.5	1	253.657166667	-18.2343055556	14.3764583333	6.14305555556	0.881815464614	
1	2018/4/5 11:03:37	198.360833333	-66.1199166667	727603.75	1	253.665958333	-18.2356388889	14.3770833333	6.14330555556	0.881963215436	
1	2018/4/5 11:04:37	194.678583333	-69.4774444444	728472.625	1	253.674708333	-18.2369722222	14.3777083333	6.14358333333	0.88211096626	
1	2018/4/5 12:10:37	226.820291667	47.8511111111	710644.6875	1	254.254083333	-18.3243333333	14.4195833333	6.16097222222	0.8918625203	
1	2018/4/5 12:11:37	225.729916667	44.2850277778	709846.0	1	254.262875	-18.3256388889	14.42025	6.16122222222	0.892010271132	
1	2018/4/5 12:12:37	224.76475	40.71	709067.125	1	254.271625	-18.3269444444	14.420875	6.1615	0.892158021947	
1	2018/4/5 12:13:37	223.898291667	37.1280277778	708324.875	1	254.280416667	-18.32825	14.4215	6.16175	0.892305772758	
1	2018/4/5 12:14:37	223.110458333	33.5406111111	707635.8125	1	254.289208333	-18.3295555556	14.422125	6.162	0.892453523613	
1	2018/4/5 12:15:37	222.385625	29.9488888889	707015.75	1	254.297958333	-18.3308611111	14.4227916667	6.16227777778	0.892601274377	
1	2018/4/5 12:16:37	221.7115	26.3538055556	706479.5	1	254.30675	-18.3321666667	14.4234166667	6.16252777778	0.892749025199	
1	2018/4/5 12:17:37	221.078208333	22.7561111111	706040.6875	1	254.315541667	-18.3335	14.4240416667	6.16280555556	0.892896775994	
1	2018/4/5 12:18:37	220.477583333	19.1563888889	705711.4375	1	254.324291667	-18.3348055556	14.4246666667	6.16305555556	0.893044526858	
1	2018/4/5 12:19:37	219.90275	15.5551944444	705502.3125	1	254.333083333	-18.3361111111	14.4253333333	6.16333333333	0.893192277679	
1	2018/4/5 12:20:37	219.34775	11.9529444444	705421.9375	1	254.341875	-18.3374166667	14.4259583333	6.16358333333	0.893340028487	
1	2018/4/5 12:21:37	218.807458333	8.35008333333	705476.875	1	254.350666667	-18.3387222222	14.4265833333	6.16386111111	0.893487779329	
1	2018/4/5 12:22:37	218.277166667	4.74688888889	705671.6875	1	254.359416667	-18.3400277778	14.4272083333	6.16411111111	0.893635530133	
1	2018/4/5 12:23:37	217.752416667	1.14375	706008.5	1	254.368208333	-18.3413333333	14.4278333333	6.16438888889	0.893783280977	
1	2018/4/5 12:24:37	217.229083333	-2.45902777778	706487.4375	1	254.377	-18.3426111111	14.4285	6.16463888889	0.893931031776	
1	2018/4/5 12:25:37	216.702958333	-6.06113888889	707106.0	1	254.38575	-18.3439166667	14.429125	6.16491666667	0.894078782595	
1	2018/4/5 12:26:37	216.169833333	-9.66225	707859.625	1	254.394541667	-18.3452222222	14.42975	6.16516666667	0.894226533376	
1	2018/4/5 12:27:37	215.625208333	-13.2620555556	708741.5	1	254.403333333	-18.3465277778	14.430375	6.16544444444	0.894374284235	
1	2018/4/5 12:28:37	215.06425	-16.8601666667	709742.625	1	254.412125	-18.3478333333	14.4310416667	6.16569444444	0.894522035018	
1	2018/4/5 12:29:37	214.481541667	-20.45625	710851.875	1	254.420875	-18.3491388889	14.4316666667	6.16597222222	0.89466978588	
1	2018/4/5 12:30:37	213.870916667	-24.0497777778	712056.5	1	254.429666667	-18.3504444444	14.4322916667	6.16622222222	0.894817536726	
1	2018/4/5 12:31:37	213.225166667	-27.6402777778	713341.8125	1	254.438458333	-18.35175	14.4329166667	6.1665	0.894965287487	
1	2018/4/5 12:32:37	212.535583333	-31.2271388889	714691.9375	1	254.447208333	-18.3530555556	14.4335833333	6.16675	0.895113038322	
1	2018/4/5 12:33:37	211.791583333	-34.8095277778	716089.5625	1	254.456	-18.3543333333	14.4342083333	6.16702777778	0.895260789137	
1	2018/4/5 12:34:37	210.979958333	-38.3865555556	717516.5	1	254.464791667	-18.3556388889	14.4348333333	6.16727777778	0.895408539932	
1	2018/4/5 12:35:37	210.083916667	-41.9569722222	718953.875	1	254.473541667	-18.3569444444	14.4354583333	6.16755555556	0.895556290801	
1	2018/4/5 12:36:37	209.0815	-45.5191666667	720382.375	1	254.482333333	-18.35825	14.4360833333	6.16780555556	0.89570404158	
1	2018/4/5 12:37:37	207.943666667	-49.0710277778	721782.5	1	254.491125	-18.3595277778	14.43675	6.16805555556	0.895851792387	
1	2018/4/5 12:38:37	206.63075	-52.6096111111	723135.125	1	254.499916667	-18.3608333333	14.437375	6.16833333333	0.895999543195	
1	2018/4/5 12:39:37	205.087333333	-56.1307777778	724421.5	1	254.508666667	-18.3621388889	14.438	6.16858333333	0.896147294011	
1	2018/4/5 12:40:37	203.233583333	-59.6285277778	725623.5625	1	254.517458333	-18.3634444444	14.438625	6.16886111111	0.896295044889	
1	2018/4/5 12:41:37	200.9505	-63.09375	726724.4375	1	254.52625	-18.3647222222	14.4392916667	6.16911111111	0.896442795709	
1	2018/4/5 12:42:37	198.05375	-66.5121111111	727708.4375	1	254.535	-18.3660277778	14.4399166667	6.16938888889	0.896590546489	
1	2018/4/5 12:43:37	194.245375	-69.8597777778	728561.5	1	254.543791667	-18.3673333333	14.4405416667	6.16963888889	0.896738297349	
