#trapazoidal
# startwidth 		endwidth 		startheight		endheight 		slope 			y-intercept 			area
350.000000 355.000000 0.099700 0.101600 0.000380 -0.033300 0.503250
355.000000 360.000000 0.101600 0.103400 0.000360 -0.026200 0.512500
360.000000 365.000000 0.103400 0.105800 0.000480 -0.069400 0.523000
365.000000 370.000000 0.105800 0.107800 0.000400 -0.040200 0.534000
370.000000 375.000000 0.107800 0.109900 0.000420 -0.047600 0.544250
375.000000 380.000000 0.109900 0.111700 0.000360 -0.025100 0.554000
380.000000 385.000000 0.111700 0.113500 0.000360 -0.025100 0.563000
385.000000 390.000000 0.113500 0.115300 0.000360 -0.025100 0.572000
390.000000 395.000000 0.115300 0.117100 0.000360 -0.025100 0.581000
395.000000 400.000000 0.117100 0.118300 0.000240 0.022300 0.588500
400.000000 405.000000 0.118300 0.120200 0.000380 -0.033700 0.596250
405.000000 410.000000 0.120200 0.121900 0.000340 -0.017500 0.605250
410.000000 415.000000 0.121900 0.123400 0.000300 -0.001100 0.613250
415.000000 420.000000 0.123400 0.124600 0.000240 0.023800 0.620000
420.000000 425.000000 0.124600 0.126400 0.000360 -0.026600 0.627500
425.000000 430.000000 0.126400 0.127800 0.000280 0.007400 0.635500
430.000000 435.000000 0.127800 0.129300 0.000300 -0.001200 0.642750
435.000000 440.000000 0.129300 0.130600 0.000260 0.016200 0.649750
440.000000 445.000000 0.130600 0.132000 0.000280 0.007400 0.656500
445.000000 450.000000 0.132000 0.133300 0.000260 0.016300 0.663250
450.000000 455.000000 0.133300 0.135000 0.000340 -0.019700 0.670750
455.000000 460.000000 0.135000 0.136000 0.000200 0.044000 0.677500
460.000000 465.000000 0.136000 0.137300 0.000260 0.016400 0.683250
465.000000 470.000000 0.137300 0.138700 0.000280 0.007100 0.690000
470.000000 475.000000 0.138700 0.140300 0.000320 -0.011700 0.697500
475.000000 480.000000 0.140300 0.141700 0.000280 0.007300 0.705000
480.000000 485.000000 0.141700 0.142900 0.000240 0.026500 0.711500
485.000000 490.000000 0.142900 0.144000 0.000220 0.036200 0.717250
490.000000 495.000000 0.144000 0.145200 0.000240 0.026400 0.723000
495.000000 500.000000 0.145200 0.146400 0.000240 0.026400 0.729000
500.000000 505.000000 0.146400 0.147500 0.000220 0.036400 0.734750
505.000000 510.000000 0.147500 0.148700 0.000240 0.026300 0.740500
510.000000 515.000000 0.148700 0.150200 0.000300 -0.004300 0.747250
515.000000 520.000000 0.150200 0.151300 0.000220 0.036900 0.753750
520.000000 525.000000 0.151300 0.152400 0.000220 0.036900 0.759250
525.000000 530.000000 0.152400 0.153400 0.000200 0.047400 0.764500
530.000000 535.000000 0.153400 0.154700 0.000260 0.015600 0.770250
535.000000 540.000000 0.154700 0.155700 0.000200 0.047700 0.776000
540.000000 545.000000 0.155700 0.156800 0.000220 0.036900 0.781250
545.000000 550.000000 0.156800 0.157900 0.000220 0.036900 0.786750
550.000000 555.000000 0.157900 0.158900 0.000200 0.047900 0.792000
555.000000 560.000000 0.158900 0.160000 0.000220 0.036800 0.797250
560.000000 565.000000 0.160000 0.161000 0.000200 0.048000 0.802500
565.000000 570.000000 0.161000 0.162100 0.000220 0.036700 0.807750
570.000000 575.000000 0.162100 0.163000 0.000180 0.059500 0.812750
575.000000 580.000000 0.163000 0.164100 0.000220 0.036500 0.817750
580.000000 585.000000 0.164100 0.165000 0.000180 0.059700 0.822750
585.000000 590.000000 0.165000 0.166100 0.000220 0.036300 0.827750
590.000000 595.000000 0.166100 0.167000 0.000180 0.059900 0.832750
595.000000 600.000000 0.167000 0.168000 0.000200 0.048000 0.837500
600.000000 605.000000 0.168000 0.169100 0.000220 0.036000 0.842750
605.000000 610.000000 0.169100 0.170000 0.000180 0.060200 0.847750
610.000000 615.000000 0.170000 0.171000 0.000200 0.048000 0.852500
615.000000 620.000000 0.171000 0.172100 0.000220 0.035700 0.857750
620.000000 625.000000 0.172100 0.173100 0.000200 0.048100 0.863000
625.000000 630.000000 0.173100 0.174100 0.000200 0.048100 0.868000
630.000000 635.000000 0.174100 0.175000 0.000180 0.060700 0.872750
635.000000 640.000000 0.175000 0.175900 0.000180 0.060700 0.877250
640.000000 645.000000 0.175900 0.177000 0.000220 0.035100 0.882250
645.000000 650.000000 0.177000 0.177800 0.000160 0.073800 0.887000
650.000000 655.000000 0.177800 0.178800 0.000200 0.047800 0.891500
655.000000 660.000000 0.178800 0.179800 0.000200 0.047800 0.896500
660.000000 665.000000 0.179800 0.180800 0.000200 0.047800 0.901500
665.000000 670.000000 0.180800 0.181500 0.000140 0.087700 0.905750
670.000000 675.000000 0.181500 0.182400 0.000180 0.060900 0.909750
675.000000 680.000000 0.182400 0.183200 0.000160 0.074400 0.914000
680.000000 685.000000 0.183200 0.184200 0.000200 0.047200 0.918500
685.000000 690.000000 0.184200 0.185000 0.000160 0.074600 0.923000
690.000000 695.000000 0.185000 0.185800 0.000160 0.074600 0.927000
695.000000 700.000000 0.185800 0.186700 0.000180 0.060700 0.931250
700.000000 705.000000 0.186700 0.187600 0.000180 0.060700 0.935750
705.000000 710.000000 0.187600 0.188300 0.000140 0.088900 0.939750
710.000000 715.000000 0.188300 0.188900 0.000120 0.103100 0.943000
715.000000 720.000000 0.188900 0.189500 0.000120 0.103100 0.946000
720.000000 725.000000 0.189500 0.190300 0.000160 0.074300 0.949500
725.000000 730.000000 0.190300 0.191200 0.000180 0.059800 0.953750
730.000000 735.000000 0.191200 0.191900 0.000140 0.089000 0.957750
735.000000 740.000000 0.191900 0.192600 0.000140 0.089000 0.961250
740.000000 745.000000 0.192600 0.193500 0.000180 0.059400 0.965250
745.000000 750.000000 0.193500 0.194200 0.000140 0.089200 0.969250
750.000000 755.000000 0.194200 0.194900 0.000140 0.089200 0.972750
755.000000 760.000000 0.194900 0.195500 0.000120 0.104300 0.976000
760.000000 765.000000 0.195500 0.195800 0.000060 0.149900 0.978250
765.000000 770.000000 0.195800 0.196200 0.000080 0.134600 0.980000
770.000000 775.000000 0.196200 0.196500 0.000060 0.150000 0.981750
775.000000 780.000000 0.196500 0.197000 0.000100 0.119000 0.983750
780.000000 785.000000 0.197000 0.197600 0.000120 0.103400 0.986500
785.000000 790.000000 0.197600 0.197900 0.000060 0.150500 0.988750
790.000000 795.000000 0.197900 0.198500 0.000120 0.103100 0.991000
795.000000 800.000000 0.198500 0.198900 0.000080 0.134900 0.993500
800.000000 805.000000 0.198900 0.199200 0.000060 0.150900 0.995250
805.000000 810.000000 0.199200 0.199500 0.000060 0.150900 0.996750
810.000000 815.000000 0.199500 0.200000 0.000100 0.118500 0.998750
815.000000 820.000000 0.200000 0.200000 0.000000 0.200000 1.000000
820.000000 825.000000 0.200000 0.200300 0.000060 0.150800 1.000750
825.000000 830.000000 0.200300 0.200700 0.000080 0.134300 1.002500
830.000000 835.000000 0.200700 0.200700 0.000000 0.200700 1.003500
835.000000 840.000000 0.200700 0.200900 0.000040 0.167300 1.004000
840.000000 845.000000 0.200900 0.200800 -0.000020 0.217700 1.004250
845.000000 850.000000 0.200800 0.200900 0.000020 0.183900 1.004250
850.000000 855.000000 0.200900 0.200900 0.000000 0.200900 1.004500
855.000000 860.000000 0.200900 0.200800 -0.000020 0.218000 1.004250
860.000000 865.000000 0.200800 0.200900 0.000020 0.183600 1.004250
865.000000 870.000000 0.200900 0.200900 0.000000 0.200900 1.004500
870.000000 875.000000 0.200900 0.201200 0.000060 0.148700 1.005250
875.000000 880.000000 0.201200 0.201100 -0.000020 0.218700 1.005750
880.000000 885.000000 0.201100 0.201400 0.000060 0.148300 1.006250
885.000000 890.000000 0.201400 0.201400 0.000000 0.201400 1.007000
890.000000 895.000000 0.201400 0.201100 -0.000060 0.254800 1.006250
895.000000 900.000000 0.201100 0.201500 0.000080 0.129500 1.006500
900.000000 905.000000 0.201500 0.201800 0.000060 0.147500 1.008250
905.000000 910.000000 0.201800 0.201900 0.000020 0.183700 1.009250
910.000000 915.000000 0.201900 0.202300 0.000080 0.129100 1.010500
915.000000 920.000000 0.202300 0.202800 0.000100 0.110800 1.012750
920.000000 925.000000 0.202800 0.203200 0.000080 0.129200 1.015000
925.000000 930.000000 0.203200 0.203500 0.000060 0.147700 1.016750
930.000000 935.000000 0.203500 0.203800 0.000060 0.147700 1.018250
935.000000 940.000000 0.203800 0.204400 0.000120 0.091600 1.020500
940.000000 945.000000 0.204400 0.204900 0.000100 0.110400 1.023250
945.000000 950.000000 0.204900 0.205500 0.000120 0.091500 1.026000
950.000000 955.000000 0.205500 0.205900 0.000080 0.129500 1.028500
955.000000 960.000000 0.205900 0.206600 0.000140 0.072200 1.031250
960.000000 965.000000 0.206600 0.207300 0.000140 0.072200 1.034750
965.000000 970.000000 0.207300 0.207900 0.000120 0.091500 1.038000
970.000000 975.000000 0.207900 0.208700 0.000160 0.052700 1.041500
975.000000 980.000000 0.208700 0.209400 0.000140 0.072200 1.045250
980.000000 985.000000 0.209400 0.210100 0.000140 0.072200 1.048750
985.000000 990.000000 0.210100 0.210900 0.000160 0.052500 1.052500
990.000000 995.000000 0.210900 0.211700 0.000160 0.052500 1.056500
995.000000 1000.000000 0.211700 0.212400 0.000140 0.072400 1.060250
1000.000000 1005.000000 0.212400 0.213200 0.000160 0.052400 1.064000
1005.000000 1010.000000 0.213200 0.214200 0.000200 0.012200 1.068500
1010.000000 1015.000000 0.214200 0.215100 0.000180 0.032400 1.073250
1015.000000 1020.000000 0.215100 0.215800 0.000140 0.073000 1.077250
1020.000000 1025.000000 0.215800 0.216600 0.000160 0.052600 1.081000
1025.000000 1030.000000 0.216600 0.217300 0.000140 0.073100 1.084750
1030.000000 1035.000000 0.217300 0.218100 0.000160 0.052500 1.088500
1035.000000 1040.000000 0.218100 0.219000 0.000180 0.031800 1.092750
1040.000000 1045.000000 0.219000 0.219900 0.000180 0.031800 1.097250
1045.000000 1050.000000 0.219900 0.220900 0.000200 0.010900 1.102000
1050.000000 1055.000000 0.220900 0.221500 0.000120 0.094900 1.106000
1055.000000 1060.000000 0.221500 0.222400 0.000180 0.031600 1.109750
1060.000000 1065.000000 0.222400 0.223100 0.000140 0.074000 1.113750
1065.000000 1070.000000 0.223100 0.223800 0.000140 0.074000 1.117250
1070.000000 1075.000000 0.223800 0.224900 0.000220 -0.011600 1.121750
1075.000000 1080.000000 0.224900 0.225600 0.000140 0.074400 1.126250
1080.000000 1085.000000 0.225600 0.226400 0.000160 0.052800 1.130000
1085.000000 1090.000000 0.226400 0.227300 0.000180 0.031100 1.134250
1090.000000 1095.000000 0.227300 0.228200 0.000180 0.031100 1.138750
1095.000000 1100.000000 0.228200 0.229100 0.000180 0.031100 1.143250
1100.000000 1105.000000 0.229100 0.229800 0.000140 0.075100 1.147250
1105.000000 1110.000000 0.229800 0.230800 0.000200 0.008800 1.151500
1110.000000 1115.000000 0.230800 0.231800 0.000200 0.008800 1.156500
1115.000000 1120.000000 0.231800 0.232500 0.000140 0.075700 1.160750
1120.000000 1125.000000 0.232500 0.233200 0.000140 0.075700 1.164250
1125.000000 1130.000000 0.233200 0.234100 0.000180 0.030700 1.168250
1130.000000 1135.000000 0.234100 0.234900 0.000160 0.053300 1.172500
1135.000000 1140.000000 0.234900 0.235600 0.000140 0.076000 1.176250
1140.000000 1145.000000 0.235600 0.236200 0.000120 0.098800 1.179500
1145.000000 1150.000000 0.236200 0.237100 0.000180 0.030100 1.183250
1150.000000 1155.000000 0.237100 0.237800 0.000140 0.076100 1.187250
1155.000000 1160.000000 0.237800 0.238500 0.000140 0.076100 1.190750
1160.000000 1165.000000 0.238500 0.239100 0.000120 0.099300 1.194000
1165.000000 1170.000000 0.239100 0.239800 0.000140 0.076000 1.197250
1170.000000 1175.000000 0.239800 0.240500 0.000140 0.076000 1.200750
1175.000000 1180.000000 0.240500 0.241200 0.000140 0.076000 1.204250
1180.000000 1185.000000 0.241200 0.241700 0.000100 0.123200 1.207250
1185.000000 1190.000000 0.241700 0.242300 0.000120 0.099500 1.210000
1190.000000 1195.000000 0.242300 0.243000 0.000140 0.075700 1.213250
1195.000000 1200.000000 0.243000 0.243600 0.000120 0.099600 1.216500
1200.000000 1205.000000 0.243600 0.244400 0.000160 0.051600 1.220000
1205.000000 1210.000000 0.244400 0.245000 0.000120 0.099800 1.223500
1210.000000 1215.000000 0.245000 0.245700 0.000140 0.075600 1.226750
1215.000000 1220.000000 0.245700 0.246200 0.000100 0.124200 1.229750
1220.000000 1225.000000 0.246200 0.246800 0.000120 0.099800 1.232500
1225.000000 1230.000000 0.246800 0.247300 0.000100 0.124300 1.235250
1230.000000 1235.000000 0.247300 0.247900 0.000120 0.099700 1.238000
1235.000000 1240.000000 0.247900 0.248400 0.000100 0.124400 1.240750
1240.000000 1245.000000 0.248400 0.249300 0.000180 0.025200 1.244250
1245.000000 1250.000000 0.249300 0.250000 0.000140 0.075000 1.248250
1250.000000 1255.000000 0.250000 0.250700 0.000140 0.075000 1.251750
1255.000000 1260.000000 0.250700 0.251100 0.000080 0.150300 1.254500
1260.000000 1265.000000 0.251100 0.251800 0.000140 0.074700 1.257250
1265.000000 1270.000000 0.251800 0.252600 0.000160 0.049400 1.261000
1270.000000 1275.000000 0.252600 0.253000 0.000080 0.151000 1.264000
1275.000000 1280.000000 0.253000 0.253700 0.000140 0.074500 1.266750
1280.000000 1285.000000 0.253700 0.254300 0.000120 0.100100 1.270000
1285.000000 1290.000000 0.254300 0.254700 0.000080 0.151500 1.272500
1290.000000 1295.000000 0.254700 0.255400 0.000140 0.074100 1.275250
1295.000000 1300.000000 0.255400 0.256100 0.000140 0.074100 1.278750
1300.000000 1305.000000 0.256100 0.256800 0.000140 0.074100 1.282250
1305.000000 1310.000000 0.256800 0.257700 0.000180 0.021900 1.286250
1310.000000 1315.000000 0.257700 0.258400 0.000140 0.074300 1.290250
1315.000000 1320.000000 0.258400 0.258900 0.000100 0.126900 1.293250
1320.000000 1325.000000 0.258900 0.259500 0.000120 0.100500 1.296000
1325.000000 1330.000000 0.259500 0.260200 0.000140 0.074000 1.299250
1330.000000 1335.000000 0.260200 0.261000 0.000160 0.047400 1.303000
1335.000000 1340.000000 0.261000 0.261600 0.000120 0.100800 1.306500
1340.000000 1345.000000 0.261600 0.262200 0.000120 0.100800 1.309500
1345.000000 1350.000000 0.262200 0.263000 0.000160 0.047000 1.313000
1350.000000 1355.000000 0.263000 0.263600 0.000120 0.101000 1.316500
1355.000000 1360.000000 0.263600 0.264200 0.000120 0.101000 1.319500
1360.000000 1365.000000 0.264200 0.265300 0.000220 -0.035000 1.323750
1365.000000 1370.000000 0.265300 0.265800 0.000100 0.128800 1.327750
1370.000000 1375.000000 0.265800 0.266100 0.000060 0.183600 1.329750
1375.000000 1380.000000 0.266100 0.267000 0.000180 0.018600 1.332750
1380.000000 1385.000000 0.267000 0.268000 0.000200 -0.009000 1.337500
1385.000000 1390.000000 0.268000 0.268500 0.000100 0.129500 1.341250
1390.000000 1395.000000 0.268500 0.268800 0.000060 0.185100 1.343250
1395.000000 1400.000000 0.268800 0.269300 0.000100 0.129300 1.345250
1400.000000 1405.000000 0.269300 0.269900 0.000120 0.101300 1.348000
1405.000000 1410.000000 0.269900 0.270800 0.000180 0.017000 1.351750
1410.000000 1415.000000 0.270800 0.271400 0.000120 0.101600 1.355500
1415.000000 1420.000000 0.271400 0.272100 0.000140 0.073300 1.358750
1420.000000 1425.000000 0.272100 0.272500 0.000080 0.158500 1.361500
1425.000000 1430.000000 0.272500 0.273300 0.000160 0.044500 1.364500
1430.000000 1435.000000 0.273300 0.273900 0.000120 0.101700 1.368000
1435.000000 1440.000000 0.273900 0.274700 0.000160 0.044300 1.371500
1440.000000 1445.000000 0.274700 0.275100 0.000080 0.159500 1.374500
1445.000000 1450.000000 0.275100 0.275600 0.000100 0.130600 1.376750
1450.000000 1455.000000 0.275600 0.276400 0.000160 0.043600 1.380000
1455.000000 1460.000000 0.276400 0.276800 0.000080 0.160000 1.383000
1460.000000 1465.000000 0.276800 0.277600 0.000160 0.043200 1.386000
1465.000000 1470.000000 0.277600 0.278200 0.000120 0.101800 1.389500
1470.000000 1475.000000 0.278200 0.278600 0.000080 0.160600 1.392000
1475.000000 1480.000000 0.278600 0.279200 0.000120 0.101600 1.394500
1480.000000 1485.000000 0.279200 0.279800 0.000120 0.101600 1.397500
1485.000000 1490.000000 0.279800 0.280300 0.000100 0.131300 1.400250
1490.000000 1495.000000 0.280300 0.280800 0.000100 0.131300 1.402750
1495.000000 1500.000000 0.280800 0.281200 0.000080 0.161200 1.405000
1500.000000 1505.000000 0.281200 0.282000 0.000160 0.041200 1.408000
1505.000000 1510.000000 0.282000 0.282200 0.000040 0.221800 1.410500
1510.000000 1515.000000 0.282200 0.282800 0.000120 0.101000 1.412500
1515.000000 1520.000000 0.282800 0.283300 0.000100 0.131300 1.415250
1520.000000 1525.000000 0.283300 0.283900 0.000120 0.100900 1.418000
1525.000000 1530.000000 0.283900 0.284300 0.000080 0.161900 1.420500
1530.000000 1535.000000 0.284300 0.284700 0.000080 0.161900 1.422500
1535.000000 1540.000000 0.284700 0.285200 0.000100 0.131200 1.424750
1540.000000 1545.000000 0.285200 0.285700 0.000100 0.131200 1.427250
1545.000000 1550.000000 0.285700 0.286300 0.000120 0.100300 1.430000
1550.000000 1555.000000 0.286300 0.286400 0.000020 0.255300 1.431750
1555.000000 1560.000000 0.286400 0.287100 0.000140 0.068700 1.433750
1560.000000 1565.000000 0.287100 0.287600 0.000100 0.131100 1.436750
1565.000000 1570.000000 0.287600 0.288000 0.000080 0.162400 1.439000
1570.000000 1575.000000 0.288000 0.288300 0.000060 0.193800 1.440750
1575.000000 1580.000000 0.288300 0.288700 0.000080 0.162300 1.442500
1580.000000 1585.000000 0.288700 0.289100 0.000080 0.162300 1.444500
1585.000000 1590.000000 0.289100 0.289700 0.000120 0.098900 1.447000
1590.000000 1595.000000 0.289700 0.290000 0.000060 0.194300 1.449250
1595.000000 1600.000000 0.290000 0.290300 0.000060 0.194300 1.450750
1600.000000 1605.000000 0.290300 0.290400 0.000020 0.258300 1.451750
1605.000000 1610.000000 0.290400 0.290900 0.000100 0.129900 1.453250
1610.000000 1615.000000 0.290900 0.291400 0.000100 0.129900 1.455750
1615.000000 1620.000000 0.291400 0.291700 0.000060 0.194500 1.457750
1620.000000 1625.000000 0.291700 0.292100 0.000080 0.162100 1.459500
1625.000000 1630.000000 0.292100 0.292000 -0.000020 0.324600 1.460250
1630.000000 1635.000000 0.292000 0.292000 0.000000 0.292000 1.460000
1635.000000 1640.000000 0.292000 0.292400 0.000080 0.161200 1.461000
1640.000000 1645.000000 0.292400 0.292700 0.000060 0.194000 1.462750
1645.000000 1650.000000 0.292700 0.292900 0.000040 0.226900 1.464000
1650.000000 1655.000000 0.292900 0.293400 0.000100 0.127900 1.465750
1655.000000 1660.000000 0.293400 0.294000 0.000120 0.094800 1.468500
1660.000000 1665.000000 0.294000 0.294400 0.000080 0.161200 1.471000
1665.000000 1670.000000 0.294400 0.294500 0.000020 0.261100 1.472250
1670.000000 1675.000000 0.294500 0.294900 0.000080 0.160900 1.473500
1675.000000 1680.000000 0.294900 0.295200 0.000060 0.194400 1.475250
1680.000000 1685.000000 0.295200 0.295500 0.000060 0.194400 1.476750
1685.000000 1690.000000 0.295500 0.295600 0.000020 0.261800 1.477750
1690.000000 1695.000000 0.295600 0.295900 0.000060 0.194200 1.478750
1695.000000 1700.000000 0.295900 0.296100 0.000040 0.228100 1.480000
1700.000000 1705.000000 0.296100 0.296500 0.000080 0.160100 1.481500
1705.000000 1710.000000 0.296500 0.296800 0.000060 0.194200 1.483250
1710.000000 1715.000000 0.296800 0.297100 0.000060 0.194200 1.484750
1715.000000 1720.000000 0.297100 0.297600 0.000100 0.125600 1.486750
1720.000000 1725.000000 0.297600 0.297600 0.000000 0.297600 1.488000
1725.000000 1730.000000 0.297600 0.297800 0.000040 0.228600 1.488500
1730.000000 1735.000000 0.297800 0.298000 0.000040 0.228600 1.489500
1735.000000 1740.000000 0.298000 0.298200 0.000040 0.228600 1.490500
1740.000000 1745.000000 0.298200 0.298600 0.000080 0.159000 1.492000
1745.000000 1750.000000 0.298600 0.298800 0.000040 0.228800 1.493500
1750.000000 1755.000000 0.298800 0.299000 0.000040 0.228800 1.494500
1755.000000 1760.000000 0.299000 0.299300 0.000060 0.193700 1.495750
1760.000000 1765.000000 0.299300 0.299500 0.000040 0.228900 1.497000
1765.000000 1770.000000 0.299500 0.299600 0.000020 0.264200 1.497750
1770.000000 1775.000000 0.299600 0.300000 0.000080 0.158000 1.499000
1775.000000 1780.000000 0.300000 0.300200 0.000040 0.229000 1.500500
1780.000000 1785.000000 0.300200 0.300500 0.000060 0.193400 1.501750
1785.000000 1790.000000 0.300500 0.300600 0.000020 0.264800 1.502750
1790.000000 1795.000000 0.300600 0.301000 0.000080 0.157400 1.504000
1795.000000 1800.000000 0.301000 0.301100 0.000020 0.265100 1.505250
1800.000000 1805.000000 0.301100 0.301500 0.000080 0.157100 1.506500
1805.000000 1810.000000 0.301500 0.301600 0.000020 0.265400 1.507750
1810.000000 1815.000000 0.301600 0.301900 0.000060 0.193000 1.508750
1815.000000 1820.000000 0.301900 0.302200 0.000060 0.193000 1.510250
1820.000000 1825.000000 0.302200 0.302700 0.000100 0.120200 1.512250
1825.000000 1830.000000 0.302700 0.302700 0.000000 0.302700 1.513500
1830.000000 1835.000000 0.302700 0.303200 0.000100 0.119700 1.514750
1835.000000 1840.000000 0.303200 0.303700 0.000100 0.119700 1.517250
1840.000000 1845.000000 0.303700 0.303800 0.000020 0.266900 1.518750
1845.000000 1850.000000 0.303800 0.304000 0.000040 0.230000 1.519500
1850.000000 1855.000000 0.304000 0.304300 0.000060 0.193000 1.520750
1855.000000 1860.000000 0.304300 0.304400 0.000020 0.267200 1.521750
1860.000000 1865.000000 0.304400 0.304700 0.000060 0.192800 1.522750
1865.000000 1870.000000 0.304700 0.305100 0.000080 0.155500 1.524500
1870.000000 1875.000000 0.305100 0.305900 0.000160 0.005900 1.527500
1875.000000 1880.000000 0.305900 0.305900 0.000000 0.305900 1.529500
1880.000000 1885.000000 0.305900 0.305800 -0.000020 0.343500 1.529250
1885.000000 1890.000000 0.305800 0.305900 0.000020 0.268100 1.529250
1890.000000 1895.000000 0.305900 0.306500 0.000120 0.079100 1.531000
1895.000000 1900.000000 0.306500 0.306300 -0.000040 0.382300 1.532000
1900.000000 1905.000000 0.306300 0.307100 0.000160 0.002300 1.533500
1905.000000 1910.000000 0.307100 0.307600 0.000100 0.116600 1.536750
1910.000000 1915.000000 0.307600 0.307600 0.000000 0.307600 1.538000
1915.000000 1920.000000 0.307600 0.307900 0.000060 0.192700 1.538750
1920.000000 1925.000000 0.307900 0.308500 0.000120 0.077500 1.541000
1925.000000 1930.000000 0.308500 0.308500 0.000000 0.308500 1.542500
1930.000000 1935.000000 0.308500 0.308800 0.000060 0.192700 1.543250
1935.000000 1940.000000 0.308800 0.309100 0.000060 0.192700 1.544750
1940.000000 1945.000000 0.309100 0.309300 0.000040 0.231500 1.546000
1945.000000 1950.000000 0.309300 0.309400 0.000020 0.270400 1.546750
1950.000000 1955.000000 0.309400 0.309700 0.000060 0.192400 1.547750
1955.000000 1960.000000 0.309700 0.310000 0.000060 0.192400 1.549250
1960.000000 1965.000000 0.310000 0.310600 0.000120 0.074800 1.551500
1965.000000 1970.000000 0.310600 0.310700 0.000020 0.271300 1.553250
1970.000000 1975.000000 0.310700 0.311000 0.000060 0.192500 1.554250
1975.000000 1980.000000 0.311000 0.311500 0.000100 0.113500 1.556250
1980.000000 1985.000000 0.311500 0.311900 0.000080 0.153100 1.558500
1985.000000 1990.000000 0.311900 0.312200 0.000060 0.192800 1.560250
1990.000000 1995.000000 0.312200 0.312600 0.000080 0.153000 1.562000
1995.000000 2000.000000 0.312600 0.313200 0.000120 0.073200 1.564500
2000.000000 2005.000000 0.313200 0.313300 0.000020 0.273200 1.566250
2005.000000 2010.000000 0.313300 0.313900 0.000120 0.072700 1.568000
2010.000000 2015.000000 0.313900 0.314400 0.000100 0.112900 1.570750
2015.000000 2020.000000 0.314400 0.315000 0.000120 0.072600 1.573500
2020.000000 2025.000000 0.315000 0.315400 0.000080 0.153400 1.576000
2025.000000 2030.000000 0.315400 0.315900 0.000100 0.112900 1.578250
2030.000000 2035.000000 0.315900 0.316200 0.000060 0.194100 1.580250
2035.000000 2040.000000 0.316200 0.316600 0.000080 0.153400 1.582000
2040.000000 2045.000000 0.316600 0.316800 0.000040 0.235000 1.583500
2045.000000 2050.000000 0.316800 0.317200 0.000080 0.153200 1.585000
2050.000000 2055.000000 0.317200 0.317700 0.000100 0.112200 1.587250
2055.000000 2060.000000 0.317700 0.318400 0.000140 0.030000 1.590250
2060.000000 2065.000000 0.318400 0.318500 0.000020 0.277200 1.592250
2065.000000 2070.000000 0.318500 0.319000 0.000100 0.112000 1.593750
2070.000000 2075.000000 0.319000 0.319600 0.000120 0.070600 1.596500
2075.000000 2080.000000 0.319600 0.320000 0.000080 0.153600 1.599000
2080.000000 2085.000000 0.320000 0.320600 0.000120 0.070400 1.601500
2085.000000 2090.000000 0.320600 0.321000 0.000080 0.153800 1.604000
2090.000000 2095.000000 0.321000 0.321600 0.000120 0.070200 1.606500
2095.000000 2100.000000 0.321600 0.321900 0.000060 0.195900 1.608750
2100.000000 2105.000000 0.321900 0.322300 0.000080 0.153900 1.610500
2105.000000 2110.000000 0.322300 0.322900 0.000120 0.069700 1.613000
2110.000000 2115.000000 0.322900 0.323300 0.000080 0.154100 1.615500
2115.000000 2120.000000 0.323300 0.323800 0.000100 0.111800 1.617750
2120.000000 2125.000000 0.323800 0.324300 0.000100 0.111800 1.620250
2125.000000 2130.000000 0.324300 0.324700 0.000080 0.154300 1.622500
2130.000000 2135.000000 0.324700 0.325400 0.000140 0.026500 1.625250
2135.000000 2140.000000 0.325400 0.325700 0.000060 0.197300 1.627750
2140.000000 2145.000000 0.325700 0.326000 0.000060 0.197300 1.629250
2145.000000 2150.000000 0.326000 0.326200 0.000040 0.240200 1.630500
2150.000000 2155.000000 0.326200 0.326800 0.000120 0.068200 1.632500
2155.000000 2160.000000 0.326800 0.327100 0.000060 0.197500 1.634750
2160.000000 2165.000000 0.327100 0.327500 0.000080 0.154300 1.636500
2165.000000 2170.000000 0.327500 0.327800 0.000060 0.197600 1.638250
2170.000000 2175.000000 0.327800 0.328300 0.000100 0.110800 1.640250
2175.000000 2180.000000 0.328300 0.328600 0.000060 0.197800 1.642250
2180.000000 2185.000000 0.328600 0.329000 0.000080 0.154200 1.644000
2185.000000 2190.000000 0.329000 0.329300 0.000060 0.197900 1.645750
2190.000000 2195.000000 0.329300 0.329700 0.000080 0.154100 1.647500
2195.000000 2200.000000 0.329700 0.330300 0.000120 0.066300 1.650000
2200.000000 2205.000000 0.330300 0.331100 0.000160 -0.021700 1.653500
2205.000000 2210.000000 0.331100 0.331600 0.000100 0.110600 1.656750
2210.000000 2215.000000 0.331600 0.332000 0.000080 0.154800 1.659000
2215.000000 2220.000000 0.332000 0.332700 0.000140 0.021900 1.661750
2220.000000 2225.000000 0.332700 0.333300 0.000120 0.066300 1.665000
2225.000000 2230.000000 0.333300 0.333700 0.000080 0.155300 1.667500
2230.000000 2235.000000 0.333700 0.334200 0.000100 0.110700 1.669750
2235.000000 2240.000000 0.334200 0.334600 0.000080 0.155400 1.672000
2240.000000 2245.000000 0.334600 0.335200 0.000120 0.065800 1.674500
2245.000000 2250.000000 0.335200 0.335600 0.000080 0.155600 1.677000
2250.000000 2255.000000 0.335600 0.336400 0.000160 -0.024400 1.680000
2255.000000 2260.000000 0.336400 0.336900 0.000100 0.110900 1.683250
2260.000000 2265.000000 0.336900 0.337600 0.000140 0.020500 1.686250
2265.000000 2270.000000 0.337600 0.338100 0.000100 0.111100 1.689250
2270.000000 2275.000000 0.338100 0.338900 0.000160 -0.025100 1.692500
2275.000000 2280.000000 0.338900 0.339400 0.000100 0.111400 1.695750
2280.000000 2285.000000 0.339400 0.339700 0.000060 0.202600 1.697750
2285.000000 2290.000000 0.339700 0.340200 0.000100 0.111200 1.699750
2290.000000 2295.000000 0.340200 0.340700 0.000100 0.111200 1.702250
2295.000000 2300.000000 0.340700 0.341300 0.000120 0.065300 1.705000
2300.000000 2305.000000 0.341300 0.341900 0.000120 0.065300 1.708000
2305.000000 2310.000000 0.341900 0.342200 0.000060 0.203600 1.710250
2310.000000 2315.000000 0.342200 0.342700 0.000100 0.111200 1.712250
2315.000000 2320.000000 0.342700 0.342900 0.000040 0.250100 1.714000
2320.000000 2325.000000 0.342900 0.343400 0.000100 0.110900 1.715750
2325.000000 2330.000000 0.343400 0.344100 0.000140 0.017900 1.718750
2330.000000 2335.000000 0.344100 0.344700 0.000120 0.064500 1.722000
2335.000000 2340.000000 0.344700 0.345000 0.000060 0.204600 1.724250
2340.000000 2345.000000 0.345000 0.345200 0.000040 0.251400 1.725500
2345.000000 2350.000000 0.345200 0.345500 0.000060 0.204500 1.726750
2350.000000 2355.000000 0.345500 0.345900 0.000080 0.157500 1.728500
2355.000000 2360.000000 0.345900 0.346300 0.000080 0.157500 1.730500
2360.000000 2365.000000 0.346300 0.346500 0.000040 0.251900 1.732000
2365.000000 2370.000000 0.346500 0.347100 0.000120 0.062700 1.734000
2370.000000 2375.000000 0.347100 0.347300 0.000040 0.252300 1.736000
2375.000000 2380.000000 0.347300 0.347800 0.000100 0.109800 1.737750
2380.000000 2385.000000 0.347800 0.348100 0.000060 0.205000 1.739750
2385.000000 2390.000000 0.348100 0.348800 0.000140 0.014200 1.742250
2390.000000 2395.000000 0.348800 0.349400 0.000120 0.062000 1.745500
2395.000000 2400.000000 0.349400 0.350100 0.000140 0.014100 1.748750
2400.000000 2405.000000 0.350100 0.350500 0.000080 0.158100 1.751500
2405.000000 2410.000000 0.350500 0.350900 0.000080 0.158100 1.753500
2410.000000 2415.000000 0.350900 0.351100 0.000040 0.254500 1.755000
2415.000000 2420.000000 0.351100 0.351900 0.000160 -0.035300 1.757500
2420.000000 2425.000000 0.351900 0.352500 0.000120 0.061500 1.761000
2425.000000 2430.000000 0.352500 0.352500 0.000000 0.352500 1.762500
2430.000000 2435.000000 0.352500 0.353000 0.000100 0.109500 1.763750
2435.000000 2440.000000 0.353000 0.353600 0.000120 0.060800 1.766500
2440.000000 2445.000000 0.353600 0.353700 0.000020 0.304800 1.768250
2445.000000 2450.000000 0.353700 0.354300 0.000120 0.060300 1.770000
2450.000000 2455.000000 0.354300 0.354700 0.000080 0.158300 1.772500
2455.000000 2460.000000 0.354700 0.355000 0.000060 0.207400 1.774250
2460.000000 2465.000000 0.355000 0.355300 0.000060 0.207400 1.775750
2465.000000 2470.000000 0.355300 0.355900 0.000120 0.059500 1.778000
2470.000000 2475.000000 0.355900 0.357100 0.000240 -0.236900 1.782500
2475.000000 2480.000000 0.357100 0.357300 0.000040 0.258100 1.786000
2480.000000 2485.000000 0.357300 0.357300 0.000000 0.357300 1.786500
2485.000000 2490.000000 0.357300 0.357900 0.000120 0.059100 1.788000
2490.000000 2495.000000 0.357900 0.358400 0.000100 0.108900 1.790750
2495.000000 2500.000000 0.358400 0.358900 0.000100 0.108900 1.793250
2500.000000 2505.000000 0.358900 0.359000 0.000020 0.308900 1.794750
2505.000000 2510.000000 0.359000 0.359700 0.000140 0.008300 1.796750
2510.000000 2515.000000 0.359700 0.359600 -0.000020 0.409900 1.798250
2515.000000 2520.000000 0.359600 0.360900 0.000260 -0.294300 1.801250
2520.000000 2525.000000 0.360900 0.361500 0.000120 0.058500 1.806000
2525.000000 2530.000000 0.361500 0.361700 0.000040 0.260500 1.808000
2530.000000 2535.000000 0.361700 0.362400 0.000140 0.007500 1.810250
2535.000000 2540.000000 0.362400 0.363300 0.000180 -0.093900 1.814250
2540.000000 2545.000000 0.363300 0.363500 0.000040 0.261700 1.817000
2545.000000 2550.000000 0.363500 0.364400 0.000180 -0.094600 1.819750
