#trapazoidal
# startwidth 		endwidth 		startheight		endheight 		slope 			y-intercept 			area
350.000000 355.000000 0.061565 0.062763 0.000240 -0.022295 0.310820
355.000000 360.000000 0.062763 0.063901 0.000228 -0.018035 0.316660
360.000000 365.000000 0.063901 0.065411 0.000302 -0.044819 0.323280
365.000000 370.000000 0.065411 0.066674 0.000253 -0.026788 0.330213
370.000000 375.000000 0.066674 0.068001 0.000265 -0.031524 0.336687
375.000000 380.000000 0.068001 0.069142 0.000228 -0.017574 0.342858
380.000000 385.000000 0.069142 0.070285 0.000229 -0.017726 0.348567
385.000000 390.000000 0.070285 0.071428 0.000229 -0.017726 0.354283
390.000000 395.000000 0.071428 0.072573 0.000229 -0.017882 0.360003
395.000000 400.000000 0.072573 0.073346 0.000155 0.011506 0.364797
400.000000 405.000000 0.073346 0.074554 0.000242 -0.023294 0.369750
405.000000 410.000000 0.074554 0.075639 0.000217 -0.013331 0.375482
410.000000 415.000000 0.075639 0.076601 0.000192 -0.003245 0.380600
415.000000 420.000000 0.076601 0.077377 0.000155 0.012193 0.384945
420.000000 425.000000 0.077377 0.078526 0.000230 -0.019139 0.389758
425.000000 430.000000 0.078526 0.079428 0.000180 0.001856 0.394885
430.000000 435.000000 0.079428 0.080392 0.000193 -0.003476 0.399550
435.000000 440.000000 0.080392 0.081233 0.000168 0.007225 0.404063
440.000000 445.000000 0.081233 0.082137 0.000181 0.001681 0.408425
445.000000 450.000000 0.082137 0.082979 0.000168 0.007199 0.412790
450.000000 455.000000 0.082979 0.084071 0.000218 -0.015301 0.417625
455.000000 460.000000 0.084071 0.084728 0.000131 0.024284 0.421998
460.000000 465.000000 0.084728 0.085572 0.000169 0.007080 0.425750
465.000000 470.000000 0.085572 0.086479 0.000181 0.001221 0.430127
470.000000 475.000000 0.086479 0.087512 0.000207 -0.010623 0.434978
475.000000 480.000000 0.087512 0.088421 0.000182 0.001157 0.439833
480.000000 485.000000 0.088421 0.089205 0.000157 0.013157 0.444065
485.000000 490.000000 0.089205 0.089928 0.000145 0.019074 0.447832
490.000000 495.000000 0.089928 0.090714 0.000157 0.012900 0.451605
495.000000 500.000000 0.090714 0.091500 0.000157 0.012900 0.455535
500.000000 505.000000 0.091500 0.092224 0.000145 0.019100 0.459310
505.000000 510.000000 0.092224 0.093012 0.000158 0.012636 0.463090
510.000000 515.000000 0.093012 0.093988 0.000195 -0.006540 0.467500
515.000000 520.000000 0.093988 0.094714 0.000145 0.019210 0.471755
520.000000 525.000000 0.094714 0.095440 0.000145 0.019210 0.475385
525.000000 530.000000 0.095440 0.096105 0.000133 0.025615 0.478862
530.000000 535.000000 0.096105 0.096958 0.000171 0.005687 0.482657
535.000000 540.000000 0.096958 0.097624 0.000133 0.025696 0.486455
540.000000 545.000000 0.097624 0.098353 0.000146 0.018892 0.489943
545.000000 550.000000 0.098353 0.099082 0.000146 0.018892 0.493588
550.000000 555.000000 0.099082 0.099749 0.000133 0.025712 0.497078
555.000000 560.000000 0.099749 0.100480 0.000146 0.018608 0.500572
560.000000 565.000000 0.100480 0.101148 0.000134 0.025664 0.504070
565.000000 570.000000 0.101148 0.101880 0.000146 0.018432 0.507570
570.000000 575.000000 0.101880 0.102486 0.000121 0.032796 0.510915
575.000000 580.000000 0.102486 0.103219 0.000147 0.018191 0.514262
580.000000 585.000000 0.103219 0.103826 0.000121 0.032807 0.517613
585.000000 590.000000 0.103826 0.104560 0.000147 0.017948 0.520965
590.000000 595.000000 0.104560 0.105168 0.000122 0.032816 0.524320
595.000000 600.000000 0.105168 0.105840 0.000134 0.025200 0.527520
600.000000 605.000000 0.105840 0.106575 0.000147 0.017640 0.531038
605.000000 610.000000 0.106575 0.107185 0.000122 0.032765 0.534400
610.000000 615.000000 0.107185 0.107858 0.000135 0.025079 0.537608
615.000000 620.000000 0.107858 0.108595 0.000147 0.017207 0.541133
620.000000 625.000000 0.108595 0.109269 0.000135 0.025019 0.544660
625.000000 630.000000 0.109269 0.109944 0.000135 0.024894 0.548032
630.000000 635.000000 0.109944 0.110556 0.000122 0.032832 0.551250
635.000000 640.000000 0.110556 0.111169 0.000123 0.032705 0.554312
640.000000 645.000000 0.111169 0.111908 0.000148 0.016577 0.557693
645.000000 650.000000 0.111908 0.112459 0.000110 0.040829 0.560917
650.000000 655.000000 0.112459 0.113136 0.000135 0.024449 0.563987
655.000000 660.000000 0.113136 0.113813 0.000135 0.024449 0.567373
660.000000 665.000000 0.113813 0.114492 0.000136 0.024185 0.570762
665.000000 670.000000 0.114492 0.114980 0.000098 0.049588 0.573680
670.000000 675.000000 0.114980 0.115596 0.000123 0.032436 0.576440
675.000000 680.000000 0.115596 0.116149 0.000111 0.040941 0.579363
680.000000 685.000000 0.116149 0.116829 0.000136 0.023669 0.582445
685.000000 690.000000 0.116829 0.117382 0.000111 0.041068 0.585527
690.000000 695.000000 0.117382 0.117937 0.000111 0.040792 0.588298
695.000000 700.000000 0.117937 0.118555 0.000124 0.032035 0.591230
700.000000 705.000000 0.118555 0.119173 0.000124 0.032035 0.594320
705.000000 710.000000 0.119173 0.119665 0.000098 0.049801 0.597095
710.000000 715.000000 0.119665 0.120093 0.000086 0.058889 0.599395
715.000000 720.000000 0.120093 0.120522 0.000086 0.058746 0.601538
720.000000 725.000000 0.120522 0.121078 0.000111 0.040458 0.604000
725.000000 730.000000 0.121078 0.121699 0.000124 0.031033 0.606943
730.000000 735.000000 0.121699 0.122192 0.000099 0.049721 0.609727
735.000000 740.000000 0.122192 0.122686 0.000099 0.049574 0.612195
740.000000 745.000000 0.122686 0.123308 0.000124 0.030630 0.614985
745.000000 750.000000 0.123308 0.123802 0.000099 0.049702 0.617775
750.000000 755.000000 0.123802 0.124297 0.000099 0.049552 0.620248
755.000000 760.000000 0.124297 0.124729 0.000086 0.059065 0.622565
760.000000 765.000000 0.124729 0.124969 0.000048 0.088249 0.624245
765.000000 770.000000 0.124969 0.125274 0.000061 0.078304 0.625607
770.000000 775.000000 0.125274 0.125514 0.000048 0.088314 0.626970
775.000000 780.000000 0.125514 0.125883 0.000074 0.068319 0.628492
780.000000 785.000000 0.125883 0.126316 0.000087 0.058335 0.630498
785.000000 790.000000 0.126316 0.126557 0.000048 0.088479 0.632183
790.000000 795.000000 0.126557 0.126990 0.000087 0.058143 0.633867
795.000000 800.000000 0.126990 0.127296 0.000061 0.078336 0.635715
800.000000 805.000000 0.127296 0.127538 0.000048 0.088576 0.637085
805.000000 810.000000 0.127538 0.127780 0.000048 0.088576 0.638295
810.000000 815.000000 0.127780 0.128150 0.000074 0.067840 0.639825
815.000000 820.000000 0.128150 0.128200 0.000010 0.120000 0.640875
820.000000 825.000000 0.128200 0.128442 0.000048 0.088512 0.641605
825.000000 830.000000 0.128442 0.128749 0.000061 0.077787 0.642977
830.000000 835.000000 0.128749 0.128799 0.000010 0.120449 0.643870
835.000000 840.000000 0.128799 0.128978 0.000036 0.098906 0.644443
840.000000 845.000000 0.128978 0.128964 -0.000003 0.131330 0.644855
845.000000 850.000000 0.128964 0.129078 0.000023 0.109698 0.645105
850.000000 855.000000 0.129078 0.129128 0.000010 0.120578 0.645515
855.000000 860.000000 0.129128 0.129114 -0.000003 0.131522 0.645605
860.000000 865.000000 0.129114 0.129229 0.000023 0.109334 0.645857
865.000000 870.000000 0.129229 0.129279 0.000010 0.120579 0.646270
870.000000 875.000000 0.129279 0.129522 0.000049 0.086997 0.647003
875.000000 880.000000 0.129522 0.129508 -0.000003 0.131972 0.647575
880.000000 885.000000 0.129508 0.129752 0.000049 0.086564 0.648150
885.000000 890.000000 0.129752 0.129802 0.000010 0.120902 0.648885
890.000000 895.000000 0.129802 0.129659 -0.000029 0.155256 0.648652
895.000000 900.000000 0.129659 0.129968 0.000062 0.074348 0.649068
900.000000 905.000000 0.129968 0.130211 0.000049 0.086228 0.650447
905.000000 910.000000 0.130211 0.130326 0.000023 0.109396 0.651343
910.000000 915.000000 0.130326 0.130635 0.000062 0.074088 0.652402
915.000000 920.000000 0.130635 0.131009 0.000075 0.062193 0.654110
920.000000 925.000000 0.131009 0.131318 0.000062 0.074153 0.655817
925.000000 930.000000 0.131318 0.131563 0.000049 0.085993 0.657203
930.000000 935.000000 0.131563 0.131808 0.000049 0.085993 0.658428
935.000000 940.000000 0.131808 0.132247 0.000088 0.049715 0.660138
940.000000 945.000000 0.132247 0.132622 0.000075 0.061747 0.662173
945.000000 950.000000 0.132622 0.133061 0.000088 0.049651 0.664208
950.000000 955.000000 0.133061 0.133372 0.000062 0.073971 0.666083
955.000000 960.000000 0.133372 0.133877 0.000101 0.036917 0.668122
960.000000 965.000000 0.133877 0.134382 0.000101 0.036917 0.670648
965.000000 970.000000 0.134382 0.134823 0.000088 0.049269 0.673013
970.000000 975.000000 0.134823 0.135394 0.000114 0.024049 0.675542
975.000000 980.000000 0.135394 0.135901 0.000101 0.036529 0.678237
980.000000 985.000000 0.135901 0.136407 0.000101 0.036725 0.680770
985.000000 990.000000 0.136407 0.136980 0.000115 0.023526 0.683468
990.000000 995.000000 0.136980 0.137552 0.000114 0.023724 0.686330
995.000000 1000.000000 0.137552 0.138060 0.000102 0.036460 0.689030
1000.000000 1005.000000 0.138060 0.138633 0.000115 0.023460 0.691732
1005.000000 1010.000000 0.138633 0.139337 0.000141 -0.002871 0.694925
1010.000000 1015.000000 0.139337 0.139976 0.000128 0.010259 0.698282
1015.000000 1020.000000 0.139976 0.140486 0.000102 0.036446 0.701155
1020.000000 1025.000000 0.140486 0.141061 0.000115 0.023186 0.703867
1025.000000 1030.000000 0.141061 0.141571 0.000102 0.036511 0.706580
1030.000000 1035.000000 0.141571 0.142147 0.000115 0.022915 0.709295
1035.000000 1040.000000 0.142147 0.142788 0.000128 0.009460 0.712337
1040.000000 1045.000000 0.142788 0.143430 0.000128 0.009252 0.715545
1045.000000 1050.000000 0.143430 0.144137 0.000141 -0.004333 0.718918
1050.000000 1055.000000 0.144137 0.144584 0.000089 0.050267 0.721803
1055.000000 1060.000000 0.144584 0.145227 0.000129 0.008911 0.724527
1060.000000 1065.000000 0.145227 0.145740 0.000103 0.036471 0.727417
1065.000000 1070.000000 0.145740 0.146253 0.000103 0.036471 0.729982
1070.000000 1075.000000 0.146253 0.147028 0.000155 -0.019597 0.733202
1075.000000 1080.000000 0.147028 0.147542 0.000103 0.036518 0.736425
1080.000000 1085.000000 0.147542 0.148122 0.000116 0.022262 0.739160
1085.000000 1090.000000 0.148122 0.148768 0.000129 0.007940 0.742225
1090.000000 1095.000000 0.148768 0.149414 0.000129 0.007940 0.745455
1095.000000 1100.000000 0.149414 0.150061 0.000129 0.007721 0.748687
1100.000000 1105.000000 0.150061 0.150576 0.000103 0.036761 0.751592
1105.000000 1110.000000 0.150576 0.151289 0.000143 -0.006997 0.754663
1110.000000 1115.000000 0.151289 0.152003 0.000143 -0.007219 0.758230
1115.000000 1120.000000 0.152003 0.152520 0.000103 0.036712 0.761308
1120.000000 1125.000000 0.152520 0.153037 0.000103 0.036712 0.763892
1125.000000 1130.000000 0.153037 0.153687 0.000130 0.006787 0.766810
1130.000000 1135.000000 0.153687 0.154271 0.000117 0.021703 0.769895
1135.000000 1140.000000 0.154271 0.154789 0.000104 0.036685 0.772650
1140.000000 1145.000000 0.154789 0.155242 0.000091 0.051505 0.775077
1145.000000 1150.000000 0.155242 0.155893 0.000130 0.006163 0.777837
1150.000000 1155.000000 0.155893 0.156413 0.000104 0.036293 0.780765
1155.000000 1160.000000 0.156413 0.156933 0.000104 0.036293 0.783365
1160.000000 1165.000000 0.156933 0.157388 0.000091 0.051373 0.785802
1165.000000 1170.000000 0.157388 0.157908 0.000104 0.036228 0.788240
1170.000000 1175.000000 0.157908 0.158429 0.000104 0.035994 0.790842
1175.000000 1180.000000 0.158429 0.158951 0.000104 0.035759 0.793450
1180.000000 1185.000000 0.158951 0.159341 0.000078 0.066911 0.795730
1185.000000 1190.000000 0.159341 0.159797 0.000091 0.051269 0.797845
1190.000000 1195.000000 0.159797 0.160319 0.000104 0.035561 0.800290
1195.000000 1200.000000 0.160319 0.160776 0.000091 0.051096 0.802738
1200.000000 1205.000000 0.160776 0.161365 0.000118 0.019416 0.805353
1205.000000 1210.000000 0.161365 0.161822 0.000091 0.051228 0.807967
1210.000000 1215.000000 0.161822 0.162346 0.000105 0.035014 0.810420
1215.000000 1220.000000 0.162346 0.162738 0.000078 0.067090 0.812710
1220.000000 1225.000000 0.162738 0.163196 0.000092 0.050986 0.814835
1225.000000 1230.000000 0.163196 0.163589 0.000079 0.066911 0.816963
1230.000000 1235.000000 0.163589 0.164048 0.000092 0.050675 0.819093
1235.000000 1240.000000 0.164048 0.164441 0.000079 0.066977 0.821223
1240.000000 1245.000000 0.164441 0.165099 0.000132 0.001257 0.823850
1245.000000 1250.000000 0.165099 0.165625 0.000105 0.034125 0.826810
1250.000000 1255.000000 0.165625 0.166151 0.000105 0.034125 0.829440
1255.000000 1260.000000 0.166151 0.166479 0.000066 0.083823 0.831575
1260.000000 1265.000000 0.166479 0.167006 0.000105 0.033675 0.833712
1265.000000 1270.000000 0.167006 0.167600 0.000119 0.016724 0.836515
1270.000000 1275.000000 0.167600 0.167929 0.000066 0.084034 0.838822
1275.000000 1280.000000 0.167929 0.168457 0.000106 0.033289 0.840965
1280.000000 1285.000000 0.168457 0.168919 0.000092 0.050185 0.843440
1285.000000 1290.000000 0.168919 0.169248 0.000066 0.084366 0.845417
1290.000000 1295.000000 0.169248 0.169777 0.000106 0.032766 0.847562
1295.000000 1300.000000 0.169777 0.170306 0.000106 0.032766 0.850208
1300.000000 1305.000000 0.170306 0.170836 0.000106 0.032506 0.852855
1305.000000 1310.000000 0.170836 0.171499 0.000133 -0.002207 0.855838
1310.000000 1315.000000 0.171499 0.172030 0.000106 0.032377 0.858822
1315.000000 1320.000000 0.172030 0.172427 0.000079 0.067619 0.861143
1320.000000 1325.000000 0.172427 0.172892 0.000093 0.049667 0.863297
1325.000000 1330.000000 0.172892 0.173423 0.000106 0.032177 0.865787
1330.000000 1335.000000 0.173423 0.174022 0.000120 0.014089 0.868613
1335.000000 1340.000000 0.174022 0.174487 0.000093 0.049867 0.871273
1340.000000 1345.000000 0.174487 0.174953 0.000093 0.049599 0.873600
1345.000000 1350.000000 0.174953 0.175553 0.000120 0.013553 0.876265
1350.000000 1355.000000 0.175553 0.176019 0.000093 0.049733 0.878930
1355.000000 1360.000000 0.176019 0.176486 0.000093 0.049462 0.881263
1360.000000 1365.000000 0.176486 0.177287 0.000160 -0.041386 0.884432
1365.000000 1370.000000 0.177287 0.177687 0.000080 0.068087 0.887435
1370.000000 1375.000000 0.177687 0.177954 0.000053 0.104529 0.889102
1375.000000 1380.000000 0.177954 0.178623 0.000134 -0.006021 0.891443
1380.000000 1385.000000 0.178623 0.179359 0.000147 -0.024513 0.894955
1385.000000 1390.000000 0.179359 0.179761 0.000080 0.068005 0.897800
1390.000000 1395.000000 0.179761 0.180029 0.000054 0.105257 0.899475
1395.000000 1400.000000 0.180029 0.180431 0.000080 0.067871 0.901150
1400.000000 1405.000000 0.180431 0.180900 0.000094 0.049111 0.903328
1405.000000 1410.000000 0.180900 0.181571 0.000134 -0.007651 0.906177
1410.000000 1415.000000 0.181571 0.182042 0.000094 0.048749 0.909033
1415.000000 1420.000000 0.182042 0.182579 0.000107 0.030071 0.911552
1420.000000 1425.000000 0.182579 0.182916 0.000067 0.086871 0.913738
1425.000000 1430.000000 0.182916 0.183521 0.000121 0.010491 0.916092
1430.000000 1435.000000 0.183521 0.183992 0.000094 0.048815 0.918782
1435.000000 1440.000000 0.183992 0.184598 0.000121 0.010070 0.921475
1440.000000 1445.000000 0.184598 0.184936 0.000068 0.087254 0.923835
1445.000000 1450.000000 0.184936 0.185341 0.000081 0.067891 0.925692
1450.000000 1455.000000 0.185341 0.185948 0.000121 0.009311 0.928222
1455.000000 1460.000000 0.185948 0.186286 0.000068 0.087590 0.930585
1460.000000 1465.000000 0.186286 0.186894 0.000122 0.008750 0.932950
1465.000000 1470.000000 0.186894 0.187368 0.000095 0.048012 0.935655
1470.000000 1475.000000 0.187368 0.187707 0.000068 0.087702 0.937688
1475.000000 1480.000000 0.187707 0.188181 0.000095 0.047877 0.939720
1480.000000 1485.000000 0.188181 0.188655 0.000095 0.047877 0.942090
1485.000000 1490.000000 0.188655 0.189062 0.000081 0.067776 0.944292
1490.000000 1495.000000 0.189062 0.189470 0.000082 0.067478 0.946330
1495.000000 1500.000000 0.189470 0.189810 0.000068 0.087810 0.948200
1500.000000 1505.000000 0.189810 0.190420 0.000122 0.006810 0.950575
1505.000000 1510.000000 0.190420 0.190626 0.000041 0.128414 0.952615
1510.000000 1515.000000 0.190626 0.191102 0.000095 0.046874 0.954320
1515.000000 1520.000000 0.191102 0.191511 0.000082 0.067175 0.956533
1520.000000 1525.000000 0.191511 0.191987 0.000095 0.046807 0.958745
1525.000000 1530.000000 0.191987 0.192329 0.000068 0.087677 0.960790
1530.000000 1535.000000 0.192329 0.192671 0.000068 0.087677 0.962500
1535.000000 1540.000000 0.192671 0.193080 0.000082 0.067108 0.964377
1540.000000 1545.000000 0.193080 0.193490 0.000082 0.066800 0.966425
1545.000000 1550.000000 0.193490 0.193968 0.000096 0.045788 0.968645
1550.000000 1555.000000 0.193968 0.194108 0.000028 0.150568 0.970190
1555.000000 1560.000000 0.194108 0.194654 0.000109 0.024302 0.971905
1560.000000 1565.000000 0.194654 0.195065 0.000082 0.066422 0.974297
1565.000000 1570.000000 0.195065 0.195408 0.000069 0.087706 0.976182
1570.000000 1575.000000 0.195408 0.195684 0.000055 0.108744 0.977730
1575.000000 1580.000000 0.195684 0.196027 0.000069 0.087639 0.979278
1580.000000 1585.000000 0.196027 0.196371 0.000069 0.087323 0.980995
1585.000000 1590.000000 0.196371 0.196851 0.000096 0.044211 0.983055
1590.000000 1595.000000 0.196851 0.197127 0.000055 0.109083 0.984945
1595.000000 1600.000000 0.197127 0.197404 0.000055 0.108764 0.986327
1600.000000 1605.000000 0.197404 0.197545 0.000028 0.152284 0.987372
1605.000000 1610.000000 0.197545 0.197957 0.000082 0.065293 0.988755
1610.000000 1615.000000 0.197957 0.198371 0.000083 0.064649 0.990820
1615.000000 1620.000000 0.198371 0.198648 0.000055 0.108900 0.992548
1620.000000 1625.000000 0.198648 0.198993 0.000069 0.086868 0.994103
1625.000000 1630.000000 0.198993 0.198998 0.000001 0.197368 0.994977
1630.000000 1635.000000 0.198998 0.199071 0.000015 0.175200 0.995173
1635.000000 1640.000000 0.199071 0.199417 0.000069 0.085929 0.996220
1640.000000 1645.000000 0.199417 0.199695 0.000056 0.108233 0.997780
1645.000000 1650.000000 0.199695 0.199904 0.000042 0.130934 0.998998
1650.000000 1655.000000 0.199904 0.200319 0.000083 0.062954 1.000557
1655.000000 1660.000000 0.200319 0.200802 0.000097 0.040446 1.002803
1660.000000 1665.000000 0.200802 0.201149 0.000069 0.085598 1.004878
1665.000000 1670.000000 0.201149 0.201291 0.000028 0.153863 1.006100
1670.000000 1675.000000 0.201291 0.201638 0.000069 0.085393 1.007322
1675.000000 1680.000000 0.201638 0.201917 0.000056 0.108173 1.008887
1680.000000 1685.000000 0.201917 0.202196 0.000056 0.108173 1.010282
1685.000000 1690.000000 0.202196 0.202338 0.000028 0.154342 1.011335
1690.000000 1695.000000 0.202338 0.202618 0.000056 0.107698 1.012390
1695.000000 1700.000000 0.202618 0.202828 0.000042 0.131428 1.013615
1700.000000 1705.000000 0.202828 0.203177 0.000070 0.084168 1.015013
1705.000000 1710.000000 0.203177 0.203456 0.000056 0.108038 1.016583
1710.000000 1715.000000 0.203456 0.203736 0.000056 0.107696 1.017980
1715.000000 1720.000000 0.203736 0.204154 0.000084 0.060362 1.019725
1720.000000 1725.000000 0.204154 0.204228 0.000015 0.178698 1.020955
1725.000000 1730.000000 0.204228 0.204440 0.000042 0.131088 1.021670
1730.000000 1735.000000 0.204440 0.204651 0.000042 0.131434 1.022728
1735.000000 1740.000000 0.204651 0.204863 0.000042 0.131087 1.023785
1740.000000 1745.000000 0.204863 0.205213 0.000070 0.083063 1.025190
1745.000000 1750.000000 0.205213 0.205425 0.000042 0.131225 1.026595
1750.000000 1755.000000 0.205425 0.205637 0.000042 0.131225 1.027655
1755.000000 1760.000000 0.205637 0.205918 0.000056 0.107006 1.028887
1760.000000 1765.000000 0.205918 0.206131 0.000043 0.130942 1.030123
1765.000000 1770.000000 0.206131 0.206275 0.000029 0.155299 1.031015
1770.000000 1775.000000 0.206275 0.206625 0.000070 0.082375 1.032250
1775.000000 1780.000000 0.206625 0.206838 0.000043 0.131010 1.033658
1780.000000 1785.000000 0.206838 0.207120 0.000056 0.106446 1.034895
1785.000000 1790.000000 0.207120 0.207264 0.000029 0.155712 1.035960
1790.000000 1795.000000 0.207264 0.207615 0.000070 0.081606 1.037197
1795.000000 1800.000000 0.207615 0.207759 0.000029 0.155919 1.038435
1800.000000 1805.000000 0.207759 0.208110 0.000070 0.081399 1.039672
1805.000000 1810.000000 0.208110 0.208255 0.000029 0.155765 1.040912
1810.000000 1815.000000 0.208255 0.208537 0.000056 0.106171 1.041980
1815.000000 1820.000000 0.208537 0.208820 0.000057 0.105808 1.043392
1820.000000 1825.000000 0.208820 0.209241 0.000084 0.055576 1.045152
1825.000000 1830.000000 0.209241 0.209317 0.000015 0.181501 1.046395
1830.000000 1835.000000 0.209317 0.209739 0.000084 0.054865 1.047640
1835.000000 1840.000000 0.209739 0.210160 0.000084 0.055232 1.049748
1840.000000 1845.000000 0.210160 0.210306 0.000029 0.156432 1.051165
1845.000000 1850.000000 0.210306 0.210520 0.000043 0.131340 1.052065
1850.000000 1855.000000 0.210520 0.210804 0.000057 0.105440 1.053310
1855.000000 1860.000000 0.210804 0.210949 0.000029 0.157009 1.054383
1860.000000 1865.000000 0.210949 0.211233 0.000057 0.105301 1.055455
1865.000000 1870.000000 0.211233 0.211587 0.000071 0.079191 1.057050
1870.000000 1875.000000 0.211587 0.212218 0.000126 -0.024407 1.059512
1875.000000 1880.000000 0.212218 0.212295 0.000015 0.183343 1.061283
1880.000000 1885.000000 0.212295 0.212302 0.000001 0.209663 1.061492
1885.000000 1890.000000 0.212302 0.212448 0.000029 0.157260 1.061875
1890.000000 1895.000000 0.212448 0.212941 0.000099 0.026094 1.063473
1895.000000 1900.000000 0.212941 0.212878 -0.000013 0.236818 1.064547
1900.000000 1905.000000 0.212878 0.213511 0.000127 -0.027662 1.065972
1905.000000 1910.000000 0.213511 0.213936 0.000085 0.051586 1.068617
1910.000000 1915.000000 0.213936 0.214013 0.000015 0.184522 1.069873
1915.000000 1920.000000 0.214013 0.214298 0.000057 0.104858 1.070777
1920.000000 1925.000000 0.214298 0.214793 0.000099 0.024218 1.072728
1925.000000 1930.000000 0.214793 0.214870 0.000015 0.185148 1.074158
1930.000000 1935.000000 0.214870 0.215156 0.000057 0.104474 1.075065
1935.000000 1940.000000 0.215156 0.215443 0.000057 0.104087 1.076497
1940.000000 1945.000000 0.215443 0.215659 0.000043 0.131635 1.077755
1945.000000 1950.000000 0.215659 0.215807 0.000030 0.158087 1.078665
1950.000000 1955.000000 0.215807 0.216093 0.000057 0.104267 1.079750
1955.000000 1960.000000 0.216093 0.216380 0.000057 0.103876 1.081182
1960.000000 1965.000000 0.216380 0.216876 0.000099 0.021948 1.083140
1965.000000 1970.000000 0.216876 0.217024 0.000030 0.158712 1.084750
1970.000000 1975.000000 0.217024 0.217311 0.000057 0.103946 1.085838
1975.000000 1980.000000 0.217311 0.217738 0.000085 0.048646 1.087623
1980.000000 1985.000000 0.217738 0.218096 0.000072 0.075970 1.089585
1985.000000 1990.000000 0.218096 0.218384 0.000058 0.103760 1.091200
1990.000000 1995.000000 0.218384 0.218742 0.000072 0.075900 1.092815
1995.000000 2000.000000 0.218742 0.219240 0.000100 0.020040 1.094955
2000.000000 2005.000000 0.219240 0.219388 0.000030 0.160040 1.096570
2005.000000 2010.000000 0.219388 0.219887 0.000100 0.019289 1.098187
2010.000000 2015.000000 0.219887 0.220316 0.000086 0.047429 1.100507
2015.000000 2020.000000 0.220316 0.220815 0.000100 0.019219 1.102828
2020.000000 2025.000000 0.220815 0.221174 0.000072 0.075779 1.104973
2025.000000 2030.000000 0.221174 0.221604 0.000086 0.047024 1.106945
2030.000000 2035.000000 0.221604 0.221893 0.000058 0.104270 1.108742
2035.000000 2040.000000 0.221893 0.222253 0.000072 0.075373 1.110365
2040.000000 2045.000000 0.222253 0.222473 0.000044 0.132493 1.111815
2045.000000 2050.000000 0.222473 0.222833 0.000072 0.075233 1.113265
2050.000000 2055.000000 0.222833 0.223264 0.000086 0.046123 1.115242
2055.000000 2060.000000 0.223264 0.223835 0.000114 -0.011417 1.117748
2060.000000 2065.000000 0.223835 0.223985 0.000030 0.162035 1.119550
2065.000000 2070.000000 0.223985 0.224417 0.000086 0.045569 1.121005
2070.000000 2075.000000 0.224417 0.224918 0.000100 0.017003 1.123338
2075.000000 2080.000000 0.224918 0.225280 0.000072 0.074688 1.125495
2080.000000 2085.000000 0.225280 0.225783 0.000101 0.016032 1.127657
2085.000000 2090.000000 0.225783 0.226144 0.000072 0.075246 1.129818
2090.000000 2095.000000 0.226144 0.226648 0.000101 0.015472 1.131980
2095.000000 2100.000000 0.226648 0.226939 0.000058 0.104719 1.133967
2100.000000 2105.000000 0.226939 0.227302 0.000073 0.074479 1.135603
2105.000000 2110.000000 0.227302 0.227806 0.000101 0.015118 1.137770
2110.000000 2115.000000 0.227806 0.228169 0.000073 0.074620 1.139938
2115.000000 2120.000000 0.228169 0.228603 0.000087 0.044587 1.141930
2120.000000 2125.000000 0.228603 0.229037 0.000087 0.044587 1.144100
2125.000000 2130.000000 0.229037 0.229401 0.000073 0.074337 1.146095
2130.000000 2135.000000 0.229401 0.229976 0.000115 -0.015549 1.148443
2135.000000 2140.000000 0.229976 0.230270 0.000059 0.104438 1.150615
2140.000000 2145.000000 0.230270 0.230563 0.000059 0.104866 1.152082
2145.000000 2150.000000 0.230563 0.230787 0.000045 0.134467 1.153375
2150.000000 2155.000000 0.230787 0.231293 0.000101 0.013207 1.155200
2155.000000 2160.000000 0.231293 0.231587 0.000059 0.104579 1.157200
2160.000000 2165.000000 0.231587 0.231952 0.000073 0.073907 1.158848
2165.000000 2170.000000 0.231952 0.232246 0.000059 0.104650 1.160495
2170.000000 2175.000000 0.232246 0.232683 0.000087 0.042588 1.162323
2175.000000 2180.000000 0.232683 0.232977 0.000059 0.104793 1.164150
2180.000000 2185.000000 0.232977 0.233343 0.000073 0.073401 1.165800
2185.000000 2190.000000 0.233343 0.233638 0.000059 0.104428 1.167453
2190.000000 2195.000000 0.233638 0.234005 0.000073 0.072892 1.169107
2195.000000 2200.000000 0.234005 0.234513 0.000102 0.010993 1.171295
2200.000000 2205.000000 0.234513 0.235164 0.000130 -0.051927 1.174192
2205.000000 2210.000000 0.235164 0.235602 0.000088 0.042006 1.176915
2210.000000 2215.000000 0.235602 0.235969 0.000073 0.073388 1.178928
2215.000000 2220.000000 0.235969 0.236550 0.000116 -0.021414 1.181298
2220.000000 2225.000000 0.236550 0.237060 0.000102 0.010110 1.184025
2225.000000 2230.000000 0.237060 0.237428 0.000074 0.073300 1.186220
2230.000000 2235.000000 0.237428 0.237867 0.000088 0.041634 1.188238
2235.000000 2240.000000 0.237867 0.238235 0.000074 0.073371 1.190255
2240.000000 2245.000000 0.238235 0.238746 0.000102 0.009307 1.192452
2245.000000 2250.000000 0.238746 0.239115 0.000074 0.073065 1.194652
2250.000000 2255.000000 0.239115 0.239769 0.000131 -0.055185 1.197210
2255.000000 2260.000000 0.239769 0.240210 0.000088 0.040878 1.199948
2260.000000 2265.000000 0.240210 0.240793 0.000117 -0.023306 1.202508
2265.000000 2270.000000 0.240793 0.241234 0.000088 0.041020 1.205067
2270.000000 2275.000000 0.241234 0.241890 0.000131 -0.056590 1.207810
2275.000000 2280.000000 0.241890 0.242332 0.000088 0.040780 1.210555
2280.000000 2285.000000 0.242332 0.242631 0.000060 0.105988 1.212408
2285.000000 2290.000000 0.242631 0.243073 0.000088 0.040637 1.214260
2290.000000 2295.000000 0.243073 0.243515 0.000088 0.040637 1.216470
2295.000000 2300.000000 0.243515 0.244029 0.000103 0.007589 1.218860
2300.000000 2305.000000 0.244029 0.244544 0.000103 0.007129 1.221433
2305.000000 2310.000000 0.244544 0.244844 0.000060 0.106244 1.223470
2310.000000 2315.000000 0.244844 0.245288 0.000089 0.039716 1.225330
2315.000000 2320.000000 0.245288 0.245516 0.000046 0.139724 1.227010
2320.000000 2325.000000 0.245516 0.245960 0.000089 0.039500 1.228690
2325.000000 2330.000000 0.245960 0.246548 0.000118 -0.027460 1.231270
2330.000000 2335.000000 0.246548 0.247064 0.000103 0.006092 1.234030
2335.000000 2340.000000 0.247064 0.247365 0.000060 0.106497 1.236073
2340.000000 2345.000000 0.247365 0.247595 0.000046 0.139725 1.237400
2345.000000 2350.000000 0.247595 0.247896 0.000060 0.106426 1.238727
2350.000000 2355.000000 0.247896 0.248270 0.000075 0.072116 1.240415
2355.000000 2360.000000 0.248270 0.248643 0.000075 0.072587 1.242282
2360.000000 2365.000000 0.248643 0.248874 0.000046 0.139611 1.243793
2365.000000 2370.000000 0.248874 0.249391 0.000103 0.004333 1.245663
2370.000000 2375.000000 0.249391 0.249622 0.000046 0.139897 1.247533
2375.000000 2380.000000 0.249622 0.250068 0.000089 0.037772 1.249225
2380.000000 2385.000000 0.250068 0.250371 0.000061 0.105840 1.251098
2385.000000 2390.000000 0.250371 0.250962 0.000118 -0.031536 1.253332
2390.000000 2395.000000 0.250962 0.251481 0.000104 0.002880 1.256107
2395.000000 2400.000000 0.251481 0.252072 0.000118 -0.031608 1.258883
2400.000000 2405.000000 0.252072 0.252448 0.000075 0.071592 1.261300
2405.000000 2410.000000 0.252448 0.252823 0.000075 0.072073 1.263178
2410.000000 2415.000000 0.252823 0.253055 0.000046 0.140999 1.264695
2415.000000 2420.000000 0.253055 0.253720 0.000133 -0.068140 1.266938
2420.000000 2425.000000 0.253720 0.254241 0.000104 0.001556 1.269902
2425.000000 2430.000000 0.254241 0.254329 0.000018 0.211561 1.271425
2430.000000 2435.000000 0.254329 0.254778 0.000090 0.036115 1.272768
2435.000000 2440.000000 0.254778 0.255299 0.000104 0.001051 1.275192
2440.000000 2445.000000 0.255299 0.255460 0.000032 0.176731 1.276898
2445.000000 2450.000000 0.255460 0.255982 0.000104 0.000202 1.278605
2450.000000 2455.000000 0.255982 0.256359 0.000075 0.071252 1.280852
2455.000000 2460.000000 0.256359 0.256665 0.000061 0.106113 1.282560
2460.000000 2465.000000 0.256665 0.256971 0.000061 0.106113 1.284090
2465.000000 2470.000000 0.256971 0.257494 0.000105 -0.000868 1.286162
2470.000000 2475.000000 0.257494 0.258451 0.000191 -0.215264 1.289862
2475.000000 2480.000000 0.258451 0.258685 0.000047 0.142621 1.292840
2480.000000 2485.000000 0.258685 0.258775 0.000018 0.214045 1.293650
2485.000000 2490.000000 0.258775 0.259299 0.000105 -0.001653 1.295185
2490.000000 2495.000000 0.259299 0.259750 0.000090 0.034701 1.297622
2495.000000 2500.000000 0.259750 0.260203 0.000091 0.033703 1.299883
2500.000000 2505.000000 0.260203 0.260365 0.000032 0.179203 1.301420
2505.000000 2510.000000 0.260365 0.260962 0.000119 -0.038732 1.303318
2510.000000 2515.000000 0.260962 0.260980 0.000004 0.251926 1.304855
2515.000000 2520.000000 0.260980 0.262013 0.000207 -0.258619 1.307483
2520.000000 2525.000000 0.262013 0.262539 0.000105 -0.003091 1.311380
2525.000000 2530.000000 0.262539 0.262775 0.000047 0.143359 1.313285
2530.000000 2535.000000 0.262775 0.263374 0.000120 -0.040319 1.315373
2535.000000 2540.000000 0.263374 0.264119 0.000149 -0.114341 1.318732
2540.000000 2545.000000 0.264119 0.264355 0.000047 0.144231 1.321185
