#scaled trapazoidal data for referencedata.txt.txt
# startwidth 		endwidth 		startheight 		endheight 		slope 			y-intercept 			area
3.000000000000000000e+02 3.050000000000000000e+02 5.610320678784002507e-02 5.888320678784002976e-02 5.560000000000009379e-04 -1.106967932121602494e-01 7.626402580169695966e+02
3.050000000000000000e+02 3.100000000000000000e+02 5.888320678784002976e-02 6.006320678784003025e-02 2.360000000000000986e-04 -1.309679321216000031e-02 7.751472080169696710e+02
3.100000000000000000e+02 3.150000000000000000e+02 6.006320678784003025e-02 6.141320678784003423e-02 2.700000000000008166e-04 -2.363679321216021617e-02 7.876501580169696126e+02
3.150000000000000000e+02 3.200000000000000000e+02 6.141320678784003423e-02 6.266320678784004228e-02 2.500000000000016315e-04 -1.733679321216047287e-02 8.001535330169696181e+02
3.200000000000000000e+02 3.250000000000000000e+02 6.266320678784004228e-02 6.420320678784002810e-02 3.079999999999971866e-04 -3.589679321215906438e-02 8.126566580169695726e+02
3.250000000000000000e+02 3.300000000000000000e+02 6.420320678784002810e-02 6.579320678784003618e-02 3.180000000000016039e-04 -3.914679321216049668e-02 8.251605080169696294e+02
3.300000000000000000e+02 3.350000000000000000e+02 6.579320678784003618e-02 6.692320678784002830e-02 2.259999999999984190e-04 -8.786793212159443867e-03 8.376644830169695979e+02
3.350000000000000000e+02 3.400000000000000000e+02 6.692320678784002830e-02 6.837320678784003514e-02 2.900000000000013570e-04 -3.022679321216042991e-02 8.501673080169696277e+02
3.400000000000000000e+02 3.450000000000000000e+02 6.837320678784003514e-02 7.004320678784003995e-02 3.340000000000009628e-04 -4.518679321216029221e-02 8.626709330169695704e+02
3.450000000000000000e+02 3.500000000000000000e+02 7.004320678784003995e-02 7.171320678784004476e-02 3.340000000000009628e-04 -4.518679321216029221e-02 8.751751080169696024e+02
3.500000000000000000e+02 3.550000000000000000e+02 7.171320678784004476e-02 7.310320678784001935e-02 2.779999999999949395e-04 -2.558679321215819036e-02 8.876792830169695208e+02
3.550000000000000000e+02 3.600000000000000000e+02 7.310320678784001935e-02 7.448320678784003945e-02 2.760000000000039982e-04 -2.487679321216139383e-02 9.001827580169696148e+02
3.600000000000000000e+02 3.650000000000000000e+02 7.448320678784003945e-02 7.638320678784002449e-02 3.799999999999969852e-04 -6.231679321215888301e-02 9.126862080169695446e+02
3.650000000000000000e+02 3.700000000000000000e+02 7.638320678784002449e-02 7.800320678784003481e-02 3.240000000000020750e-04 -4.187679321216072892e-02 9.251909580169696028e+02
3.700000000000000000e+02 3.750000000000000000e+02 7.800320678784003481e-02 7.961320678784003513e-02 3.220000000000000748e-04 -4.113679321215998885e-02 9.376950080169696093e+02
3.750000000000000000e+02 3.800000000000000000e+02 7.961320678784003513e-02 8.111320678784003646e-02 3.000000000000002448e-04 -3.288679321216005091e-02 9.501990330169695653e+02
3.800000000000000000e+02 3.850000000000000000e+02 8.111320678784003646e-02 8.270320678784004453e-02 3.180000000000016039e-04 -3.972679321216057713e-02 9.627027830169696472e+02
3.850000000000000000e+02 3.900000000000000000e+02 8.270320678784004453e-02 8.420320678784001811e-02 2.999999999999947153e-04 -3.279679321215792087e-02 9.752067580169695020e+02
3.900000000000000000e+02 3.950000000000000000e+02 8.420320678784001811e-02 8.577320678784003394e-02 3.140000000000031872e-04 -3.825679321216123030e-02 9.877105080169695839e+02
3.950000000000000000e+02 4.000000000000000000e+02 8.577320678784003394e-02 8.687320678784002381e-02 2.199999999999979750e-04 -1.126793212159166169e-03 1.000214433016969679e+03
4.000000000000000000e+02 4.050000000000000000e+02 8.687320678784002381e-02 8.867320678784001986e-02 3.599999999999992095e-04 -5.712679321215966000e-02 1.012717183016969670e+03
4.050000000000000000e+02 4.100000000000000000e+02 8.867320678784001986e-02 9.010320678784003445e-02 2.860000000000029402e-04 -2.715679321216117603e-02 1.025221683016969564e+03
4.100000000000000000e+02 4.150000000000000000e+02 9.010320678784003445e-02 9.152320678784003904e-02 2.840000000000009401e-04 -2.633679321216035596e-02 1.037725258016969519e+03
4.150000000000000000e+02 4.200000000000000000e+02 9.152320678784003904e-02 9.257320678784003443e-02 2.099999999999990871e-04 4.373206787840422383e-03 1.050228808016969651e+03
4.200000000000000000e+02 4.250000000000000000e+02 9.257320678784003443e-02 9.431320678784002598e-02 3.479999999999983215e-04 -5.358679321215925606e-02 1.062731433016969731e+03
4.250000000000000000e+02 4.300000000000000000e+02 9.431320678784002598e-02 9.568320678784003608e-02 2.740000000000019980e-04 -2.213679321216081852e-02 1.075235783016969663e+03
4.300000000000000000e+02 4.350000000000000000e+02 9.568320678784003608e-02 9.701320678784003393e-02 2.659999999999995810e-04 -1.869679321215977907e-02 1.087739208016969542e+03
4.350000000000000000e+02 4.400000000000000000e+02 9.701320678784003393e-02 9.828320678784002729e-02 2.539999999999986930e-04 -1.347679321215940196e-02 1.100242533016969674e+03
4.400000000000000000e+02 4.450000000000000000e+02 9.828320678784002729e-02 9.962320678784003514e-02 2.680000000000015811e-04 -1.963679321216066365e-02 1.112745708016969502e+03
4.450000000000000000e+02 4.500000000000000000e+02 9.962320678784003514e-02 1.009632067878400430e-01 2.680000000000015811e-04 -1.963679321216066365e-02 1.125249058016969684e+03
4.500000000000000000e+02 4.550000000000000000e+02 1.009632067878400430e-01 1.026932067878400245e-01 3.459999999999963213e-04 -5.473679321215829674e-02 1.137752408016969639e+03
4.550000000000000000e+02 4.600000000000000000e+02 1.026932067878400245e-01 1.036032067878400187e-01 1.819999999999988402e-04 1.988320678784055717e-02 1.150256733016969520e+03
4.600000000000000000e+02 4.650000000000000000e+02 1.036032067878400187e-01 1.048432067878400376e-01 2.480000000000037513e-04 -1.047679321216170301e-02 1.162759008016969574e+03
4.650000000000000000e+02 4.700000000000000000e+02 1.048432067878400376e-01 1.063032067878400266e-01 2.919999999999978277e-04 -3.093679321215894729e-02 1.175262108016969705e+03
4.700000000000000000e+02 4.750000000000000000e+02 1.063032067878400266e-01 1.078832067878400247e-01 3.159999999999996037e-04 -4.221679321215979219e-02 1.187765758016969585e+03
4.750000000000000000e+02 4.800000000000000000e+02 1.078832067878400247e-01 1.091832067878400481e-01 2.600000000000046935e-04 -1.561679321216220828e-02 1.200269708016969616e+03
4.800000000000000000e+02 4.850000000000000000e+02 1.091832067878400481e-01 1.104332067878400492e-01 2.500000000000002220e-04 -1.081679321216005851e-02 1.212772958016969596e+03
4.850000000000000000e+02 4.900000000000000000e+02 1.104332067878400492e-01 1.115432067878400491e-01 2.219999999999999751e-04 2.763206787840061240e-03 1.225276083016969551e+03
4.900000000000000000e+02 4.950000000000000000e+02 1.115432067878400491e-01 1.127532067878400379e-01 2.419999999999977779e-04 -7.036793212158859445e-03 1.237778858016969480e+03
4.950000000000000000e+02 5.000000000000000000e+02 1.127532067878400379e-01 1.140532067878400335e-01 2.599999999999991099e-04 -1.594679321215952683e-02 1.250281883016969459e+03
5.000000000000000000e+02 5.050000000000000000e+02 1.140532067878400335e-01 1.152032067878400456e-01 2.300000000000024193e-04 -9.467932121611788432e-04 1.262785133016969667e+03
5.050000000000000000e+02 5.100000000000000000e+02 1.152032067878400456e-01 1.162732067878400333e-01 2.139999999999975310e-04 7.133206787841295249e-03 1.275288008016969570e+03
5.100000000000000000e+02 5.150000000000000000e+02 1.162732067878400333e-01 1.177632067878400524e-01 2.980000000000038282e-04 -3.570679321216191360e-02 1.287790683016969524e+03
5.150000000000000000e+02 5.200000000000000000e+02 1.177632067878400524e-01 1.187932067878400277e-01 2.059999999999950868e-04 1.167320678784258825e-02 1.300294408016969555e+03
5.200000000000000000e+02 5.250000000000000000e+02 1.187932067878400277e-01 1.199232067878400476e-01 2.260000000000039755e-04 1.273206787837960485e-03 1.312796983016969534e+03
5.250000000000000000e+02 5.300000000000000000e+02 1.199232067878400476e-01 1.209532067878400508e-01 2.060000000000006162e-04 1.177320678783971841e-02 1.325299808016969564e+03
5.300000000000000000e+02 5.350000000000000000e+02 1.209532067878400508e-01 1.222532067878400464e-01 2.599999999999991099e-04 -1.684679321215948322e-02 1.337802383016969543e+03
5.350000000000000000e+02 5.400000000000000000e+02 1.222532067878400464e-01 1.232632067878400295e-01 2.019999999999966159e-04 1.418320678784185107e-02 1.350305633016969523e+03
5.400000000000000000e+02 5.450000000000000000e+02 1.232632067878400295e-01 1.244032067878400316e-01 2.280000000000004191e-04 1.432067878398002314e-04 1.362808158016969628e+03
5.450000000000000000e+02 5.500000000000000000e+02 1.244032067878400316e-01 1.255232067878400415e-01 2.240000000000019753e-04 2.323206787838955067e-03 1.375311008016969708e+03
5.500000000000000000e+02 5.550000000000000000e+02 1.255232067878400415e-01 1.265132067878400324e-01 1.979999999999981720e-04 1.662320678784104389e-02 1.387813808016969688e+03
5.550000000000000000e+02 5.600000000000000000e+02 1.265132067878400324e-01 1.276032067878400400e-01 2.180000000000015313e-04 5.523206787839185505e-03 1.400316283016969692e+03
5.600000000000000000e+02 5.650000000000000000e+02 1.276032067878400400e-01 1.286532067878400354e-01 2.099999999999990871e-04 1.000320678784055728e-02 1.412819008016969747e+03
5.650000000000000000e+02 5.700000000000000000e+02 1.286532067878400354e-01 1.297032067878400308e-01 2.099999999999990871e-04 1.000320678784055728e-02 1.425321633016969599e+03
5.700000000000000000e+02 5.750000000000000000e+02 1.297032067878400308e-01 1.306932067878400494e-01 1.980000000000037286e-04 1.684320678783790548e-02 1.437824258016969679e+03
5.750000000000000000e+02 5.800000000000000000e+02 1.306932067878400494e-01 1.317132067878400425e-01 2.039999999999986160e-04 1.339320678784083896e-02 1.450326733016969683e+03
5.800000000000000000e+02 5.850000000000000000e+02 1.317132067878400425e-01 1.326832067878400412e-01 1.939999999999997282e-04 1.919320678784020018e-02 1.462829283016969612e+03
5.850000000000000000e+02 5.900000000000000000e+02 1.326832067878400412e-01 1.337332067878400366e-01 2.099999999999990871e-04 9.833206787840581553e-03 1.475331708016969742e+03
5.900000000000000000e+02 5.950000000000000000e+02 1.337332067878400366e-01 1.346232067878400385e-01 1.780000000000003693e-04 2.871320678783981228e-02 1.487834333016969595e+03
5.950000000000000000e+02 6.000000000000000000e+02 1.346232067878400385e-01 1.356032067878400471e-01 1.960000000000017284e-04 1.800320678783901007e-02 1.500336558016969775e+03
6.000000000000000000e+02 6.050000000000000000e+02 1.356032067878400471e-01 1.367032067878400370e-01 2.199999999999979750e-04 3.603206787841262138e-03 1.512839008016969728e+03
6.050000000000000000e+02 6.100000000000000000e+02 1.367032067878400370e-01 1.375732067878400466e-01 1.740000000000019255e-04 3.143320678783886879e-02 1.525341758016969607e+03
6.100000000000000000e+02 6.150000000000000000e+02 1.375732067878400466e-01 1.386032067878400498e-01 2.060000000000006162e-04 1.191320678783966414e-02 1.537843933016969459e+03
6.150000000000000000e+02 6.200000000000000000e+02 1.386032067878400498e-01 1.397232067878400319e-01 2.239999999999964188e-04 8.432067878422488949e-04 1.550346508016969437e+03
6.200000000000000000e+02 6.250000000000000000e+02 1.397232067878400319e-01 1.407132067878400505e-01 1.980000000000037286e-04 1.696320678783772018e-02 1.562849308016969644e+03
6.250000000000000000e+02 6.300000000000000000e+02 1.407132067878400505e-01 1.416832067878400492e-01 1.939999999999997282e-04 1.946320678784022040e-02 1.575351783016969648e+03
6.300000000000000000e+02 6.350000000000000000e+02 1.416832067878400492e-01 1.425332067878400388e-01 1.699999999999979251e-04 3.458320678784135294e-02 1.587854208016969778e+03
6.350000000000000000e+02 6.400000000000000000e+02 1.425332067878400388e-01 1.433732067878400462e-01 1.680000000000014815e-04 3.585320678783909809e-02 1.600356333016969529e+03
6.400000000000000000e+02 6.450000000000000000e+02 1.433732067878400462e-01 1.444832067878400461e-01 2.219999999999999751e-04 1.293206787840062155e-03 1.612858433016969684e+03
6.450000000000000000e+02 6.500000000000000000e+02 1.444832067878400461e-01 1.452432067878400290e-01 1.519999999999965931e-04 4.644320678784223666e-02 1.625361208016969613e+03
6.500000000000000000e+02 6.550000000000000000e+02 1.452432067878400290e-01 1.462232067878400377e-01 1.960000000000017284e-04 1.784320678783890557e-02 1.637863108016969818e+03
6.550000000000000000e+02 6.600000000000000000e+02 1.462232067878400377e-01 1.470632067878400451e-01 1.680000000000014815e-04 3.618320678783906730e-02 1.650365558016969544e+03
6.600000000000000000e+02 6.650000000000000000e+02 1.470632067878400451e-01 1.480532067878400360e-01 1.979999999999981720e-04 1.638320678784124795e-02 1.662867658016969472e+03
6.650000000000000000e+02 6.700000000000000000e+02 1.480532067878400360e-01 1.486932067878400376e-01 1.280000000000003466e-04 6.293320678783979882e-02 1.675370133016969703e+03
6.700000000000000000e+02 6.750000000000000000e+02 1.486932067878400376e-01 1.495732067878400295e-01 1.759999999999983691e-04 3.077320678784113694e-02 1.687871733016969529e+03
6.750000000000000000e+02 6.800000000000000000e+02 1.495732067878400295e-01 1.503032067878400380e-01 1.460000000000016786e-04 5.102320678783889285e-02 1.700373933016969659e+03
6.800000000000000000e+02 6.850000000000000000e+02 1.503032067878400380e-01 1.512032067878400499e-01 1.800000000000023695e-04 2.790320678783843322e-02 1.712875758016969485e+03
6.850000000000000000e+02 6.900000000000000000e+02 1.512032067878400499e-01 1.519632067878400328e-01 1.519999999999965931e-04 4.708320678784237712e-02 1.725378008016969488e+03
6.900000000000000000e+02 6.950000000000000000e+02 1.519632067878400328e-01 1.527832067878400479e-01 1.640000000000030377e-04 3.880320678783794053e-02 1.737879908016969694e+03
6.950000000000000000e+02 7.000000000000000000e+02 1.527832067878400479e-01 1.535832067878400431e-01 1.599999999999990373e-04 4.158320678784072078e-02 1.750381958016969520e+03
7.000000000000000000e+02 7.050000000000000000e+02 1.535832067878400431e-01 1.544132067878400405e-01 1.659999999999994813e-04 3.738320678784040618e-02 1.762883958016969700e+03
7.050000000000000000e+02 7.100000000000000000e+02 1.544132067878400405e-01 1.550532067878400422e-01 1.280000000000003466e-04 6.417320678783978993e-02 1.775386033016969577e+03
7.100000000000000000e+02 7.150000000000000000e+02 1.550532067878400422e-01 1.556932067878400439e-01 1.280000000000003466e-04 6.417320678783978993e-02 1.787887633016969403e+03
7.150000000000000000e+02 7.200000000000000000e+02 1.556932067878400439e-01 1.561832067878400343e-01 9.799999999999808593e-05 8.562320678784141048e-02 1.800389233016969683e+03
7.200000000000000000e+02 7.250000000000000000e+02 1.561832067878400343e-01 1.569932067878400395e-01 1.620000000000010375e-04 3.954320678783929122e-02 1.812890458016969660e+03
7.250000000000000000e+02 7.300000000000000000e+02 1.569932067878400395e-01 1.578032067878400446e-01 1.620000000000010375e-04 3.954320678783929122e-02 1.825392483016969663e+03
7.300000000000000000e+02 7.350000000000000000e+02 1.578032067878400446e-01 1.584232067878400263e-01 1.239999999999963462e-04 6.728320678784270592e-02 1.837894508016969667e+03
7.350000000000000000e+02 7.400000000000000000e+02 1.584232067878400263e-01 1.592432067878400415e-01 1.640000000000030377e-04 3.788320678783779760e-02 1.850396058016969619e+03
7.400000000000000000e+02 7.450000000000000000e+02 1.592432067878400415e-01 1.600532067878400466e-01 1.620000000000010375e-04 3.936320678783927773e-02 1.862898108016969672e+03
7.450000000000000000e+02 7.500000000000000000e+02 1.600532067878400466e-01 1.607132067878400405e-01 1.319999999999987904e-04 6.171320678784095182e-02 1.875400133016969676e+03
7.500000000000000000e+02 7.550000000000000000e+02 1.607132067878400405e-01 1.615032067878400257e-01 1.579999999999970371e-04 4.221320678784226677e-02 1.887901783016969603e+03
7.550000000000000000e+02 7.600000000000000000e+02 1.615032067878400257e-01 1.620232067878400462e-01 1.040000000000040865e-04 8.298320678783693838e-02 1.900403758016969732e+03
7.600000000000000000e+02 7.650000000000000000e+02 1.620232067878400462e-01 1.624232067878400299e-01 7.999999999999674039e-05 1.012232067878425235e-01 1.912905058016969633e+03
7.650000000000000000e+02 7.700000000000000000e+02 1.624232067878400299e-01 1.628532067878400436e-01 8.600000000000274092e-05 9.663320678783793305e-02 1.925406058016969610e+03
7.700000000000000000e+02 7.750000000000000000e+02 1.628532067878400436e-01 1.633032067878400495e-01 9.000000000000118474e-05 9.355320678783912713e-02 1.937907133016969738e+03
7.750000000000000000e+02 7.800000000000000000e+02 1.633032067878400495e-01 1.638832067878400467e-01 1.159999999999994315e-04 7.340320678784048591e-02 1.950408258016969739e+03
7.800000000000000000e+02 7.850000000000000000e+02 1.638832067878400467e-01 1.644532067878400339e-01 1.139999999999974313e-04 7.496320678784204605e-02 1.962909708016969716e+03
7.850000000000000000e+02 7.900000000000000000e+02 1.644532067878400339e-01 1.649032067878400398e-01 9.000000000000118474e-05 9.380320678783909960e-02 1.975411133016969416e+03
7.900000000000000000e+02 7.950000000000000000e+02 1.649032067878400398e-01 1.656032067878400460e-01 1.400000000000012346e-04 5.430320678783906452e-02 1.987912258016969645e+03
7.950000000000000000e+02 8.000000000000000000e+02 1.656032067878400460e-01 1.662632067878400399e-01 1.319999999999987904e-04 6.066320678784101195e-02 2.000414008016969547e+03
8.000000000000000000e+02 8.050000000000000000e+02 1.662632067878400399e-01 1.666332067878400491e-01 7.400000000000183937e-05 1.070632067878385663e-01 2.012915658016969473e+03
8.050000000000000000e+02 8.100000000000000000e+02 1.666332067878400491e-01 1.671332067878400496e-01 1.000000000000000861e-04 8.613320678783997764e-02 2.025416583016969753e+03
8.100000000000000000e+02 8.150000000000000000e+02 1.671332067878400496e-01 1.678032067878400257e-01 1.339999999999952340e-04 5.859320678784391001e-02 2.037917833016969780e+03
8.150000000000000000e+02 8.200000000000000000e+02 1.678032067878400257e-01 1.681332067878400505e-01 6.600000000000493818e-05 1.140132067878359967e-01 2.050419508016969758e+03
8.200000000000000000e+02 8.250000000000000000e+02 1.681332067878400505e-01 1.686232067878400409e-01 9.799999999999808593e-05 8.777320678784161778e-02 2.062920333016969380e+03
8.250000000000000000e+02 8.300000000000000000e+02 1.686232067878400409e-01 1.692232067878400303e-01 1.199999999999978888e-04 6.962320678784178485e-02 2.075421558016969811e+03
8.300000000000000000e+02 8.350000000000000000e+02 1.692232067878400303e-01 1.694332067878400461e-01 4.200000000000314864e-05 1.343632067878374192e-01 2.087923058016969662e+03
8.350000000000000000e+02 8.400000000000000000e+02 1.694332067878400461e-01 1.698332067878400298e-01 7.999999999999674039e-05 1.026332067878427678e-01 2.100423583016969587e+03
8.400000000000000000e+02 8.450000000000000000e+02 1.698332067878400298e-01 1.700432067878400455e-01 4.200000000000314864e-05 1.345532067878373872e-01 2.112924583016969791e+03
8.450000000000000000e+02 8.500000000000000000e+02 1.700432067878400455e-01 1.703132067878400380e-01 5.399999999999849365e-05 1.244132067878413184e-01 2.125425108016969716e+03
8.500000000000000000e+02 8.550000000000000000e+02 1.703132067878400380e-01 1.706032067878400504e-01 5.800000000000249401e-05 1.210132067878379181e-01 2.137925783016969490e+03
8.550000000000000000e+02 8.600000000000000000e+02 1.706032067878400504e-01 1.707032067878400394e-01 1.999999999999779596e-05 1.535032067878419337e-01 2.150426508016969819e+03
8.600000000000000000e+02 8.650000000000000000e+02 1.707032067878400394e-01 1.710232067878400264e-01 6.399999999999739502e-05 1.156632067878422820e-01 2.162926758016969416e+03
8.650000000000000000e+02 8.700000000000000000e+02 1.710232067878400264e-01 1.712332067878400421e-01 4.200000000000314864e-05 1.346932067878373052e-01 2.175427558016969670e+03
8.700000000000000000e+02 8.750000000000000000e+02 1.712332067878400421e-01 1.717932067878400471e-01 1.120000000000009877e-04 7.379320678783918286e-02 2.187928083016969595e+03
8.750000000000000000e+02 8.800000000000000000e+02 1.717932067878400471e-01 1.718732067878400438e-01 1.599999999999934875e-05 1.577932067878406175e-01 2.200429483016969698e+03
8.800000000000000000e+02 8.850000000000000000e+02 1.718732067878400438e-01 1.723832067878400265e-01 1.019999999999965433e-04 8.211320678784309046e-02 2.212929683016969648e+03
8.850000000000000000e+02 8.900000000000000000e+02 1.723832067878400265e-01 1.725032067878400355e-01 2.400000000000179632e-05 1.511432067878384355e-01 2.225430958016969271e+03
8.900000000000000000e+02 8.950000000000000000e+02 1.725032067878400355e-01 1.724432067878400310e-01 -1.200000000000089816e-05 1.831832067878408354e-01 2.237931258016969423e+03
8.950000000000000000e+02 9.000000000000000000e+02 1.724432067878400310e-01 1.729432067878400314e-01 1.000000000000000861e-04 8.294320678783995149e-02 2.250431108016969574e+03
9.000000000000000000e+02 9.050000000000000000e+02 1.729432067878400314e-01 1.732932067878400484e-01 7.000000000000339555e-05 1.099432067878369779e-01 2.262932358016969829e+03
9.050000000000000000e+02 9.100000000000000000e+02 1.732932067878400484e-01 1.735232067878400286e-01 4.599999999999604270e-05 1.316632067878436285e-01 2.275433233016969552e+03
9.100000000000000000e+02 9.150000000000000000e+02 1.735232067878400286e-01 1.740832067878400335e-01 1.120000000000009877e-04 7.160320678783912984e-02 2.287933808016969579e+03
9.150000000000000000e+02 9.200000000000000000e+02 1.740832067878400335e-01 1.746632067878400307e-01 1.159999999999994315e-04 6.794320678784054879e-02 2.300435208016969682e+03
9.200000000000000000e+02 9.250000000000000000e+02 1.746632067878400307e-01 1.750732067878400522e-01 8.200000000000429710e-05 9.922320678783608239e-02 2.312936658016969432e+03
9.250000000000000000e+02 9.300000000000000000e+02 1.750732067878400522e-01 1.754432067878400336e-01 7.399999999999629639e-05 1.066232067878434830e-01 2.325437683016969459e+03
9.300000000000000000e+02 9.350000000000000000e+02 1.754432067878400336e-01 1.758232067878400251e-01 7.599999999999829657e-05 1.047632067878416229e-01 2.337938608016969738e+03
9.350000000000000000e+02 9.400000000000000000e+02 1.758232067878400251e-01 1.763632067878400378e-01 1.080000000000025438e-04 7.484320678783765168e-02 2.350439558016969841e+03
9.400000000000000000e+02 9.450000000000000000e+02 1.763632067878400378e-01 1.768632067878400382e-01 1.000000000000000861e-04 8.236320678783995430e-02 2.362940908016969843e+03
9.450000000000000000e+02 9.500000000000000000e+02 1.768632067878400382e-01 1.774632067878400277e-01 1.199999999999978888e-04 6.346320678784203584e-02 2.375442158016969643e+03
9.500000000000000000e+02 9.550000000000000000e+02 1.774632067878400277e-01 1.779432067878400359e-01 9.600000000000164229e-05 8.626320678783847007e-02 2.387943658016969493e+03
9.550000000000000000e+02 9.600000000000000000e+02 1.779432067878400359e-01 1.785632067878400453e-01 1.240000000000018756e-04 5.952320678783824814e-02 2.400444858016969647e+03
9.600000000000000000e+02 9.650000000000000000e+02 1.785632067878400453e-01 1.791732067878400447e-01 1.219999999999998890e-04 6.144320678784015444e-02 2.412946408016969599e+03
9.650000000000000000e+02 9.700000000000000000e+02 1.791732067878400447e-01 1.797632067878400519e-01 1.180000000000014317e-04 6.530320678783865795e-02 2.425447933016969728e+03
9.700000000000000000e+02 9.750000000000000000e+02 1.797632067878400519e-01 1.804132067878400358e-01 1.299999999999967902e-04 5.366320678784317066e-02 2.437949408016969755e+03
9.750000000000000000e+02 9.800000000000000000e+02 1.804132067878400358e-01 1.810432067878400275e-01 1.259999999999983464e-04 5.756320678784164480e-02 2.450451033016969632e+03
9.800000000000000000e+02 9.850000000000000000e+02 1.810432067878400275e-01 1.817032067878400492e-01 1.320000000000043469e-04 5.168320678783577815e-02 2.462952608016969862e+03
9.850000000000000000e+02 9.900000000000000000e+02 1.817032067878400492e-01 1.823932067878400454e-01 1.379999999999992344e-04 4.577320678784080332e-02 2.475454258016969561e+03
9.900000000000000000e+02 9.950000000000000000e+02 1.823932067878400454e-01 1.831132067878400438e-01 1.439999999999996784e-04 3.983320678784035840e-02 2.487955983016969640e+03
9.950000000000000000e+02 1.000000000000000000e+03 1.831132067878400438e-01 1.837332067878400255e-01 1.239999999999963462e-04 5.973320678784367621e-02 2.500457783016969643e+03
1.000000000000000000e+03 1.005000000000000000e+03 1.837332067878400255e-01 1.845332067878400484e-01 1.600000000000045938e-04 2.373320678783544246e-02 2.512959333016969595e+03
1.005000000000000000e+03 1.010000000000000000e+03 1.845332067878400484e-01 1.854232067878400503e-01 1.780000000000003693e-04 5.643206787839666339e-03 2.525461333016969547e+03
1.010000000000000000e+03 1.015000000000000000e+03 1.854232067878400503e-01 1.862032067878400254e-01 1.559999999999950370e-04 2.786320678784506844e-02 2.537963558016969728e+03
1.015000000000000000e+03 1.020000000000000000e+03 1.862032067878400254e-01 1.867832067878400504e-01 1.160000000000049880e-04 6.846320678783496261e-02 2.550465508016969579e+03
1.020000000000000000e+03 1.025000000000000000e+03 1.867832067878400504e-01 1.876232067878400300e-01 1.679999999999959249e-04 1.542320678784420140e-02 2.562966958016969329e+03
1.025000000000000000e+03 1.030000000000000000e+03 1.876232067878400300e-01 1.883132067878400262e-01 1.379999999999992344e-04 4.617320678784081478e-02 2.575469058016969484e+03
1.030000000000000000e+03 1.035000000000000000e+03 1.883132067878400262e-01 1.890332067878400524e-01 1.440000000000052349e-04 3.999320678783463423e-02 2.587970783016969563e+03
1.035000000000000000e+03 1.040000000000000000e+03 1.890332067878400524e-01 1.898032067878400453e-01 1.539999999999985933e-04 2.964320678784151952e-02 2.600472583016969566e+03
1.040000000000000000e+03 1.045000000000000000e+03 1.898032067878400453e-01 1.906132067878400504e-01 1.620000000000010375e-04 2.132320678783897194e-02 2.612974508016969594e+03
1.045000000000000000e+03 1.050000000000000000e+03 1.906132067878400504e-01 1.915232067878400446e-01 1.819999999999988402e-04 4.232067878412737461e-04 2.625476533016969825e+03
1.050000000000000000e+03 1.055000000000000000e+03 1.915232067878400446e-01 1.921332067878400440e-01 1.219999999999998890e-04 6.342320678784016397e-02 2.637978808016969651e+03
1.055000000000000000e+03 1.060000000000000000e+03 1.921332067878400440e-01 1.929332067878400392e-01 1.599999999999990373e-04 2.333320678784106539e-02 2.650480333016969325e+03
1.060000000000000000e+03 1.065000000000000000e+03 1.929332067878400392e-01 1.935632067878400309e-01 1.259999999999983464e-04 5.937320678784180350e-02 2.662982333016969278e+03
1.065000000000000000e+03 1.070000000000000000e+03 1.935632067878400309e-01 1.940932067878400336e-01 1.060000000000005437e-04 8.067320678783945764e-02 2.675483908016969508e+03
1.070000000000000000e+03 1.075000000000000000e+03 1.940932067878400336e-01 1.950832067878400522e-01 1.980000000000037286e-04 -1.776679321216395602e-02 2.687985233016969687e+03
1.075000000000000000e+03 1.080000000000000000e+03 1.950832067878400522e-01 1.957232067878400261e-01 1.279999999999947900e-04 5.748320678784565874e-02 2.700487708016969464e+03
1.080000000000000000e+03 1.085000000000000000e+03 1.957232067878400261e-01 1.964432067878400523e-01 1.440000000000052349e-04 4.020320678783437240e-02 2.712989308016969517e+03
1.085000000000000000e+03 1.090000000000000000e+03 1.964432067878400523e-01 1.972032067878400352e-01 1.519999999999965931e-04 3.152320678784376051e-02 2.725491108016969520e+03
1.090000000000000000e+03 1.095000000000000000e+03 1.972032067878400352e-01 1.979632067878400459e-01 1.520000000000021226e-04 3.152320678783770980e-02 2.737993008016969725e+03
1.095000000000000000e+03 1.100000000000000000e+03 1.979632067878400459e-01 1.988232067878400455e-01 1.719999999999999253e-04 9.623206787840121734e-03 2.750494908016969475e+03
1.100000000000000000e+03 1.105000000000000000e+03 1.988232067878400455e-01 1.993832067878400505e-01 1.120000000000009877e-04 7.562320678783895911e-02 2.762997058016969731e+03
1.105000000000000000e+03 1.110000000000000000e+03 1.993832067878400505e-01 2.002432067878400501e-01 1.719999999999999253e-04 9.323206787840127019e-03 2.775498458016969380e+03
1.110000000000000000e+03 1.115000000000000000e+03 2.002432067878400501e-01 2.011432067878400343e-01 1.799999999999968400e-04 4.432067878435697050e-04 2.788000608016969636e+03
1.115000000000000000e+03 1.120000000000000000e+03 2.011432067878400343e-01 2.017132067878400492e-01 1.140000000000029878e-04 7.403320678783670283e-02 2.800502858016970094e+03
1.120000000000000000e+03 1.125000000000000000e+03 2.017132067878400492e-01 2.024332067878400476e-01 1.439999999999996784e-04 4.043320678784040334e-02 2.813004283016969566e+03
1.125000000000000000e+03 1.130000000000000000e+03 2.024332067878400476e-01 2.032132067878400505e-01 1.560000000000005935e-04 2.693320678783939215e-02 2.825506083016969569e+03
1.130000000000000000e+03 1.135000000000000000e+03 2.032132067878400505e-01 2.038832067878400267e-01 1.339999999999952340e-04 5.179320678784543608e-02 2.838008033016969875e+03
1.135000000000000000e+03 1.140000000000000000e+03 2.038832067878400267e-01 2.045832067878400329e-01 1.400000000000012346e-04 4.498320678783862547e-02 2.850509708016969853e+03
1.140000000000000000e+03 1.145000000000000000e+03 2.045832067878400329e-01 2.051732067878400401e-01 1.180000000000014317e-04 7.006320678783839462e-02 2.863011458016969755e+03
1.145000000000000000e+03 1.150000000000000000e+03 2.051732067878400401e-01 2.059432067878400330e-01 1.539999999999985933e-04 2.884320678784166314e-02 2.875512933016969328e+03
1.150000000000000000e+03 1.155000000000000000e+03 2.059432067878400330e-01 2.066132067878400369e-01 1.340000000000007906e-04 5.184320678783913006e-02 2.888014858016969811e+03
1.155000000000000000e+03 1.160000000000000000e+03 2.066132067878400369e-01 2.072332067878400463e-01 1.240000000000018756e-04 6.339320678783785801e-02 2.900516533016969333e+03
1.160000000000000000e+03 1.165000000000000000e+03 2.072332067878400463e-01 2.078732067878400480e-01 1.280000000000003466e-04 5.875320678783965689e-02 2.913018083016969285e+03
1.165000000000000000e+03 1.170000000000000000e+03 2.078732067878400480e-01 2.085732067878400264e-01 1.399999999999956780e-04 4.477320678784507679e-02 2.925519683016969338e+03
1.170000000000000000e+03 1.175000000000000000e+03 2.085732067878400264e-01 2.092432067878400304e-01 1.340000000000007906e-04 5.179320678783910781e-02 2.938021433016969695e+03
1.175000000000000000e+03 1.180000000000000000e+03 2.092432067878400304e-01 2.099132067878400343e-01 1.340000000000007906e-04 5.179320678783910781e-02 2.950523108016969218e+03
1.180000000000000000e+03 1.185000000000000000e+03 2.099132067878400343e-01 2.104932067878400315e-01 1.159999999999994315e-04 7.303320678784069875e-02 2.963024783016969650e+03
1.185000000000000000e+03 1.190000000000000000e+03 2.104932067878400315e-01 2.110932067878400487e-01 1.200000000000034318e-04 6.829320678783595833e-02 2.975526233016969400e+03
1.190000000000000000e+03 1.195000000000000000e+03 2.110932067878400487e-01 2.118132067878400471e-01 1.439999999999996784e-04 3.973320678784042492e-02 2.988027733016969705e+03
1.195000000000000000e+03 1.200000000000000000e+03 2.118132067878400471e-01 2.123432067878400498e-01 1.060000000000005437e-04 8.514320678783940388e-02 3.000529533016969708e+03
1.200000000000000000e+03 1.205000000000000000e+03 2.123432067878400498e-01 2.130632067878400482e-01 1.439999999999996784e-04 3.954320678784042919e-02 3.013030858016969432e+03
1.205000000000000000e+03 1.210000000000000000e+03 2.130632067878400482e-01 2.137532067878400444e-01 1.379999999999992344e-04 4.677320678784097074e-02 3.025532658016969435e+03
1.210000000000000000e+03 1.215000000000000000e+03 2.137532067878400444e-01 2.145032067878400450e-01 1.500000000000001224e-04 3.225320678783988315e-02 3.038034383016969969e+03
1.215000000000000000e+03 1.220000000000000000e+03 2.145032067878400450e-01 2.149232067878400487e-01 8.400000000000074074e-05 1.124432067878391450e-01 3.050536258016969441e+03
1.220000000000000000e+03 1.225000000000000000e+03 2.149232067878400487e-01 2.156032067878400349e-01 1.359999999999972342e-04 4.900320678784342299e-02 3.063037308016969746e+03
1.225000000000000000e+03 1.230000000000000000e+03 2.156032067878400349e-01 2.161332067878400376e-01 1.060000000000005437e-04 8.575320678783937556e-02 3.075539008016969547e+03
1.230000000000000000e+03 1.235000000000000000e+03 2.161332067878400376e-01 2.167532067878400470e-01 1.240000000000018756e-04 6.361320678783771720e-02 3.088040333016969726e+03
1.235000000000000000e+03 1.240000000000000000e+03 2.167532067878400470e-01 2.172632067878400297e-01 1.019999999999965433e-04 9.078320678784432274e-02 3.100541883016969678e+03
1.240000000000000000e+03 1.245000000000000000e+03 2.172632067878400297e-01 2.181832067878400339e-01 1.840000000000008404e-04 -1.089679321216099894e-02 3.113043158016969755e+03
1.245000000000000000e+03 1.250000000000000000e+03 2.181832067878400339e-01 2.189032067878400323e-01 1.439999999999996784e-04 3.890320678784042752e-02 3.125545458016969860e+03
1.250000000000000000e+03 1.255000000000000000e+03 2.189032067878400323e-01 2.195232067878400417e-01 1.240000000000018756e-04 6.390320678783767416e-02 3.138047258016969863e+03
1.255000000000000000e+03 1.260000000000000000e+03 2.195232067878400417e-01 2.199732067878400477e-01 9.000000000000118474e-05 1.065732067878385481e-01 3.150548808016969815e+03
1.260000000000000000e+03 1.265000000000000000e+03 2.199732067878400477e-01 2.206632067878400438e-01 1.379999999999992344e-04 4.609320678784101233e-02 3.163049933016969590e+03
1.265000000000000000e+03 1.270000000000000000e+03 2.206632067878400438e-01 2.214032067878400345e-01 1.479999999999981222e-04 3.344320678784240553e-02 3.175551658016969668e+03
1.270000000000000000e+03 1.275000000000000000e+03 2.214032067878400345e-01 2.217532067878400515e-01 7.000000000000339555e-05 1.325032067878357256e-01 3.188053508016969317e+03
1.275000000000000000e+03 1.280000000000000000e+03 2.217532067878400515e-01 2.224132067878400454e-01 1.319999999999987904e-04 5.345320678784160062e-02 3.200554383016969496e+03
1.280000000000000000e+03 1.285000000000000000e+03 2.224132067878400454e-01 2.229932067878400426e-01 1.159999999999994315e-04 7.393320678784076616e-02 3.213056033016969650e+03
1.285000000000000000e+03 1.290000000000000000e+03 2.229932067878400426e-01 2.235132067878400353e-01 1.039999999999985435e-04 8.935320678784192117e-02 3.225557483016969400e+03
1.290000000000000000e+03 1.295000000000000000e+03 2.235132067878400353e-01 2.241532067878400369e-01 1.280000000000003466e-04 5.839320678783957441e-02 3.238058783016969755e+03
1.295000000000000000e+03 1.300000000000000000e+03 2.241532067878400369e-01 2.248132067878400309e-01 1.319999999999987904e-04 5.321320678784161040e-02 3.250560383016969354e+03
1.300000000000000000e+03 1.305000000000000000e+03 2.248132067878400309e-01 2.255032067878400270e-01 1.379999999999992344e-04 4.541320678784102616e-02 3.263062033016969508e+03
1.305000000000000000e+03 1.310000000000000000e+03 2.255032067878400270e-01 2.263632067878400267e-01 1.719999999999999253e-04 1.043206787840117444e-03 3.275563758016969587e+03
1.310000000000000000e+03 1.315000000000000000e+03 2.263632067878400267e-01 2.270732067878400429e-01 1.420000000000032347e-04 4.034320678783578917e-02 3.288065908016969843e+03
1.315000000000000000e+03 1.320000000000000000e+03 2.270732067878400429e-01 2.275232067878400488e-01 9.000000000000118474e-05 1.087232067878384917e-01 3.300567683016969568e+03
1.320000000000000000e+03 1.325000000000000000e+03 2.275232067878400488e-01 2.280632067878400338e-01 1.079999999999969873e-04 8.496320678784402558e-02 3.313068808016969342e+03
1.325000000000000000e+03 1.330000000000000000e+03 2.280632067878400338e-01 2.287232067878400277e-01 1.319999999999987904e-04 5.316320678784164366e-02 3.325570158016969344e+03
1.330000000000000000e+03 1.335000000000000000e+03 2.287232067878400277e-01 2.295532067878400251e-01 1.659999999999994813e-04 7.943206787840717542e-03 3.338071808016969953e+03
1.335000000000000000e+03 1.340000000000000000e+03 2.295532067878400251e-01 2.301132067878400300e-01 1.120000000000009877e-04 8.003320678783870656e-02 3.350573883016969376e+03
1.340000000000000000e+03 1.345000000000000000e+03 2.301132067878400300e-01 2.307432067878400495e-01 1.260000000000038758e-04 6.127320678783484964e-02 3.363075283016969479e+03
1.345000000000000000e+03 1.350000000000000000e+03 2.307432067878400495e-01 2.315032067878400324e-01 1.519999999999965931e-04 2.630320678784461852e-02 3.375576858016969709e+03
1.350000000000000000e+03 1.355000000000000000e+03 2.315032067878400324e-01 2.320732067878400473e-01 1.140000000000029878e-04 7.760320678783599879e-02 3.388078758016969914e+03
1.355000000000000000e+03 1.360000000000000000e+03 2.320732067878400473e-01 2.327532067878400335e-01 1.359999999999972342e-04 4.779320678784379495e-02 3.400580183016969386e+03
1.360000000000000000e+03 1.365000000000000000e+03 2.327532067878400335e-01 2.336732067878400376e-01 1.840000000000008404e-04 -1.748679321216112248e-02 3.413081883016970096e+03
1.365000000000000000e+03 1.370000000000000000e+03 2.336732067878400376e-01 2.341132067878400336e-01 8.799999999999918456e-05 1.135532067878411572e-01 3.425584183016969746e+03
1.370000000000000000e+03 1.375000000000000000e+03 2.341132067878400336e-01 2.344832067878400150e-01 7.399999999999629639e-05 1.327332067878451149e-01 3.438085283016969697e+03
1.375000000000000000e+03 1.380000000000000000e+03 2.344832067878400150e-01 2.354032067878400469e-01 1.840000000000063698e-04 -1.851679321216875840e-02 3.450586208016969977e+03
1.380000000000000000e+03 1.385000000000000000e+03 2.354032067878400469e-01 2.362532067878400643e-01 1.700000000000034817e-04 8.032067878352422419e-04 3.463088508016969627e+03
1.385000000000000000e+03 1.390000000000000000e+03 2.362532067878400643e-01 2.366932067878400603e-01 8.799999999999918456e-05 1.143732067878412001e-01 3.475590633016969150e+03
1.390000000000000000e+03 1.395000000000000000e+03 2.366932067878400603e-01 2.370132067878400473e-01 6.399999999999739502e-05 1.477332067878436850e-01 3.488091733016969556e+03
1.395000000000000000e+03 1.400000000000000000e+03 2.370132067878400473e-01 2.374432067878400332e-01 8.599999999999718438e-05 1.170432067878439814e-01 3.500592533016969810e+03
1.400000000000000000e+03 1.405000000000000000e+03 2.374432067878400332e-01 2.380832067878400626e-01 1.280000000000058760e-04 5.824320678783181937e-02 3.513093608016969938e+03
1.405000000000000000e+03 1.410000000000000000e+03 2.380832067878400626e-01 2.388432067878400455e-01 1.519999999999965931e-04 2.452320678784483676e-02 3.525595208016969991e+03
1.410000000000000000e+03 1.415000000000000000e+03 2.388432067878400455e-01 2.394332067878400250e-01 1.179999999999958887e-04 7.246320678784584635e-02 3.538097108016969287e+03
1.415000000000000000e+03 1.420000000000000000e+03 2.394332067878400250e-01 2.401632067878400334e-01 1.460000000000016786e-04 3.284320678783764214e-02 3.550598583016969769e+03
1.420000000000000000e+03 1.425000000000000000e+03 2.401632067878400334e-01 2.406032067878400293e-01 8.799999999999918456e-05 1.152032067878411836e-01 3.563100408016969595e+03
1.425000000000000000e+03 1.430000000000000000e+03 2.406032067878400293e-01 2.413332067878400378e-01 1.460000000000016786e-04 3.255320678783762967e-02 3.575601508016970001e+03
1.430000000000000000e+03 1.435000000000000000e+03 2.413332067878400378e-01 2.418932067878400427e-01 1.120000000000009877e-04 8.117320678783862542e-02 3.588103333016969827e+03
1.435000000000000000e+03 1.440000000000000000e+03 2.418932067878400427e-01 2.425932067878400211e-01 1.399999999999956780e-04 4.099320678784623695e-02 3.600604733016969476e+03
1.440000000000000000e+03 1.445000000000000000e+03 2.425932067878400211e-01 2.431132067878400416e-01 1.040000000000040865e-04 9.283320678783413271e-02 3.613106483016969833e+03
1.445000000000000000e+03 1.450000000000000000e+03 2.431132067878400416e-01 2.435432067878400275e-01 8.599999999999718438e-05 1.188432067878441162e-01 3.625607783016969734e+03
1.450000000000000000e+03 1.455000000000000000e+03 2.435432067878400275e-01 2.444332067878400294e-01 1.780000000000003693e-04 -1.455679321216052369e-02 3.638108858016969407e+03
1.455000000000000000e+03 1.460000000000000000e+03 2.444332067878400294e-01 2.447732067878400364e-01 6.800000000000139537e-05 1.454932067878380031e-01 3.650611083016969587e+03
1.460000000000000000e+03 1.465000000000000000e+03 2.447732067878400364e-01 2.455032067878400448e-01 1.460000000000016786e-04 3.161320678783757776e-02 3.663111933016969488e+03
1.465000000000000000e+03 1.470000000000000000e+03 2.455032067878400448e-01 2.461032067878400342e-01 1.199999999999978888e-04 6.970320678784314161e-02 3.675613758016969769e+03
1.470000000000000000e+03 1.475000000000000000e+03 2.461032067878400342e-01 2.465832067878400147e-01 9.599999999999608575e-05 1.049832067878457842e-01 3.688115258016969619e+03
1.475000000000000000e+03 1.480000000000000000e+03 2.465832067878400147e-01 2.470832067878400151e-01 1.000000000000000861e-04 9.908320678783988367e-02 3.700616458016969773e+03
1.480000000000000000e+03 1.485000000000000000e+03 2.470832067878400151e-01 2.477332067878400546e-01 1.300000000000078762e-04 5.468320678782837008e-02 3.713117708016970028e+03
1.485000000000000000e+03 1.490000000000000000e+03 2.477332067878400546e-01 2.482532067878400195e-01 1.039999999999929869e-04 9.329320678785046894e-02 3.725619333016969904e+03
1.490000000000000000e+03 1.495000000000000000e+03 2.482532067878400195e-01 2.487932067878400599e-01 1.080000000000080868e-04 8.733320678782796609e-02 3.738120633016969805e+03
1.495000000000000000e+03 1.500000000000000000e+03 2.487932067878400599e-01 2.491932067878400159e-01 7.999999999999118385e-05 1.291932067878532320e-01 3.750621983016969807e+03
1.500000000000000000e+03 1.505000000000000000e+03 2.491932067878400159e-01 2.499132067878400143e-01 1.439999999999996784e-04 3.319320678784049017e-02 3.763122983016969556e+03
1.505000000000000000e+03 1.510000000000000000e+03 2.499132067878400143e-01 2.501732067878400523e-01 5.200000000000759299e-05 1.716532067878285828e-01 3.775624783016969559e+03
1.510000000000000000e+03 1.515000000000000000e+03 2.501732067878400523e-01 2.507632067878400317e-01 1.179999999999958887e-04 7.199320678784626448e-02 3.788125433016969509e+03
1.515000000000000000e+03 1.520000000000000000e+03 2.507632067878400317e-01 2.513632067878400211e-01 1.199999999999978888e-04 6.896320678784323421e-02 3.800626908016969992e+03
1.520000000000000000e+03 1.525000000000000000e+03 2.513632067878400211e-01 2.518732067878400316e-01 1.020000000000020863e-04 9.632320678783684587e-02 3.813128408016969388e+03
1.525000000000000000e+03 1.530000000000000000e+03 2.518732067878400316e-01 2.523532067878400120e-01 9.599999999999608575e-05 1.054732067878459967e-01 3.825629683016969466e+03
1.530000000000000000e+03 1.535000000000000000e+03 2.523532067878400120e-01 2.526332067878400145e-01 5.600000000000049383e-05 1.666732067878392565e-01 3.838130883016969619e+03
1.535000000000000000e+03 1.540000000000000000e+03 2.526332067878400145e-01 2.533432067878400584e-01 1.420000000000087913e-04 3.466320678782652820e-02 3.850631583016969671e+03
1.540000000000000000e+03 1.545000000000000000e+03 2.533432067878400584e-01 2.538432067878400589e-01 1.000000000000000861e-04 9.934320678783992165e-02 3.863133358016969396e+03
1.545000000000000000e+03 1.550000000000000000e+03 2.538432067878400589e-01 2.544432067878400483e-01 1.199999999999978888e-04 6.844320678784332479e-02 3.875634608016969651e+03
1.550000000000000000e+03 1.555000000000000000e+03 2.544432067878400483e-01 2.545732067878400118e-01 2.599999999999269698e-05 2.141432067878513701e-01 3.888136108016969501e+03
1.555000000000000000e+03 1.560000000000000000e+03 2.545732067878400118e-01 2.553432067878400602e-01 1.540000000000096793e-04 1.510320678782495207e-02 3.900636433016969931e+03
1.560000000000000000e+03 1.565000000000000000e+03 2.553432067878400602e-01 2.558132067878400306e-01 9.399999999999408557e-05 1.087032067878492825e-01 3.913138358016969505e+03
1.565000000000000000e+03 1.570000000000000000e+03 2.558132067878400306e-01 2.562532067878400266e-01 8.799999999999918456e-05 1.180932067878412983e-01 3.925639533016969835e+03
1.570000000000000000e+03 1.575000000000000000e+03 2.562532067878400266e-01 2.566632067878400481e-01 8.200000000000429710e-05 1.275132067878332887e-01 3.938140633016969332e+03
1.575000000000000000e+03 1.580000000000000000e+03 2.566632067878400481e-01 2.570032067878400550e-01 6.800000000000139537e-05 1.495632067878378546e-01 3.950641658016969814e+03
1.580000000000000000e+03 1.585000000000000000e+03 2.570032067878400550e-01 2.574832067878400355e-01 9.599999999999608575e-05 1.053232067878462352e-01 3.963142508016969714e+03
1.585000000000000000e+03 1.590000000000000000e+03 2.574832067878400355e-01 2.580632067878400604e-01 1.160000000000049880e-04 7.362320678783212946e-02 3.975643708016969413e+03
1.590000000000000000e+03 1.595000000000000000e+03 2.580632067878400604e-01 2.584532067878400619e-01 7.800000000000029674e-05 1.340432067878395972e-01 3.988145158016969617e+03
1.595000000000000000e+03 1.600000000000000000e+03 2.584532067878400619e-01 2.588032067878400233e-01 6.999999999999229603e-05 1.468032067878523583e-01 4.000646133016969543e+03
1.600000000000000000e+03 1.605000000000000000e+03 2.588032067878400233e-01 2.589832067878400368e-01 3.600000000000269786e-05 2.012032067878357089e-01 4.013147008016969721e+03
1.605000000000000000e+03 1.610000000000000000e+03 2.589832067878400368e-01 2.594932067878400472e-01 1.020000000000020863e-04 9.527320678783668395e-02 4.025647458016969722e+03
1.610000000000000000e+03 1.615000000000000000e+03 2.594932067878400472e-01 2.601432067878400312e-01 1.299999999999967902e-04 5.019320678784522372e-02 4.038148733016969345e+03
1.615000000000000000e+03 1.620000000000000000e+03 2.601432067878400312e-01 2.604532067878400636e-01 6.200000000000649436e-05 1.600132067878295428e-01 4.050650358016969676e+03
1.620000000000000000e+03 1.625000000000000000e+03 2.604532067878400636e-01 2.608332067878400551e-01 7.599999999999829657e-05 1.373332067878428320e-01 4.063151133016969652e+03
1.625000000000000000e+03 1.630000000000000000e+03 2.608332067878400551e-01 2.607632067878400406e-01 -1.400000000000289834e-05 2.835832067878447660e-01 4.075652083016969300e+03
1.630000000000000000e+03 1.635000000000000000e+03 2.607632067878400406e-01 2.610132067878400131e-01 4.999999999999449329e-05 1.792632067878490165e-01 4.088151908016970083e+03
1.635000000000000000e+03 1.640000000000000000e+03 2.610132067878400131e-01 2.615332067878400335e-01 1.040000000000040865e-04 9.097320678783332726e-02 4.100652533016969755e+03
1.640000000000000000e+03 1.645000000000000000e+03 2.615332067878400335e-01 2.618332067878400560e-01 6.000000000000449418e-05 1.631332067878326630e-01 4.113153833016969656e+03
1.645000000000000000e+03 1.650000000000000000e+03 2.618332067878400560e-01 2.621432067878400329e-01 6.199999999999539484e-05 1.598432067878476359e-01 4.125654583016968900e+03
1.650000000000000000e+03 1.655000000000000000e+03 2.621432067878400329e-01 2.625632067878400644e-01 8.400000000000629728e-05 1.235432067878296514e-01 4.138155358016969330e+03
1.655000000000000000e+03 1.660000000000000000e+03 2.625632067878400644e-01 2.632532067878400328e-01 1.379999999999936779e-04 3.417320678785051857e-02 4.150656408016970090e+03
1.660000000000000000e+03 1.665000000000000000e+03 2.632532067878400328e-01 2.638232067878400477e-01 1.140000000000029878e-04 7.401320678783507301e-02 4.163158133016969259e+03
1.665000000000000000e+03 1.670000000000000000e+03 2.638232067878400477e-01 2.638732067878400422e-01 9.999999999998897981e-06 2.471732067878418815e-01 4.175659558016969640e+03
1.670000000000000000e+03 1.675000000000000000e+03 2.638732067878400422e-01 2.643832067878400527e-01 1.020000000000020863e-04 9.353320678783655362e-02 4.188159683016969211e+03
1.675000000000000000e+03 1.680000000000000000e+03 2.643832067878400527e-01 2.648132067878400386e-01 8.599999999999718438e-05 1.203332067878447598e-01 4.200660958016969744e+03
1.680000000000000000e+03 1.685000000000000000e+03 2.648132067878400386e-01 2.651532067878400456e-01 6.800000000000139537e-05 1.505732067878376990e-01 4.213162033016969872e+03
1.685000000000000000e+03 1.690000000000000000e+03 2.651532067878400456e-01 2.653732067878400436e-01 4.399999999999959228e-05 1.910132067878407280e-01 4.225662883016969317e+03
1.690000000000000000e+03 1.695000000000000000e+03 2.653732067878400436e-01 2.657132067878400505e-01 6.800000000000139537e-05 1.504532067878376900e-01 4.238163433016969975e+03
1.695000000000000000e+03 1.700000000000000000e+03 2.657132067878400505e-01 2.661132067878400620e-01 8.000000000000229692e-05 1.301132067878361664e-01 4.250664283016969421e+03
1.700000000000000000e+03 1.705000000000000000e+03 2.661132067878400620e-01 2.665032067878400635e-01 7.800000000000029674e-05 1.335132067878395667e-01 4.263165283016969624e+03
1.705000000000000000e+03 1.710000000000000000e+03 2.665032067878400635e-01 2.668332067878400604e-01 6.599999999999939520e-05 1.539732067878410993e-01 4.275666258016969550e+03
1.710000000000000000e+03 1.715000000000000000e+03 2.668332067878400604e-01 2.671732067878400119e-01 6.799999999999029585e-05 1.505532067878566638e-01 4.288167083016969627e+03
1.715000000000000000e+03 1.720000000000000000e+03 2.671732067878400119e-01 2.677532067878400368e-01 1.160000000000049880e-04 6.823320678783145743e-02 4.300667933016969982e+03
1.720000000000000000e+03 1.725000000000000000e+03 2.677532067878400368e-01 2.678732067878400458e-01 2.400000000000179632e-05 2.264732067878369448e-01 4.313169383016969732e+03
1.725000000000000000e+03 1.730000000000000000e+03 2.678732067878400458e-01 2.681332067878400283e-01 5.199999999999649347e-05 1.781732067878460946e-01 4.325669683016969429e+03
1.730000000000000000e+03 1.735000000000000000e+03 2.681332067878400283e-01 2.683632067878400362e-01 4.600000000000159246e-05 1.885532067878372686e-01 4.338170333016969380e+03
1.735000000000000000e+03 1.740000000000000000e+03 2.683632067878400362e-01 2.686932067878400332e-01 6.599999999999939520e-05 1.538532067878410903e-01 4.350670908016969406e+03
1.740000000000000000e+03 1.745000000000000000e+03 2.686932067878400332e-01 2.691532067878400492e-01 9.200000000000318492e-05 1.086132067878344820e-01 4.363171733016969483e+03
1.745000000000000000e+03 1.750000000000000000e+03 2.691532067878400492e-01 2.693932067878400116e-01 4.799999999999249312e-05 1.853932067878531487e-01 4.375672883016969536e+03
1.750000000000000000e+03 1.755000000000000000e+03 2.693932067878400116e-01 2.696632067878400596e-01 5.400000000000959317e-05 1.748932067878232188e-01 4.388173483016969840e+03
1.755000000000000000e+03 1.760000000000000000e+03 2.696632067878400596e-01 2.700132067878400211e-01 6.999999999999229603e-05 1.468132067878535896e-01 4.400674158016969159e+03
1.760000000000000000e+03 1.765000000000000000e+03 2.700132067878400211e-01 2.703032067878400335e-01 5.800000000000249401e-05 1.679332067878356316e-01 4.413175033016969792e+03
1.765000000000000000e+03 1.770000000000000000e+03 2.703032067878400335e-01 2.703932067878400125e-01 1.799999999999579578e-05 2.385332067878474516e-01 4.425675758016969667e+03
1.770000000000000000e+03 1.775000000000000000e+03 2.703932067878400125e-01 2.708732067878400485e-01 9.600000000000718527e-05 1.004732067878272850e-01 4.438175983016969440e+03
1.775000000000000000e+03 1.780000000000000000e+03 2.708732067878400485e-01 2.711932067878400354e-01 6.399999999999739502e-05 1.572732067878446771e-01 4.450677183016970048e+03
1.780000000000000000e+03 1.785000000000000000e+03 2.711932067878400354e-01 2.715332067878400424e-01 6.800000000000139537e-05 1.501532067878375565e-01 4.463177983016968938e+03
1.785000000000000000e+03 1.790000000000000000e+03 2.715332067878400424e-01 2.717432067878400304e-01 4.199999999999759210e-05 1.965632067878443356e-01 4.475678833016969293e+03
1.790000000000000000e+03 1.795000000000000000e+03 2.717432067878400304e-01 2.722632067878400508e-01 1.040000000000040865e-04 8.558320678783271074e-02 4.488179358016969672e+03
1.795000000000000000e+03 1.800000000000000000e+03 2.722632067878400508e-01 2.724932067878400588e-01 4.600000000000159246e-05 1.896932067878371875e-01 4.500680658016969574e+03
1.800000000000000000e+03 1.805000000000000000e+03 2.724932067878400588e-01 2.730032067878400137e-01 1.019999999999909868e-04 8.889320678785628260e-02 4.513181233016969600e+03
1.805000000000000000e+03 1.810000000000000000e+03 2.730032067878400137e-01 2.732332067878400217e-01 4.600000000000159246e-05 1.899732067878371344e-01 4.525682508016969223e+03
1.810000000000000000e+03 1.815000000000000000e+03 2.732332067878400217e-01 2.735332067878400442e-01 6.000000000000449418e-05 1.646332067878318872e-01 4.538183083016969249e+03
1.815000000000000000e+03 1.820000000000000000e+03 2.735332067878400442e-01 2.739732067878400401e-01 8.799999999999918456e-05 1.138132067878415143e-01 4.550683833016969402e+03
1.820000000000000000e+03 1.825000000000000000e+03 2.739732067878400401e-01 2.745932067878400495e-01 1.240000000000018756e-04 4.829320678783663445e-02 4.563184933016969808e+03
1.825000000000000000e+03 1.830000000000000000e+03 2.745932067878400495e-01 2.745832067878400395e-01 -2.000000000002000178e-06 2.782432067878436999e-01 4.575686483016969760e+03
1.830000000000000000e+03 1.835000000000000000e+03 2.745832067878400395e-01 2.750632067878400200e-01 9.599999999999608575e-05 9.890320678784719766e-02 4.588186458016969482e+03
1.835000000000000000e+03 1.840000000000000000e+03 2.750632067878400200e-01 2.756032067878400604e-01 1.080000000000080868e-04 7.688320678782517570e-02 4.600687658016969181e+03
1.840000000000000000e+03 1.845000000000000000e+03 2.756032067878400604e-01 2.759432067878400119e-01 6.799999999999029585e-05 1.504832067878579260e-01 4.613189008016969638e+03
1.845000000000000000e+03 1.850000000000000000e+03 2.759432067878400119e-01 2.760832067878400409e-01 2.800000000000579667e-05 2.242832067878293145e-01 4.625689858016969083e+03
1.850000000000000000e+03 1.855000000000000000e+03 2.760832067878400409e-01 2.764532067878400223e-01 7.399999999999629639e-05 1.391832067878469026e-01 4.638190208016969336e+03
1.855000000000000000e+03 1.860000000000000000e+03 2.764532067878400223e-01 2.766932067878400403e-01 4.800000000000359264e-05 1.874132067878333530e-01 4.650691133016969616e+03
1.860000000000000000e+03 1.865000000000000000e+03 2.766932067878400403e-01 2.771632067878400663e-01 9.400000000000518509e-05 1.018532067878303859e-01 4.663191733016969010e+03
1.865000000000000000e+03 1.870000000000000000e+03 2.771632067878400663e-01 2.774132067878400387e-01 4.999999999999449329e-05 1.839132067878503363e-01 4.675692908016970250e+03
1.870000000000000000e+03 1.875000000000000000e+03 2.774132067878400387e-01 2.778432067878400247e-01 8.599999999999718438e-05 1.165932067878452938e-01 4.688193533016969013e+03
1.875000000000000000e+03 1.880000000000000000e+03 2.778432067878400247e-01 2.780632067878400226e-01 4.399999999999959228e-05 1.953432067878407841e-01 4.700694608016969141e+03
1.880000000000000000e+03 1.885000000000000000e+03 2.780632067878400226e-01 2.780832067878400427e-01 4.000000000004000356e-06 2.705432067878325020e-01 4.713195158016969799e+03
1.885000000000000000e+03 1.890000000000000000e+03 2.780832067878400427e-01 2.782332067878400261e-01 2.999999999999669733e-05 2.215332067878462707e-01 4.725695208016969445e+03
1.890000000000000000e+03 1.895000000000000000e+03 2.782332067878400261e-01 2.790132067878400290e-01 1.560000000000005935e-04 -1.660679321216107507e-02 4.738195583016969977e+03
1.895000000000000000e+03 1.900000000000000000e+03 2.790132067878400290e-01 2.789232067878400501e-01 -1.799999999999579578e-05 3.131232067878320646e-01 4.750697533016969828e+03
1.900000000000000000e+03 1.905000000000000000e+03 2.789232067878400501e-01 2.796332067878400385e-01 1.419999999999976782e-04 9.123206787844451160e-03 4.763197308016969146e+03
1.905000000000000000e+03 1.910000000000000000e+03 2.796332067878400385e-01 2.801432067878400489e-01 1.020000000000020863e-04 8.532320678783605894e-02 4.775699083016969780e+03
1.910000000000000000e+03 1.915000000000000000e+03 2.801432067878400489e-01 2.802532067878400479e-01 2.199999999999979614e-05 2.381232067878404357e-01 4.788200358016969403e+03
1.915000000000000000e+03 1.920000000000000000e+03 2.802532067878400479e-01 2.805432067878400604e-01 5.800000000000249401e-05 1.691832067878352719e-01 4.800700633016969732e+03
1.920000000000000000e+03 1.925000000000000000e+03 2.805432067878400604e-01 2.810932067878400553e-01 1.099999999999989875e-04 6.934320678784200442e-02 4.813201358016969607e+03
1.925000000000000000e+03 1.930000000000000000e+03 2.810932067878400553e-01 2.810732067878400353e-01 -4.000000000004000356e-06 2.887932067878477560e-01 4.825702733016969432e+03
1.930000000000000000e+03 1.935000000000000000e+03 2.810732067878400353e-01 2.814632067878400368e-01 7.800000000000029674e-05 1.305332067878394731e-01 4.838202683016969786e+03
1.935000000000000000e+03 1.940000000000000000e+03 2.814632067878400368e-01 2.817732067878400137e-01 6.199999999999539484e-05 1.614932067878489530e-01 4.850703658016969712e+03
1.940000000000000000e+03 1.945000000000000000e+03 2.817732067878400137e-01 2.820032067878400217e-01 4.600000000000159246e-05 1.925332067878369191e-01 4.863204433016970142e+03
1.945000000000000000e+03 1.950000000000000000e+03 2.820032067878400217e-01 2.821632067878400152e-01 3.199999999999869751e-05 2.197632067878425577e-01 4.875705008016969259e+03
1.950000000000000000e+03 1.955000000000000000e+03 2.821632067878400152e-01 2.824632067878400377e-01 6.000000000000449418e-05 1.651632067878312515e-01 4.888205408016969159e+03
1.955000000000000000e+03 1.960000000000000000e+03 2.824632067878400377e-01 2.828132067878400546e-01 7.000000000000339555e-05 1.456132067878334047e-01 4.900706158016970221e+03
1.960000000000000000e+03 1.965000000000000000e+03 2.828132067878400546e-01 2.833732067878400596e-01 1.120000000000009877e-04 6.329320678783811882e-02 4.913207033016969035e+03
1.965000000000000000e+03 1.970000000000000000e+03 2.833732067878400596e-01 2.835332067878400530e-01 3.199999999999869751e-05 2.204932067878426216e-01 4.925708433016970048e+03
1.970000000000000000e+03 1.975000000000000000e+03 2.835332067878400530e-01 2.837932067878400355e-01 5.199999999999649347e-05 1.810932067878469609e-01 4.938208833016969038e+03
1.975000000000000000e+03 1.980000000000000000e+03 2.837932067878400355e-01 2.842532067878400515e-01 9.200000000000318492e-05 1.020932067878337346e-01 4.950709483016969898e+03
1.980000000000000000e+03 1.985000000000000000e+03 2.842532067878400515e-01 2.846832067878400374e-01 8.599999999999718438e-05 1.139732067878456157e-01 4.963210633016969041e+03
1.985000000000000000e+03 1.990000000000000000e+03 2.846832067878400374e-01 2.849632067878400399e-01 5.600000000000049383e-05 1.735232067878390572e-01 4.975711708016969169e+03
1.990000000000000000e+03 1.995000000000000000e+03 2.849632067878400399e-01 2.854332067878400658e-01 9.400000000000518509e-05 9.790320678782971076e-02 4.988212408016969675e+03
1.995000000000000000e+03 2.000000000000000000e+03 2.854332067878400658e-01 2.860432067878400653e-01 1.219999999999998890e-04 4.204320678784029264e-02 5.000713583016969096e+03
2.000000000000000000e+03 2.005000000000000000e+03 2.860432067878400653e-01 2.861332067878400442e-01 1.799999999999579578e-05 2.500432067878484710e-01 5.013215108016969680e+03
2.005000000000000000e+03 2.010000000000000000e+03 2.861332067878400442e-01 2.867332067878400337e-01 1.199999999999978888e-04 4.553320678784428255e-02 5.025715333016969453e+03
2.010000000000000000e+03 2.015000000000000000e+03 2.867332067878400337e-01 2.870832067878400506e-01 7.000000000000339555e-05 1.460332067878332141e-01 5.038216833016969758e+03
2.015000000000000000e+03 2.020000000000000000e+03 2.870832067878400506e-01 2.876332067878400456e-01 1.099999999999989875e-04 6.543320678784209088e-02 5.050717708016969482e+03
2.020000000000000000e+03 2.025000000000000000e+03 2.876332067878400456e-01 2.880032067878400270e-01 7.399999999999629639e-05 1.381532067878475378e-01 5.063219083016969307e+03
2.025000000000000000e+03 2.030000000000000000e+03 2.880032067878400270e-01 2.885932067878400620e-01 1.180000000000069882e-04 4.905320678782587596e-02 5.075720008016969587e+03
2.030000000000000000e+03 2.035000000000000000e+03 2.885932067878400620e-01 2.888932067878400289e-01 5.999999999999339466e-05 1.667932067878534763e-01 5.088221483016969614e+03
2.035000000000000000e+03 2.040000000000000000e+03 2.888932067878400289e-01 2.893432067878400349e-01 9.000000000000118474e-05 1.057432067878376070e-01 5.100722233016969767e+03
2.040000000000000000e+03 2.045000000000000000e+03 2.893432067878400349e-01 2.895232067878400484e-01 3.600000000000269786e-05 2.159032067878345340e-01 5.113223358016969541e+03
2.045000000000000000e+03 2.050000000000000000e+03 2.895232067878400484e-01 2.900032067878400288e-01 9.599999999999608575e-05 9.320320678784804747e-02 5.125723808016969087e+03
2.050000000000000000e+03 2.055000000000000000e+03 2.900032067878400288e-01 2.904732067878400548e-01 9.400000000000518509e-05 9.730320678782938826e-02 5.138225008016969696e+03
2.055000000000000000e+03 2.060000000000000000e+03 2.904732067878400548e-01 2.909332067878400152e-01 9.199999999999208540e-05 1.014132067878563137e-01 5.150726183016969117e+03
2.060000000000000000e+03 2.065000000000000000e+03 2.909332067878400152e-01 2.910032067878400297e-01 1.400000000000289834e-05 2.620932067878340432e-01 5.163227333016970078e+03
2.065000000000000000e+03 2.070000000000000000e+03 2.910032067878400297e-01 2.916232067878400391e-01 1.240000000000018756e-04 3.494320678783613410e-02 5.175727508016970205e+03
2.070000000000000000e+03 2.075000000000000000e+03 2.916232067878400391e-01 2.922432067878400486e-01 1.240000000000018756e-04 3.494320678783613410e-02 5.188229058016969248e+03
2.075000000000000000e+03 2.080000000000000000e+03 2.922432067878400486e-01 2.924332067878400165e-01 3.799999999999359175e-05 2.133932067878533401e-01 5.200730608016970109e+03
2.080000000000000000e+03 2.085000000000000000e+03 2.924332067878400165e-01 2.930532067878400260e-01 1.240000000000018756e-04 3.451320678783609264e-02 5.213231083016969933e+03
2.085000000000000000e+03 2.090000000000000000e+03 2.930532067878400260e-01 2.934332067878400174e-01 7.599999999999829657e-05 1.345932067878435889e-01 5.225732633016969885e+03
2.090000000000000000e+03 2.095000000000000000e+03 2.934332067878400174e-01 2.939932067878400224e-01 1.120000000000009877e-04 5.935320678783795323e-02 5.238233583016970442e+03
2.095000000000000000e+03 2.100000000000000000e+03 2.939932067878400224e-01 2.942632067878400148e-01 5.399999999999849365e-05 1.808632067878431782e-01 5.250734983016969636e+03
2.100000000000000000e+03 2.105000000000000000e+03 2.942632067878400148e-01 2.946632067878400263e-01 8.000000000000229692e-05 1.262632067878352027e-01 5.263235658016969865e+03
2.105000000000000000e+03 2.110000000000000000e+03 2.946632067878400263e-01 2.951532067878400167e-01 9.799999999999808593e-05 8.837320678784404970e-02 5.275736658016969159e+03
2.110000000000000000e+03 2.115000000000000000e+03 2.951532067878400167e-01 2.955332067878400637e-01 7.600000000000939609e-05 1.347932067878201967e-01 5.288237883016969135e+03
2.115000000000000000e+03 2.120000000000000000e+03 2.955332067878400637e-01 2.960932067878400131e-01 1.119999999999898881e-04 5.865320678786145603e-02 5.300738833016968783e+03
2.120000000000000000e+03 2.125000000000000000e+03 2.960932067878400131e-01 2.966432067878400636e-01 1.100000000000100870e-04 6.289320678781862295e-02 5.313240233016968887e+03
2.125000000000000000e+03 2.130000000000000000e+03 2.966432067878400636e-01 2.969932067878400250e-01 6.999999999999229603e-05 1.478932067878564460e-01 5.325741608016969622e+03
2.130000000000000000e+03 2.135000000000000000e+03 2.969932067878400250e-01 2.976032067878400245e-01 1.219999999999998890e-04 3.713320678784026718e-02 5.338242483016969345e+03
2.135000000000000000e+03 2.140000000000000000e+03 2.976032067878400245e-01 2.978732067878400169e-01 5.399999999999849365e-05 1.823132067878432405e-01 5.350744008016969019e+03
2.140000000000000000e+03 2.145000000000000000e+03 2.978732067878400169e-01 2.982732067878400284e-01 8.000000000000229692e-05 1.266732067878351131e-01 5.363244683016969248e+03
2.145000000000000000e+03 2.150000000000000000e+03 2.982732067878400284e-01 2.985032067878400364e-01 4.600000000000159246e-05 1.996032067878366068e-01 5.375745683016970361e+03
2.150000000000000000e+03 2.155000000000000000e+03 2.985032067878400364e-01 2.988932067878400378e-01 7.800000000000029674e-05 1.308032067878394100e-01 5.388246258016969477e+03
2.155000000000000000e+03 2.160000000000000000e+03 2.988932067878400378e-01 2.992132067878400248e-01 6.399999999999739502e-05 1.609732067878456574e-01 5.400747233016969403e+03
2.160000000000000000e+03 2.165000000000000000e+03 2.992132067878400248e-01 2.994232067878400128e-01 4.199999999999759210e-05 2.084932067878452200e-01 5.413248033016970112e+03
2.165000000000000000e+03 2.170000000000000000e+03 2.994232067878400128e-01 2.996432067878400662e-01 4.400000000001069858e-05 2.041632067878168533e-01 5.425748558016968673e+03
2.170000000000000000e+03 2.175000000000000000e+03 2.996432067878400662e-01 3.003032067878400602e-01 1.319999999999987904e-04 1.320320678784270285e-02 5.438249108016970240e+03
2.175000000000000000e+03 2.180000000000000000e+03 3.003032067878400602e-01 3.006332067878400571e-01 6.599999999999939520e-05 1.567532067878413815e-01 5.450750758016969485e+03
2.180000000000000000e+03 2.185000000000000000e+03 3.006332067878400571e-01 3.009932067878400286e-01 7.199999999999429621e-05 1.436732067878525032e-01 5.463251583016970471e+03
2.185000000000000000e+03 2.190000000000000000e+03 3.009932067878400286e-01 3.013932067878400400e-01 8.000000000000229692e-05 1.261932067878350217e-01 5.475752483016969563e+03
2.190000000000000000e+03 2.195000000000000000e+03 3.013932067878400400e-01 3.019132067878400605e-01 1.040000000000040865e-04 7.363320678783108475e-02 5.488253483016969767e+03
2.195000000000000000e+03 2.200000000000000000e+03 3.019132067878400605e-01 3.024332067878400254e-01 1.039999999999929869e-04 7.363320678785545415e-02 5.500754783016969668e+03
2.200000000000000000e+03 2.205000000000000000e+03 3.024332067878400254e-01 3.032032067878400183e-01 1.539999999999985933e-04 -3.636679321215685601e-02 5.513256083016969569e+03
2.205000000000000000e+03 2.210000000000000000e+03 3.032032067878400183e-01 3.036832067878400543e-01 9.600000000000718527e-05 9.152320678782416286e-02 5.525758008016969143e+03
2.210000000000000000e+03 2.215000000000000000e+03 3.036832067878400543e-01 3.041032067878400302e-01 8.399999999999518420e-05 1.180432067878506852e-01 5.538259208016969751e+03
2.215000000000000000e+03 2.220000000000000000e+03 3.041032067878400302e-01 3.046532067878400252e-01 1.099999999999989875e-04 6.045320678784227297e-02 5.550760258016969601e+03
2.220000000000000000e+03 2.225000000000000000e+03 3.046532067878400252e-01 3.051232067878400511e-01 9.400000000000518509e-05 9.597320678782850223e-02 5.563261633016969427e+03
2.225000000000000000e+03 2.230000000000000000e+03 3.051232067878400511e-01 3.054732067878400126e-01 6.999999999999229603e-05 1.493732067878572045e-01 5.575762808016969757e+03
2.230000000000000000e+03 2.235000000000000000e+03 3.054732067878400126e-01 3.058932067878400440e-01 8.400000000000629728e-05 1.181532067878259817e-01 5.588263683016970390e+03
2.235000000000000000e+03 2.240000000000000000e+03 3.058932067878400440e-01 3.063932067878400445e-01 1.000000000000000861e-04 8.239320678783984553e-02 5.600764733016969330e+03
2.240000000000000000e+03 2.245000000000000000e+03 3.063932067878400445e-01 3.068532067878400604e-01 9.200000000000318492e-05 1.003132067878328981e-01 5.613265983016970495e+03
2.245000000000000000e+03 2.250000000000000000e+03 3.068532067878400604e-01 3.072732067878400364e-01 8.399999999999518420e-05 1.182732067878508597e-01 5.625767133016969638e+03
2.250000000000000000e+03 2.255000000000000000e+03 3.072732067878400364e-01 3.081432067878400183e-01 1.739999999999963689e-04 -8.422679321215181814e-02 5.638268183016969488e+03
2.255000000000000000e+03 2.260000000000000000e+03 3.081432067878400183e-01 3.086632067878400387e-01 1.040000000000040865e-04 7.362320678783079719e-02 5.650770358016970022e+03
2.260000000000000000e+03 2.265000000000000000e+03 3.086632067878400387e-01 3.092132067878400337e-01 1.099999999999989875e-04 6.006320678784232703e-02 5.663271658016969923e+03
2.265000000000000000e+03 2.270000000000000000e+03 3.092132067878400337e-01 3.097932067878400586e-01 1.160000000000049880e-04 4.647320678782873582e-02 5.675773033016968839e+03
2.270000000000000000e+03 2.275000000000000000e+03 3.097932067878400586e-01 3.105932067878400260e-01 1.599999999999934808e-04 -5.340679321214514275e-02 5.688274483016968588e+03
2.275000000000000000e+03 2.280000000000000000e+03 3.105932067878400260e-01 3.110632067878400520e-01 9.400000000000518509e-05 9.674320678782821759e-02 5.700776483016969905e+03
2.280000000000000000e+03 2.285000000000000000e+03 3.110632067878400520e-01 3.113332067878400444e-01 5.399999999999849365e-05 1.879432067878434864e-01 5.713277658016969326e+03
2.285000000000000000e+03 2.290000000000000000e+03 3.113332067878400444e-01 3.118832067878400394e-01 1.099999999999989875e-04 5.998320678784235804e-02 5.725778333016969555e+03
2.290000000000000000e+03 2.295000000000000000e+03 3.118832067878400394e-01 3.123032067878400153e-01 8.399999999999518420e-05 1.195232067878510551e-01 5.738279708016970289e+03
2.295000000000000000e+03 2.300000000000000000e+03 3.123032067878400153e-01 3.127732067878400413e-01 9.400000000000518509e-05 9.657320678782810308e-02 5.750780758016970140e+03
2.300000000000000000e+03 2.305000000000000000e+03 3.127732067878400413e-01 3.133732067878400307e-01 1.199999999999978888e-04 3.677320678784490315e-02 5.763281933016969560e+03
2.305000000000000000e+03 2.310000000000000000e+03 3.133732067878400307e-01 3.137632067878400322e-01 7.800000000000029674e-05 1.335832067878393592e-01 5.775783433016968957e+03
2.310000000000000000e+03 2.315000000000000000e+03 3.137632067878400322e-01 3.140532067878400446e-01 5.800000000000249401e-05 1.797832067878342710e-01 5.788284408016969792e+03
2.315000000000000000e+03 2.320000000000000000e+03 3.140532067878400446e-01 3.143032067878400171e-01 4.999999999999449329e-05 1.983032067878527926e-01 5.800785133016969667e+03
2.320000000000000000e+03 2.325000000000000000e+03 3.143032067878400171e-01 3.147332067878400585e-01 8.600000000000829745e-05 1.147832067878207796e-01 5.813285758016969339e+03
2.325000000000000000e+03 2.330000000000000000e+03 3.147332067878400585e-01 3.152332067878400590e-01 1.000000000000000861e-04 8.223320678783985205e-02 5.825786833016969467e+03
2.330000000000000000e+03 2.335000000000000000e+03 3.152332067878400590e-01 3.157532067878400239e-01 1.039999999999929869e-04 7.291320678785639942e-02 5.838288083016969722e+03
2.335000000000000000e+03 2.340000000000000000e+03 3.157532067878400239e-01 3.160932067878400309e-01 6.800000000000139537e-05 1.569732067878367721e-01 5.850789383016970532e+03
2.340000000000000000e+03 2.345000000000000000e+03 3.160932067878400309e-01 3.163132067878400289e-01 4.399999999999959228e-05 2.131332067878409786e-01 5.863290233016969069e+03
2.345000000000000000e+03 2.350000000000000000e+03 3.163132067878400289e-01 3.164632067878400123e-01 2.999999999999669733e-05 2.459632067878477768e-01 5.875790783016969726e+03
2.350000000000000000e+03 2.355000000000000000e+03 3.164632067878400123e-01 3.167932067878400648e-01 6.600000000001049472e-05 1.613632067878153498e-01 5.888291158016969348e+03
2.355000000000000000e+03 2.360000000000000000e+03 3.167932067878400648e-01 3.171132067878400518e-01 6.399999999999739502e-05 1.660732067878462059e-01 5.900791983016969425e+03
2.360000000000000000e+03 2.365000000000000000e+03 3.171132067878400518e-01 3.174532067878400587e-01 6.800000000000139537e-05 1.566332067878367651e-01 5.913292783016969224e+03
2.365000000000000000e+03 2.370000000000000000e+03 3.174532067878400587e-01 3.179432067878400492e-01 9.799999999999808593e-05 8.568320678784457911e-02 5.925793633016969579e+03
2.370000000000000000e+03 2.375000000000000000e+03 3.179432067878400492e-01 3.181332067878400172e-01 3.799999999999359175e-05 2.278832067878552303e-01 5.938294858016969556e+03
2.375000000000000000e+03 2.380000000000000000e+03 3.181332067878400172e-01 3.187632067878400366e-01 1.260000000000038758e-04 1.888320678783078632e-02 5.950795333016969380e+03
2.380000000000000000e+03 2.385000000000000000e+03 3.187632067878400366e-01 3.190132067878400646e-01 5.000000000000559281e-05 1.997632067878267192e-01 5.963296908016969610e+03
2.385000000000000000e+03 2.390000000000000000e+03 3.190132067878400646e-01 3.196532067878400385e-01 1.279999999999947900e-04 1.373320678785250326e-02 5.975797533016970192e+03
2.390000000000000000e+03 2.395000000000000000e+03 3.196532067878400385e-01 3.202032067878400334e-01 1.099999999999989875e-04 5.675320678784245843e-02 5.988299133016969790e+03
2.395000000000000000e+03 2.400000000000000000e+03 3.202032067878400334e-01 3.207832067878400584e-01 1.160000000000049880e-04 4.238320678782808715e-02 6.000800508016969616e+03
2.400000000000000000e+03 2.405000000000000000e+03 3.207832067878400584e-01 3.211132067878400553e-01 6.599999999999939520e-05 1.623832067878415164e-01 6.013301958016969365e+03
2.405000000000000000e+03 2.410000000000000000e+03 3.211132067878400553e-01 3.217432067878400193e-01 1.259999999999927899e-04 1.808320678785740876e-02 6.025802783016969443e+03
2.410000000000000000e+03 2.415000000000000000e+03 3.217432067878400193e-01 3.218932067878400582e-01 3.000000000000779685e-05 2.494432067878212256e-01 6.038304358016968763e+03
2.415000000000000000e+03 2.420000000000000000e+03 3.218932067878400582e-01 3.223232067878400442e-01 8.599999999999718438e-05 1.142032067878468449e-01 6.050804733016970204e+03
2.420000000000000000e+03 2.425000000000000000e+03 3.223232067878400442e-01 3.229532067878400636e-01 1.260000000000038758e-04 1.740320678783063846e-02 6.063305808016970332e+03
2.425000000000000000e+03 2.430000000000000000e+03 3.229532067878400636e-01 3.229732067878400281e-01 3.999999999992898295e-06 3.132532067878572857e-01 6.075807383016970562e+03
2.430000000000000000e+03 2.435000000000000000e+03 3.229732067878400281e-01 3.233632067878400296e-01 7.800000000000029674e-05 1.334332067878393202e-01 6.088307433016970208e+03
2.435000000000000000e+03 2.440000000000000000e+03 3.233632067878400296e-01 3.239632067878400190e-01 1.199999999999978888e-04 3.116320678784517684e-02 6.100808408016969224e+03
2.440000000000000000e+03 2.445000000000000000e+03 3.239632067878400190e-01 3.240332067878400335e-01 1.400000000000289834e-05 2.898032067878329454e-01 6.113309908016970439e+03
2.445000000000000000e+03 2.450000000000000000e+03 3.240332067878400335e-01 3.246132067878400584e-01 1.160000000000049880e-04 4.041320678782783782e-02 6.125810083016969656e+03
2.450000000000000000e+03 2.455000000000000000e+03 3.246132067878400584e-01 3.249232067878400354e-01 6.199999999999539484e-05 1.727132067878513477e-01 6.138311533016969406e+03
2.455000000000000000e+03 2.460000000000000000e+03 3.249232067878400354e-01 3.251132067878400589e-01 3.800000000000469804e-05 2.316332067878285050e-01 6.150812308016969837e+03
2.460000000000000000e+03 2.465000000000000000e+03 3.251132067878400589e-01 3.253832067878400514e-01 5.399999999999849365e-05 1.922732067878437645e-01 6.163312783016970570e+03
2.465000000000000000e+03 2.470000000000000000e+03 3.253832067878400514e-01 3.261132067878400598e-01 1.460000000000016786e-04 -3.450679321216409967e-02 6.175813458016969889e+03
2.470000000000000000e+03 2.475000000000000000e+03 3.261132067878400598e-01 3.271632067878400552e-01 2.099999999999990871e-04 -1.925867932121576587e-01 6.188315283016969261e+03
2.475000000000000000e+03 2.480000000000000000e+03 3.271632067878400552e-01 3.273032067878400286e-01 2.799999999999469715e-05 2.578632067878531831e-01 6.200817908016969341e+03
2.480000000000000000e+03 2.485000000000000000e+03 3.273032067878400286e-01 3.275232067878400266e-01 4.399999999999959228e-05 2.181832067878410331e-01 6.213318258016969594e+03
2.485000000000000000e+03 2.490000000000000000e+03 3.275232067878400266e-01 3.278732067878400436e-01 7.000000000000339555e-05 1.535732067878315954e-01 6.225818808016969342e+03
2.490000000000000000e+03 2.495000000000000000e+03 3.278732067878400436e-01 3.281432067878400360e-01 5.399999999999849365e-05 1.934132067878437944e-01 6.238319683016969975e+03
2.495000000000000000e+03 2.500000000000000000e+03 3.281432067878400360e-01 3.286932067878400310e-01 1.099999999999989875e-04 5.369320678784256229e-02 6.250820358016970204e+03
2.500000000000000000e+03 2.505000000000000000e+03 3.286932067878400310e-01 3.289032067878400190e-01 4.199999999999759210e-05 2.236932067878460439e-01 6.263321733016969119e+03
2.505000000000000000e+03 2.510000000000000000e+03 3.289032067878400190e-01 3.295432067878400484e-01 1.280000000000058760e-04 8.263206787825272404e-03 6.275822258016969499e+03
2.510000000000000000e+03 2.515000000000000000e+03 3.295432067878400484e-01 3.295032067878400639e-01 -7.999999999996897803e-06 3.496232067878322636e-01 6.288323858016970007e+03
2.515000000000000000e+03 2.520000000000000000e+03 3.295032067878400639e-01 3.305832067878400338e-01 2.159999999999939746e-04 -2.137367932121447822e-01 6.300823758016968895e+03
2.520000000000000000e+03 2.525000000000000000e+03 3.305832067878400338e-01 3.310732067878400242e-01 9.799999999999808593e-05 8.362320678784485040e-02 6.313326458016968900e+03
2.525000000000000000e+03 2.530000000000000000e+03 3.310732067878400242e-01 3.313732067878400467e-01 6.000000000000449418e-05 1.795732067878286764e-01 6.325827683016969786e+03
2.530000000000000000e+03 2.535000000000000000e+03 3.313732067878400467e-01 3.319932067878400561e-01 1.240000000000018756e-04 1.765320678783527386e-02 6.338328433016969029e+03
2.535000000000000000e+03 2.540000000000000000e+03 3.319932067878400561e-01 3.327532067878400390e-01 1.519999999999965931e-04 -5.332679321215127999e-02 6.350829983016969891e+03
2.540000000000000000e+03 2.545000000000000000e+03 3.327532067878400390e-01 3.332732067878400595e-01 1.040000000000040865e-04 6.859320678782965253e-02 6.363331883016970096e+03
2.545000000000000000e+03 2.550000000000000000e+03 3.332732067878400595e-01 3.340432067878400524e-01 1.539999999999985933e-04 -5.865679321215633291e-02 6.375833183016969997e+03
