#This header contains the Wherli spectrum that is used to derive the ROLO irradiance from the ROLO
#reflectance. The format of the spectrum is consistent with the original one.
#  Wehrli, C. Extraterrestrial Solar Spectrum, Publication n no. 661155
#  Physikalisch-Meteorologisches Observatorium + World Radiation
#  Center (PMO/WRC) Davos Dorf, Switzerland, July 1985
#   Please note that the units of are changed to the GIRO units in
#   GIRO_ROLO_REF_SOL_CHAN.c
#Wavelengths in [nanometer]
#wl(nm)	irr(W/(nm*m^2))
  199.5	5.498E-003
  200.5	 7.034E-003
  201.5	 7.176E-003
  202.5	 7.875E-003
  203.5	 8.704E-003
  204.5	 9.467E-003
  205.5	 9.556E-003
  206.5	 1.018E-002
  207.5	 1.147E-002
  208.5	 1.456E-002
  209.5	 2.424E-002
  210.5	 2.751E-002
  211.5	 3.386E-002
  212.5	 3.015E-002
  213.5	 3.187E-002
  214.5	 4.096E-002
  215.5	 3.691E-002
  216.5	 3.417E-002
  217.5	 3.611E-002
  218.5	 4.494E-002
  219.5	 4.762E-002
  220.5	 4.813E-002
  221.5	 3.931E-002
  222.5	 5.064E-002
  223.5	 6.585E-002
  224.5	 5.787E-002
  225.5	 5.392E-002
  226.5	 4.098E-002
  227.5	 4.089E-002
  228.5	 5.399E-002
  229.5	 4.779E-002
  230.5	 5.628E-002
  231.5	 4.995E-002
  232.5	 5.486E-002
  233.5	 4.587E-002
  234.5	 3.933E-002
  235.5	 5.694E-002
  236.5	 4.923E-002
  237.5	 5.328E-002
  238.5	 4.192E-002
  239.5	 4.646E-002
  240.5	 4.305E-002
  241.5	 5.248E-002
  242.5	 7.247E-002
  243.5	 6.541E-002
  244.5	 6.239E-002
  245.5	 5.114E-002
  246.5	 5.150E-002
  247.5	 5.714E-002
  248.5	 4.518E-002
  249.5	 5.843E-002
  250.5	 5.923E-002
  251.5	 4.661E-002
  252.5	 4.399E-002
  253.5	 5.548E-002
  254.5	 6.079E-002
  255.5	 8.850E-002
  256.5	 1.067E-001
  257.5	 1.294E-001
  258.5	 1.343E-001
  259.5	 1.078E-001
  260.5	 1.020E-001
  261.5	 1.032E-001
  262.5	 1.209E-001
  263.5	 1.754E-001
  264.5	 2.737E-001
  265.5	 2.802E-001
  266.5	 2.605E-001
  267.5	 2.699E-001
  268.5	 2.600E-001
  269.5	 2.524E-001
  270.5	 2.933E-001
  271.5	 2.323E-001
  272.5	 2.147E-001
  273.5	 2.038E-001
  274.5	 1.373E-001
  275.5	 2.002E-001
  276.5	 2.583E-001
  277.5	 2.402E-001
  278.5	 1.659E-001
  279.5	 8.942E-002
  280.5	 1.124E-001
  281.5	 2.311E-001
  282.5	 3.068E-001
  283.5	 3.295E-001
  284.5	 2.440E-001
  285.5	 1.410E-001
  286.5	 3.199E-001
  287.5	 3.712E-001
  288.5	 3.066E-001
  289.5	 4.556E-001
  290.5	 6.227E-001
  291.5	 6.002E-001
  292.5	 5.452E-001
  293.5	 5.454E-001
  294.5	 5.092E-001
  295.5	 5.484E-001
  296.5	 4.924E-001
  297.5	 5.314E-001
  298.5	 4.127E-001
  299.5	 4.848E-001
  300.5	 4.026E-001
  301.5	 4.454E-001
  302.5	 4.839E-001
  303.5	 6.307E-001
  304.5	 6.104E-001
  305.5	 5.798E-001
  306.5	 5.753E-001
  307.5	 6.450E-001
  308.5	 6.134E-001
  309.5	 4.839E-001
  310.0	 4.946E-001
  310.4	 5.070E-001
  310.8	 5.881E-001
  311.2	 7.069E-001
  311.6	 7.475E-001
  312.0	 7.070E-001
  312.4	 6.439E-001
  312.8	 6.628E-001
  313.2	 7.101E-001
  313.6	 6.913E-001
  314.0	 6.895E-001
  314.4	 7.216E-001
  314.8	 6.726E-001
  315.2	 6.953E-001
  315.6	 7.652E-001
  316.0	 6.747E-001
  316.4	 5.691E-001
  316.8	 6.229E-001
  317.2	 7.486E-001
  317.6	 8.298E-001
  318.0	 8.129E-001
  318.4	 6.732E-001
  318.8	 6.421E-001
  319.2	 7.678E-001
  319.6	 7.594E-001
  320.0	 7.122E-001
  320.4	 7.784E-001
  320.8	 8.437E-001
  321.2	 8.466E-001
  321.6	 7.362E-001
  322.0	 6.947E-001
  322.4	 7.732E-001
  322.8	 7.581E-001
  323.2	 6.457E-001
  323.6	 6.032E-001
  324.0	 6.042E-001
  324.4	 6.185E-001
  324.8	 6.545E-001
  325.2	 6.460E-001
  325.6	 6.820E-001
  326.0	 8.524E-001
  326.4	 1.049E+000
  326.8	 1.111E+000
  327.2	 1.108E+000
  327.6	 1.050E+000
  328.0	 9.645E-001
  328.4	 9.144E-001
  328.8	 9.126E-001
  329.2	 9.515E-001
  329.6	 1.043E+000
  330.0	 1.144E+000
  330.4	 1.137E+000
  330.5	 1.006E+000
  331.5	 9.676E-001
  332.5	 9.207E-001
  333.5	 9.047E-001
  334.5	 9.397E-001
  335.5	 9.816E-001
  336.5	 7.649E-001
  337.5	 8.658E-001
  338.5	 9.157E-001
  339.5	 9.367E-001
  340.5	 9.916E-001
  341.5	 9.357E-001
  342.5	 9.946E-001
  343.5	 9.846E-001
  344.5	 7.190E-001
  345.5	 9.666E-001
  346.5	 9.187E-001
  347.5	 9.017E-001
  348.5	 9.477E-001
  349.5	 8.648E-001
  350.5	 1.119E+000
  351.5	 9.926E-001
  352.5	 8.708E-001
  353.5	 1.115E+000
  354.5	 1.133E+000
  355.5	 1.058E+000
  356.5	 9.377E-001
  357.5	 8.908E-001
  358.5	 6.271E-001
  359.5	 1.136E+000
  360.5	 9.786E-001
  361.5	 8.937E-001
  362.5	 1.175E+000
  363.5	 9.577E-001
  364.5	 1.015E+000
  365.5	 1.263E+000
  366.5	 1.249E+000
  367.5	 1.214E+000
  368.5	 1.088E+000
  369.5	 1.331E+000
  370.5	 1.075E+000
  371.5	 1.307E+000
  372.5	 1.065E+000
  373.5	 8.378E-001
  374.5	 8.778E-001
  375.5	 1.141E+000
  376.5	 1.101E+000
  377.5	 1.291E+000
  378.5	 1.341E+000
  379.5	 9.996E-001
  380.5	 1.289E+000
  381.5	 1.096E+000
  382.5	 7.330E-001
  383.5	 6.840E-001
  384.5	 1.027E+000
  385.5	 9.537E-001
  386.5	 1.071E+000
  387.5	 9.656E-001
  388.5	 9.117E-001
  389.5	 1.227E+000
  390.5	 1.223E+000
  391.5	 1.398E+000
  392.5	 9.547E-001
  393.5	 4.893E-001
  394.5	 1.101E+000
  395.5	 1.378E+000
  396.5	 6.501E-001
  397.5	 1.040E+000
  398.5	 1.538E+000
  399.5	 1.655E+000
  400.5	 1.649E+000
  401.5	 1.796E+000
  402.5	 1.803E+000
  403.5	 1.658E+000
  404.5	 1.602E+000
  405.5	 1.672E+000
  406.5	 1.624E+000
  407.5	 1.545E+000
  408.5	 1.824E+000
  409.5	 1.706E+000
  410.5	 1.502E+000
  411.5	 1.819E+000
  412.5	 1.791E+000
  413.5	 1.758E+000
  414.5	 1.739E+000
  415.5	 1.736E+000
  416.5	 1.844E+000
  417.5	 1.667E+000
  418.5	 1.686E+000
  419.5	 1.703E+000
  420.5	 1.760E+000
  421.5	 1.799E+000
  422.5	 1.584E+000
  423.5	 1.713E+000
  424.5	 1.770E+000
  425.5	 1.697E+000
  426.5	 1.700E+000
  427.5	 1.571E+000
  428.5	 1.589E+000
  429.5	 1.477E+000
  430.5	 1.136E+000
  431.5	 1.688E+000
  432.5	 1.648E+000
  433.5	 1.733E+000
  434.5	 1.672E+000
  435.5	 1.725E+000
  436.5	 1.931E+000
  437.5	 1.808E+000
  438.5	 1.569E+000
  439.5	 1.827E+000
  440.5	 1.715E+000
  441.5	 1.933E+000
  442.5	 1.982E+000
  443.5	 1.911E+000
  444.5	 1.975E+000
  445.5	 1.823E+000
  446.5	 1.893E+000
  447.5	 2.079E+000
  448.5	 1.975E+000
  449.5	 2.029E+000
  450.5	 2.146E+000
  451.5	 2.111E+000
  452.5	 1.943E+000
  453.5	 1.972E+000
  454.5	 1.981E+000
  455.5	 2.036E+000
  456.5	 2.079E+000
  457.5	 2.102E+000
  458.5	 1.973E+000
  459.5	 2.011E+000
  460.5	 2.042E+000
  461.5	 2.057E+000
  462.5	 2.106E+000
  463.5	 2.042E+000
  464.5	 1.978E+000
  465.5	 2.044E+000
  466.5	 1.923E+000
  467.5	 2.017E+000
  468.5	 1.996E+000
  469.5	 1.992E+000
  470.5	 1.879E+000
  471.5	 2.020E+000
  472.5	 2.043E+000
  473.5	 1.993E+000
  474.5	 2.053E+000
  475.5	 2.018E+000
  476.5	 1.958E+000
  477.5	 2.077E+000
  478.5	 2.011E+000
  479.5	 2.078E+000
  480.5	 2.037E+000
  481.5	 2.092E+000
  482.5	 2.025E+000
  483.5	 2.021E+000
  484.5	 1.971E+000
  485.5	 1.832E+000
  486.5	 1.627E+000
  487.5	 1.832E+000
  488.5	 1.916E+000
  489.5	 1.962E+000
  490.5	 2.009E+000
  491.5	 1.898E+000
  492.5	 1.898E+000
  493.5	 1.890E+000
  494.5	 2.060E+000
  495.5	 1.928E+000
  496.5	 2.019E+000
  497.5	 2.020E+000
  498.5	 1.868E+000
  499.5	 1.972E+000
  500.5	 1.859E+000
  501.5	 1.814E+000
  502.5	 1.896E+000
  503.5	 1.936E+000
  504.5	 1.871E+000
  505.5	 1.995E+000
  506.5	 1.963E+000
  507.5	 1.908E+000
  508.5	 1.921E+000
  509.5	 1.918E+000
  510.5	 1.949E+000
  511.5	 1.999E+000
  512.5	 1.869E+000
  513.5	 1.863E+000
  514.5	 1.876E+000
  515.5	 1.902E+000
  516.5	 1.671E+000
  517.5	 1.728E+000
  518.5	 1.656E+000
  519.5	 1.830E+000
  520.5	 1.833E+000
  521.5	 1.908E+000
  522.5	 1.825E+000
  523.5	 1.896E+000
  524.5	 1.960E+000
  525.5	 1.932E+000
  526.5	 1.676E+000
  527.5	 1.830E+000
  528.5	 1.899E+000
  529.5	 1.920E+000
  530.5	 1.954E+000
  531.5	 1.965E+000
  532.5	 1.773E+000
  533.5	 1.925E+000
  534.5	 1.860E+000
  535.5	 1.992E+000
  536.5	 1.873E+000
  537.5	 1.884E+000
  538.5	 1.906E+000
  539.5	 1.834E+000
  540.5	 1.772E+000
  541.5	 1.883E+000
  542.5	 1.827E+000
  543.5	 1.881E+000
  544.5	 1.881E+000
  545.5	 1.903E+000
  546.5	 1.881E+000
  547.5	 1.835E+000
  548.5	 1.865E+000
  549.5	 1.897E+000
  550.5	 1.864E+000
  551.5	 1.873E+000
  552.5	 1.848E+000
  553.5	 1.884E+000
  554.5	 1.900E+000
  555.5	 1.899E+000
  556.5	 1.823E+000
  557.5	 1.848E+000
  558.5	 1.789E+000
  559.5	 1.810E+000
  560.5	 1.845E+000
  561.5	 1.826E+000
  562.5	 1.852E+000
  563.5	 1.863E+000
  564.5	 1.856E+000
  565.5	 1.800E+000
  566.5	 1.831E+000
  567.5	 1.889E+000
  568.5	 1.812E+000
  569.5	 1.862E+000
  570.5	 1.772E+000
  571.5	 1.825E+000
  572.5	 1.894E+000
  573.5	 1.878E+000
  574.5	 1.869E+000
  575.5	 1.832E+000
  576.5	 1.848E+000
  577.5	 1.859E+000
  578.5	 1.786E+000
  579.5	 1.830E+000
  580.5	 1.840E+000
  581.5	 1.855E+000
  582.5	 1.875E+000
  583.5	 1.859E+000
  584.5	 1.862E+000
  585.5	 1.786E+000
  586.5	 1.832E+000
  587.5	 1.850E+000
  588.5	 1.752E+000
  589.5	 1.614E+000
  590.5	 1.815E+000
  591.5	 1.789E+000
  592.5	 1.810E+000
  593.5	 1.798E+000
  594.5	 1.776E+000
  595.5	 1.785E+000
  596.5	 1.807E+000
  597.5	 1.783E+000
  598.5	 1.760E+000
  599.5	 1.777E+000
  600.5	 1.748E+000
  601.5	 1.753E+000
  602.5	 1.721E+000
  603.5	 1.789E+000
  604.5	 1.779E+000
  605.5	 1.766E+000
  606.5	 1.762E+000
  607.5	 1.760E+000
  608.5	 1.745E+000
  609.5	 1.746E+000
  610.5	 1.705E+000
  611.5	 1.748E+000
  612.5	 1.707E+000
  613.5	 1.685E+000
  614.5	 1.715E+000
  615.5	 1.715E+000
  616.5	 1.611E+000
  617.5	 1.709E+000
  618.5	 1.726E+000
  619.5	 1.709E+000
  620.5	 1.736E+000
  621.5	 1.692E+000
  622.5	 1.715E+000
  623.5	 1.668E+000
  624.5	 1.658E+000
  625.5	 1.634E+000
  626.5	 1.699E+000
  627.5	 1.699E+000
  628.5	 1.699E+000
  629.5	 1.679E+000
  631.0	 1.641E+000
  633.0	 1.653E+000
  635.0	 1.658E+000
  637.0	 1.656E+000
  639.0	 1.653E+000
  641.0	 1.616E+000
  643.0	 1.623E+000
  645.0	 1.629E+000
  647.0	 1.605E+000
  649.0	 1.560E+000
  651.0	 1.608E+000
  653.0	 1.601E+000
  655.0	 1.534E+000
  657.0	 1.386E+000
  659.0	 1.551E+000
  661.0	 1.573E+000
  663.0	 1.557E+000
  665.0	 1.562E+000
  667.0	 1.537E+000
  669.0	 1.548E+000
  671.0	 1.518E+000
  673.0	 1.523E+000
  675.0	 1.512E+000
  677.0	 1.510E+000
  679.0	 1.500E+000
  681.0	 1.494E+000
  683.0	 1.481E+000
  685.0	 1.457E+000
  687.0	 1.469E+000
  689.0	 1.463E+000
  691.0	 1.450E+000
  693.0	 1.450E+000
  695.0	 1.438E+000
  697.0	 1.418E+000
  699.0	 1.427E+000
  701.0	 1.388E+000
  703.0	 1.390E+000
  705.0	 1.417E+000
  707.0	 1.402E+000
  709.0	 1.386E+000
  711.0	 1.387E+000
  713.0	 1.375E+000
  715.0	 1.368E+000
  717.0	 1.355E+000
  719.0	 1.329E+000
  721.0	 1.332E+000
  723.0	 1.349E+000
  725.0	 1.351E+000
  727.0	 1.347E+000
  729.0	 1.320E+000
  731.0	 1.327E+000
  733.0	 1.319E+000
  735.0	 1.310E+000
  737.0	 1.308E+000
  739.0	 1.279E+000
  741.0	 1.259E+000
  743.0	 1.287E+000
  745.0	 1.280E+000
  747.0	 1.284E+000
  749.0	 1.271E+000
  751.0	 1.263E+000
  753.0	 1.260E+000
  755.0	 1.256E+000
  757.0	 1.249E+000
  759.0	 1.241E+000
  761.0	 1.238E+000
  763.0	 1.242E+000
  765.0	 1.222E+000
  767.0	 1.186E+000
  769.0	 1.204E+000
  771.0	 1.205E+000
  773.0	 1.209E+000
  775.0	 1.189E+000
  777.0	 1.197E+000
  779.0	 1.188E+000
  781.0	 1.188E+000
  783.0	 1.177E+000
  785.0  1.181E+000
  787.0	 1.178E+000
  789.0	 1.175E+000
  791.0	 1.159E+000
  793.0	 1.144E+000
  795.0	 1.135E+000
  797.0	 1.153E+000
  799.0	 1.136E+000
  801.0	 1.143E+000
  803.0	 1.130E+000
  805.0	 1.116E+000
  807.0	 1.121E+000
  809.0	 1.096E+000
  811.0	 1.115E+000
  813.0	 1.116E+000
  815.0	 1.108E+000
  817.0	 1.105E+000
  819.0	 1.065E+000
  821.0	 1.081E+000
  823.0	 1.074E+000
  825.0	 1.076E+000
  827.0	 1.077E+000
  829.0	 1.073E+000
  831.0	 1.069E+000
  833.0	 1.034E+000
  835.0	 1.053E+000
  837.0	 1.052E+000
  839.0	 1.042E+000
  841.0	 1.045E+000
  843.0	 1.028E+000
  845.0	 1.033E+000
  847.0	 1.025E+000
  849.0	 9.706E-001
  851.0	 1.003E+000
  853.0	 9.726E-001
  855.0	 8.768E-001
  857.0	 1.011E+000
  859.0	 9.966E-001
  861.0	 9.966E-001
  863.0	 9.986E-001
  865.0	 9.696E-001
  867.0	 8.798E-001
  869.0	 9.666E-001
  871.0	 9.861E-001
  873.0	 9.784E-001
  875.0	 9.814E-001
  877.0	 9.835E-001
  879.0	 9.591E-001
  881.0	 9.605E-001
  883.0	 9.484E-001
  885.0	 9.629E-001
  887.0	 9.474E-001
  889.0	 9.490E-001
  891.0	 9.441E-001
  893.0	 9.338E-001
  895.0	 9.355E-001
  897.0	 9.390E-001
  899.0	 9.118E-001
  901.0	 9.048E-001
  903.0	 9.049E-001
  905.0	 8.927E-001
  907.0	 8.906E-001
  909.0	 8.613E-001
  911.0	 8.703E-001
  913.0	 8.763E-001
  915.0	 8.662E-001
  917.0	 8.591E-001
  919.0	 8.580E-001
  921.0	 8.302E-001
  923.0	 8.213E-001
  925.0	 8.253E-001
  927.0	 8.284E-001
  929.0	 8.325E-001
  931.0	 8.258E-001
  933.0	 8.320E-001
  935.0	 8.177E-001
  937.0	 8.016E-001
  939.0	 8.080E-001
  941.0	 8.000E-001
  943.0	 7.842E-001
  945.0	 7.988E-001
  947.0	 7.930E-001
  949.0	 7.768E-001
  951.0	 7.782E-001
  953.0	 7.710E-001
  955.0	 7.600E-001
  957.0	 7.735E-001
  959.0	 7.707E-001
  961.0	 7.671E-001
  963.0	 7.666E-001
  965.0	 7.643E-001
  967.0	 7.574E-001
  969.0	 7.760E-001
  971.0	 7.627E-001
  973.0	 7.642E-001
  975.0	 7.503E-001
  977.0	 7.679E-001
  979.0	 7.682E-001
  981.0	 7.618E-001
  983.0	 7.665E-001
  985.0	 7.713E-001
  987.0	 7.558E-001
  989.0	 7.666E-001
  991.0	 7.636E-001
  993.0	 7.546E-001
  995.0	 7.563E-001
  997.0	 7.430E-001
  999.0	 7.434E-001
 1002.5	 7.450E-001
 1007.5	 7.368E-001
 1012.5	 7.336E-001
 1017.5	 7.209E-001
 1022.5	 7.035E-001
 1027.5	 7.078E-001
 1032.5	 6.881E-001
 1037.5	 6.916E-001
 1042.5	 6.810E-001
 1047.5	 6.848E-001
 1052.5	 6.607E-001
 1057.5	 6.496E-001
 1062.5	 6.419E-001
 1067.5	 6.429E-001
 1072.5	 6.380E-001
 1077.5	 6.303E-001
 1082.5	 6.205E-001
 1087.5	 6.137E-001
 1092.5	 6.118E-001
 1097.5	 5.990E-001
 1102.5	 6.082E-001
 1107.5	 6.013E-001
 1112.5	 6.025E-001
 1117.5	 5.887E-001
 1122.5	 5.788E-001
 1127.5	 5.690E-001
 1132.5	 5.661E-001
 1137.5	 5.633E-001
 1142.5	 5.574E-001
 1147.5	 5.556E-001
 1152.5	 5.447E-001
 1157.5	 5.539E-001
 1162.5	 5.400E-001
 1167.5	 5.301E-001
 1172.5	 5.333E-001
 1177.5	 5.254E-001
 1182.5	 5.145E-001
 1187.5	 5.117E-001
 1192.5	 5.113E-001
 1197.5	 5.018E-001
 1202.5	 4.963E-001
 1207.5	 4.939E-001
 1212.5	 4.894E-001
 1217.5	 5.001E-001
 1222.5	 4.814E-001
 1227.5	 4.809E-001
 1232.5	 4.835E-001
 1237.5	 4.772E-001
 1242.5	 4.771E-001
 1247.5	 4.655E-001
 1252.5	 4.737E-001
 1257.5	 4.634E-001
 1262.5	 4.438E-001
 1267.5	 4.376E-001
 1272.5	 4.386E-001
 1277.5	 4.529E-001
 1282.5	 4.354E-001
 1287.5	 4.374E-001
 1292.5	 4.425E-001
 1297.5	 4.383E-001
 1302.5	 4.381E-001
 1307.5	 4.286E-001
 1312.5	 4.190E-001
 1317.5	 4.156E-001
 1322.5	 4.164E-001
 1327.5	 4.110E-001
 1332.5	 4.045E-001
 1337.5	 4.001E-001
 1342.5	 3.978E-001
 1347.5	 3.945E-001
 1352.5	 3.870E-001
 1357.5	 3.817E-001
 1362.5	 3.783E-001
 1367.5	 3.699E-001
 1372.5	 3.686E-001
 1377.5	 3.684E-001
 1382.5	 3.640E-001
 1387.5	 3.638E-001
 1392.5	 3.584E-001
 1397.5	 3.572E-001
 1402.5	 3.528E-001
 1407.5	 3.496E-001
 1412.5	 3.463E-001
 1417.5	 3.440E-001
 1422.5	 3.427E-001
 1427.5	 3.475E-001
 1432.5	 3.372E-001
 1437.5	 3.309E-001
 1442.5	 3.266E-001
 1447.5	 3.184E-001
 1452.5	 3.231E-001
 1457.5	 3.069E-001
 1462.5	 3.166E-001
 1467.5	 3.114E-001
 1472.5	 3.112E-001
 1477.5	 3.069E-001
 1482.5	 3.027E-001
 1487.5	 2.985E-001
 1492.5	 3.033E-001
 1497.5	 3.000E-001
 1502.5	 2.958E-001
 1507.5	 2.946E-001
 1512.5	 2.904E-001
 1517.5	 2.902E-001
 1522.5	 2.860E-001
 1527.5	 2.897E-001
 1532.5	 2.816E-001
 1537.5	 2.745E-001
 1542.5	 2.752E-001
 1547.5	 2.740E-001
 1552.5	 2.728E-001
 1557.5	 2.716E-001
 1562.5	 2.695E-001
 1567.5	 2.633E-001
 1572.5	 2.602E-001
 1577.5	 2.590E-001
 1582.5	 2.549E-001
 1587.5	 2.517E-001
 1592.5	 2.456E-001
 1597.5	 2.464E-001
 1602.5	 2.473E-001
 1607.5	 2.424E-001
 1612.5	 2.444E-001
 1617.5	 2.434E-001
 1622.5	 2.404E-001
 1627.5	 2.443E-001
 1632.5	 2.414E-001
 1637.5	 2.375E-001
 1642.5	 2.336E-001
 1647.5	 2.345E-001
 1652.5	 2.335E-001
 1657.5	 2.335E-001
 1662.5	 2.326E-001
 1667.5	 2.286E-001
 1672.5	 2.276E-001
 1677.5	 2.198E-001
 1682.5	 2.208E-001
 1687.5	 2.188E-001
 1692.5	 2.188E-001
 1697.5	 2.139E-001
 1702.5	 2.168E-001
 1707.5	 2.119E-001
 1712.5	 2.031E-001
 1717.5	 2.119E-001
 1722.5	 2.050E-001
 1727.5	 1.962E-001
 1732.5	 1.903E-001
 1737.5	 1.893E-001
 1742.5	 1.913E-001
 1747.5	 1.854E-001
 1752.5	 1.874E-001
 1757.5	 1.893E-001
 1762.5	 1.844E-001
 1767.5	 1.825E-001
 1772.5	 1.766E-001
 1777.5	 1.726E-001
 1782.5	 1.707E-001
 1787.5	 1.697E-001
 1792.5	 1.687E-001
 1797.5	 1.726E-001
 1802.5	 1.687E-001
 1807.5	 1.677E-001
 1812.5	 1.599E-001
 1817.5	 1.599E-001
 1822.5	 1.589E-001
 1827.5	 1.559E-001
 1832.5	 1.559E-001
 1837.5	 1.500E-001
 1842.5	 1.530E-001
 1847.5	 1.510E-001
 1852.5	 1.481E-001
 1857.5	 1.451E-001
 1862.5	 1.432E-001
 1867.5	 1.432E-001
 1872.5	 1.353E-001
 1877.5	 1.353E-001
 1882.5	 1.402E-001
 1887.5	 1.383E-001
 1892.5	 1.373E-001
 1897.5	 1.383E-001
 1902.5	 1.334E-001
 1907.5	 1.363E-001
 1912.5	 1.383E-001
 1917.5	 1.363E-001
 1922.5	 1.343E-001
 1927.5	 1.324E-001
 1932.5	 1.324E-001
 1937.5	 1.314E-001
 1942.5	 1.294E-001
 1947.5	 1.275E-001
 1952.5	 1.265E-001
 1957.5	 1.216E-001
 1962.5	 1.255E-001
 1967.5	 1.255E-001
 1972.5	 1.245E-001
 1977.5	 1.294E-001
 1982.5	 1.245E-001
 1987.5	 1.225E-001
 1992.5	 1.206E-001
 1997.5	 1.225E-001
 2002.5	 1.157E-001
 2007.5	 1.098E-001
 2012.5	 1.137E-001
 2017.5	 1.118E-001
 2022.5	 1.127E-001
 2027.5	 1.127E-001
 2032.5	 1.098E-001
 2037.5	 1.068E-001
 2042.5	 1.068E-001
 2047.5	 1.078E-001
 2052.5	 1.039E-001
 2057.5	 1.019E-001
 2062.5	 9.998E-002
 2067.5	 9.508E-002
 2072.5	 9.899E-002
 2077.5	 1.010E-001
 2082.5	 9.703E-002
 2087.5	 9.606E-002
 2092.5	 9.800E-002
 2097.5	 9.114E-002
 2102.5	 9.310E-002
 2107.5	 9.310E-002
 2112.5	 8.723E-002
 2117.5	 9.016E-002
 2122.5	 8.722E-002
 2127.5	 8.722E-002
 2132.5	 8.722E-002
 2137.5	 8.525E-002
 2142.5	 9.015E-002
 2147.5	 8.230E-002
 2152.5	 8.133E-002
 2157.5	 7.937E-002
 2162.5	 8.229E-002
 2167.5	 8.036E-002
 2172.5	 8.229E-002
 2177.5	 7.740E-002
 2182.5	 7.544E-002
 2187.5	 6.761E-002
 2192.5	 7.250E-002
 2197.5	 7.348E-002
 2202.5	 8.228E-002
 2207.5	 7.544E-002
 2212.5	 7.544E-002
 2217.5	 7.250E-002
 2222.5	 7.739E-002
 2227.5	 7.544E-002
 2232.5	 7.543E-002
 2237.5	 6.466E-002
 2242.5	 5.976E-002
 2247.5	 7.152E-002
 2252.5	 7.543E-002
 2257.5	 7.543E-002
 2262.5	 7.053E-002
 2267.5	 7.151E-002
 2272.5	 6.465E-002
 2277.5	 6.366E-002
 2282.5	 6.856E-002
 2287.5	 6.563E-002
 2292.5	 6.563E-002
 2297.5	 6.464E-002
 2302.5	 6.563E-002
 2307.5	 6.268E-002
 2312.5	 6.170E-002
 2317.5	 5.779E-002
 2322.5	 5.289E-002
 2327.5	 5.485E-002
 2332.5	 5.485E-002
 2337.5	 5.876E-002
 2342.5	 5.778E-002
 2347.5	 5.974E-002
 2352.5	 6.071E-002
 2357.5	 6.267E-002
 2362.5	 6.463E-002
 2367.5	 6.071E-002
 2372.5	 6.071E-002
 2377.5	 5.681E-002
 2382.5	 5.484E-002
 2387.5	 5.973E-002
 2392.5	 5.875E-002
 2397.5	 5.778E-002
 2402.5	 5.385E-002
 2407.5	 5.483E-002
 2412.5	 5.582E-002
 2417.5	 5.288E-002
 2422.5	 5.680E-002
 2427.5	 5.385E-002
 2432.5	 5.777E-002
 2437.5	 5.385E-002
 2442.5	 5.092E-002
 2447.5	 4.895E-002
 2452.5	 4.993E-002
 2457.5	 5.092E-002
 2462.5	 4.797E-002
 2467.5	 5.287E-002
 2472.5	 4.797E-002
 2477.5	 5.287E-002
 2482.5	 4.993E-002
 2487.5	 4.699E-002
 2492.5	 5.384E-002
 2497.5	 4.602E-002
 2502.5	 4.825E-002
 2507.5	 4.790E-002
 2512.5	 4.754E-002
 2517.5	 4.720E-002
 2522.5	 4.686E-002
 2527.5	 4.652E-002
 2532.5	 4.618E-002
 2537.5	 4.585E-002
 2542.5	 4.552E-002
 2547.5	 4.520E-002
 2552.5	 4.487E-002
 2557.5	 4.455E-002
 2562.5	 4.422E-002
 2567.5	 4.390E-002
 2572.5	 4.359E-002
 2577.5	 4.328E-002
 2582.5	 4.297E-002
 2587.5	 4.267E-002
 2592.5	 4.236E-002
 2597.5	 4.207E-002
 2602.5	 4.177E-002
 2607.5	 4.148E-002
 2612.5	 4.119E-002
 2617.5	 4.090E-002
 2622.5	 4.061E-002
 2627.5	 4.032E-002
 2632.5	 4.005E-002
 2637.5	 3.976E-002
 2642.5	 3.948E-002
 2647.5	 3.922E-002
 2652.5	 3.896E-002
 2657.5	 3.868E-002
 2662.5	 3.841E-002
 2667.5	 3.815E-002
 2672.5	 3.789E-002
 2677.5	 3.763E-002
 2682.5	 3.738E-002
 2687.5	 3.712E-002
 2692.5	 3.686E-002
 2697.5	 3.660E-002
 2702.5	 3.636E-002
 2707.5	 3.611E-002

 2712.5	3.587E-002
 2717.5	 3.563E-002
 2722.5	 3.540E-002
 2727.5	 3.515E-002
 2732.5	 3.491E-002
 2737.5	 3.468E-002
 2742.5	 3.445E-002
 2747.5	 3.422E-002
 2752.5	 3.399E-002
 2757.5	 3.377E-002
 2762.5	 3.354E-002
 2767.5	 3.332E-002
 2772.5	 3.311E-002
 2777.5	 3.288E-002
 2782.5	 3.267E-002
 2787.5	 3.245E-002
 2792.5	 3.224E-002
 2797.5	 3.204E-002
 2802.5	 3.182E-002
 2807.5	 3.162E-002
 2812.5	 3.142E-002
 2817.5	 3.121E-002
 2822.5	 3.100E-002
 2827.5	 3.081E-002
 2832.5	 3.060E-002
 2837.5	 3.040E-002
 2842.5	 3.021E-002
 2847.5	 3.001E-002
 2852.5	 2.981E-002
 2857.5	 2.963E-002
 2862.5	 2.944E-002
 2867.5	 2.924E-002
 2872.5	 2.905E-002
 2877.5	 2.887E-002
 2882.5	 2.870E-002
 2887.5	 2.851E-002
 2892.5	 2.833E-002
 2897.5	 2.814E-002
 2902.5	 2.797E-002
 2907.5	 2.779E-002
 2912.5	 2.762E-002
 2917.5	 2.745E-002
 2922.5	 2.727E-002
 2927.5	 2.710E-002
 2932.5	 2.692E-002
 2937.5	 2.676E-002
 2942.5	 2.659E-002
 2947.5	 2.642E-002
 2952.5	 2.626E-002
 2957.5	 2.610E-002
 2962.5	 2.594E-002
 2967.5	 2.578E-002
 2972.5	 2.562E-002
 2977.5	 2.546E-002
 2982.5	 2.531E-002
 2987.5	 2.515E-002
 2992.5	 2.500E-002
 2997.5	 2.485E-002
 3005.0	 2.470E-002
 3015.0	 2.439E-002
 3025.0	 2.410E-002
 3035.0	 2.380E-002
 3045.0	 2.352E-002
 3055.0	 2.323E-002
 3065.0	 2.296E-002
 3075.0	 2.269E-002
 3085.0	 2.241E-002
 3095.0	 2.214E-002
 3105.0	 2.189E-002
 3115.0	 2.163E-002
 3125.0	 2.137E-002
 3135.0	 2.113E-002
 3145.0	 2.088E-002
 3155.0	 2.064E-002
 3165.0	 2.040E-002
 3175.0	 2.017E-002
 3185.0	 1.993E-002
 3195.0	 1.971E-002
 3205.0	 1.947E-002
 3215.0	 1.925E-002
 3225.0	 1.902E-002
 3235.0	 1.881E-002
 3245.0	 1.860E-002
 3255.0	 1.839E-002
 3265.0	 1.818E-002
 3275.0	 1.797E-002
 3285.0	 1.779E-002
 3295.0	 1.759E-002
 3305.0	 1.740E-002
 3315.0	 1.720E-002
 3325.0	 1.701E-002
 3335.0	 1.683E-002
 3345.0	 1.664E-002
 3355.0	 1.646E-002
 3365.0	 1.627E-002
 3375.0	 1.610E-002
 3385.0	 1.592E-002
 3395.0	 1.575E-002
 3405.0	 1.558E-002
 3415.0	 1.542E-002
 3425.0	 1.525E-002
 3435.0	 1.509E-002
 3445.0	 1.493E-002
 3455.0	 1.477E-002
 3465.0	 1.461E-002
 3475.0	 1.446E-002
 3485.0	 1.431E-002
 3495.0	 1.415E-002
 3505.0	 1.400E-002
 3515.0	 1.386E-002
 3525.0	 1.371E-002
 3535.0	 1.357E-002
 3545.0	 1.343E-002
 3555.0	 1.328E-002
 3565.0	 1.316E-002
 3575.0	 1.303E-002
 3585.0	 1.289E-002
 3595.0	 1.276E-002
 3605.0	 1.262E-002
 3615.0	 1.249E-002
 3625.0	 1.238E-002
 3635.0	 1.226E-002
 3645.0	 1.213E-002
 3655.0	 1.200E-002
 3665.0	 1.188E-002
 3675.0	 1.177E-002
 3685.0	 1.165E-002
 3695.0	 1.153E-002
 3705.0	 1.142E-002
 3715.0	 1.131E-002
 3725.0	 1.120E-002
 3735.0	 1.108E-002
 3745.0	 1.098E-002
 3755.0	 1.087E-002
 3765.0	 1.077E-002
 3775.0	 1.067E-002
 3785.0	 1.056E-002
 3795.0	 1.046E-002
 3805.0	 1.037E-002
 3815.0	 1.026E-002
 3825.0	 1.016E-002
 3835.0	 1.006E-002
 3845.0	 9.966E-003
 3855.0	 9.876E-003
 3865.0	 9.776E-003
 3875.0	 9.686E-003
 3885.0	 9.587E-003
 3895.0	 9.497E-003
 3905.0	 9.417E-003
 3915.0	 9.327E-003
 3925.0	 9.237E-003
 3935.0	 9.147E-003
 3945.0	 9.077E-003
 3955.0	 8.987E-003
 3965.0	 8.898E-003
 3975.0	 8.818E-003
 3985.0	 8.738E-003
 3995.0	 8.658E-003
 4005.0	 8.598E-003
 4015.0	 8.508E-003
 4025.0	 8.408E-003
 4035.0	 8.328E-003
 4045.0	 8.238E-003
 4055.0	 8.159E-003
 4065.0	 8.079E-003
 4075.0	 7.999E-003
 4085.0	 7.909E-003
 4095.0	 7.839E-003
 4105.0	 7.759E-003
 4115.0	 7.679E-003
 4125.0	 7.599E-003
 4135.0	 7.539E-003
 4145.0	 7.450E-003
 4155.0	 7.380E-003
 4165.0	 7.320E-003
 4175.0	 7.240E-003
 4185.0	 7.170E-003
 4195.0	 7.090E-003
 4205.0	 7.030E-003
 4215.0	 6.950E-003
 4225.0	 6.890E-003
 4235.0	 6.830E-003
 4245.0	 6.761E-003
 4255.0	 6.701E-003
 4265.0	 6.621E-003
 4275.0	 6.571E-003
 4285.0	 6.511E-003
 4295.0	 6.441E-003
 4305.0	 6.381E-003
 4315.0	 6.321E-003
 4325.0	 6.261E-003
 4335.0	 6.211E-003
 4345.0	 6.141E-003
 4355.0	 6.091E-003
 4365.0	 6.032E-003
 4375.0	 5.972E-003
 4385.0	 5.912E-003
 4395.0	 5.872E-003
 4405.0	 5.802E-003
 4415.0	 5.762E-003
 4425.0	 5.702E-003
 4435.0	 5.642E-003
 4445.0	 5.592E-003
 4455.0	 5.542E-003
 4465.0	 5.492E-003
 4475.0	 5.442E-003
 4485.0	 5.402E-003
 4495.0	 5.343E-003
 4505.0	 5.293E-003
 4515.0	 5.253E-003
 4525.0	 5.193E-003
 4535.0	 5.153E-003
 4545.0	 5.103E-003
 4555.0	 5.063E-003
 4565.0	 5.013E-003
 4575.0	 4.963E-003
 4585.0	 4.933E-003
 4595.0	 4.873E-003
 4605.0	 4.833E-003
 4615.0	 4.803E-003
 4625.0	 4.753E-003
 4635.0	 4.703E-003
 4645.0	 4.673E-003
 4655.0	 4.624E-003
 4665.0	 4.584E-003
 4675.0	 4.544E-003
 4685.0	 4.504E-003
 4695.0	 4.464E-003
 4705.0	 4.434E-003
 4715.0	 4.384E-003
 4725.0	 4.344E-003
 4735.0	 4.314E-003
 4745.0	 4.284E-003
 4755.0	 4.244E-003
 4765.0	 4.204E-003
 4775.0	 4.164E-003
 4785.0	 4.134E-003
 4795.0	 4.094E-003
 4805.0	 4.074E-003
 4815.0	 4.024E-003
 4825.0	 3.984E-003
 4835.0	 3.964E-003
 4845.0	 3.934E-003
 4855.0	 3.885E-003
 4865.0	 3.855E-003
 4875.0	 3.825E-003
 4885.0	 3.795E-003
 4895.0	 3.765E-003
 4905.0	 3.745E-003
 4915.0	 3.705E-003
 4925.0	 3.665E-003
 4935.0	 3.635E-003
 4945.0	 3.615E-003
 4955.0	 3.585E-003
 4965.0	 3.545E-003
 4975.0	 3.515E-003
 4985.0	 3.495E-003
 4995.0	 3.465E-003
 5005.0	 3.465E-003
 5015.0	 3.435E-003
 5025.0	 3.395E-003
 5035.0	 3.375E-003
 5045.0	 3.355E-003
 5055.0	 3.325E-003
 5065.0	 3.305E-003
 5075.0	 3.275E-003
 5085.0	 3.255E-003
 5095.0	 3.225E-003
 5105.0	 3.196E-003
 5115.0	 3.176E-003
 5125.0	 3.146E-003
 5135.0	 3.136E-003
 5145.0	 3.116E-003
 5155.0	 3.086E-003
 5165.0	 3.056E-003
 5175.0	 3.026E-003
 5185.0	 3.016E-003
 5195.0	 2.996E-003
 5205.0	 2.976E-003
 5215.0	 2.946E-003
 5225.0	 2.926E-003
 5235.0	 2.896E-003
 5245.0	 2.886E-003
 5255.0	 2.856E-003
 5265.0	 2.836E-003
 5275.0	 2.816E-003
 5285.0	 2.796E-003
 5295.0	 2.786E-003
 5305.0	 2.766E-003
 5315.0	 2.736E-003
 5325.0	 2.716E-003
 5335.0	 2.696E-003
 5345.0	 2.676E-003
 5355.0	 2.666E-003
 5365.0	 2.646E-003
 5375.0	 2.626E-003
 5385.0	 2.606E-003
 5395.0	 2.586E-003
 5405.0	 2.556E-003
 5415.0	 2.546E-003
 5425.0	 2.526E-003
 5435.0	 2.506E-003
 5445.0	 2.497E-003
 5455.0	 2.477E-003
 5465.0	 2.457E-003
 5475.0	 2.437E-003
 5485.0	 2.427E-003
 5495.0	 2.407E-003
 5505.0	 2.387E-003
 5515.0	 2.367E-003
 5525.0	 2.347E-003
 5535.0	 2.337E-003
 5545.0	 2.317E-003
 5555.0	 2.307E-003
 5565.0	 2.297E-003
 5575.0	 2.277E-003
 5585.0	 2.267E-003
 5595.0	 2.237E-003
 5605.0	 2.217E-003
 5615.0	 2.207E-003
 5625.0	 2.187E-003
 5635.0	 2.187E-003
 5645.0	 2.167E-003
 5655.0	 2.157E-003
 5665.0	 2.137E-003
 5675.0	 2.127E-003
 5685.0	 2.107E-003
 5695.0	 2.097E-003
 5705.0	 2.067E-003
 5715.0	 2.067E-003
 5725.0	 2.047E-003
 5735.0	 2.037E-003
 5745.0	 2.017E-003
 5755.0	 2.007E-003
 5765.0	 1.997E-003
 5775.0	 1.977E-003
 5785.0	 1.967E-003
 5795.0	 1.957E-003
 5805.0	 1.947E-003
 5815.0	 1.937E-003
 5825.0	 1.927E-003
 5835.0	 1.897E-003
 5845.0	 1.887E-003
 5855.0	 1.877E-003
 5865.0	 1.857E-003
 5875.0	 1.847E-003
 5885.0	 1.837E-003
 5895.0	 1.837E-003
 5905.0	 1.817E-003
 5915.0	 1.807E-003
 5925.0	 1.797E-003
 5935.0	 1.787E-003
 5945.0	 1.778E-003
 5955.0	 1.758E-003
 5965.0	 1.748E-003
 5975.0	 1.728E-003
 5985.0	 1.718E-003
 5995.0	 1.708E-003
 6005.0	 1.708E-003
 6015.0	 1.688E-003
 6025.0	 1.678E-003
 6035.0	 1.668E-003
 6045.0	 1.658E-003
 6055.0	 1.648E-003
 6065.0	 1.638E-003
 6075.0	 1.628E-003
 6085.0	 1.618E-003
 6095.0	 1.608E-003
 6105.0	 1.598E-003
 6115.0	 1.598E-003
 6125.0	 1.588E-003
 6135.0	 1.578E-003
 6145.0	 1.558E-003
 6155.0	 1.548E-003
 6165.0	 1.538E-003
 6175.0	 1.528E-003
 6185.0	 1.518E-003
 6195.0	 1.508E-003
 6205.0	 1.498E-003
 6215.0	 1.488E-003
 6225.0	 1.478E-003
 6235.0	 1.478E-003
 6245.0	 1.468E-003
 6255.0	 1.458E-003
 6265.0	 1.448E-003
 6275.0	 1.438E-003
 6285.0	 1.428E-003
 6295.0	 1.418E-003
 6305.0	 1.408E-003
 6315.0	 1.408E-003
 6325.0	 1.388E-003
 6335.0	 1.378E-003
 6345.0	 1.368E-003
 6355.0	 1.358E-003
 6365.0	 1.358E-003
 6375.0	 1.348E-003
 6385.0	 1.338E-003
 6395.0	 1.338E-003
 6405.0	 1.328E-003
 6415.0	 1.318E-003
 6425.0	 1.308E-003
 6435.0	 1.298E-003
 6445.0	 1.298E-003
 6455.0	 1.288E-003
 6465.0	 1.278E-003
 6475.0	 1.268E-003
 6485.0	 1.258E-003
 6495.0	 1.258E-003
 6505.0	 1.248E-003
 6515.0	 1.248E-003
 6525.0	 1.238E-003
 6535.0	 1.238E-003
 6545.0	 1.218E-003
 6555.0	 1.208E-003
 6565.0	 1.198E-003
 6575.0	 1.198E-003
 6585.0	 1.188E-003
 6595.0	 1.178E-003
 6605.0	 1.168E-003
 6615.0	 1.168E-003
 6625.0	 1.158E-003
 6635.0	 1.148E-003
 6645.0	 1.148E-003
 6655.0	 1.138E-003
 6665.0	 1.128E-003
 6675.0	 1.128E-003
 6685.0	 1.118E-003
 6695.0	 1.118E-003
 6705.0	 1.118E-003
 6715.0	 1.108E-003
 6725.0	 1.098E-003
 6735.0	 1.098E-003
 6745.0	 1.088E-003
 6755.0	 1.078E-003
 6765.0	 1.078E-003
 6775.0	 1.069E-003
 6785.0	 1.059E-003
 6795.0	 1.059E-003
 6805.0	 1.039E-003
 6815.0	 1.039E-003
 6825.0	 1.029E-003
 6835.0	 1.019E-003
 6845.0	 1.019E-003
 6855.0	 1.009E-003
 6865.0	 1.009E-003
 6875.0	 9.986E-004
 6885.0	 9.986E-004
 6895.0	 9.986E-004
 6905.0	 9.886E-004
 6915.0	 9.886E-004
 6925.0	 9.786E-004
 6935.0	 9.786E-004
 6945.0	 9.686E-004
 6955.0	 9.587E-004
 6965.0	 9.587E-004
 6975.0	 9.487E-004
 6985.0	 9.487E-004
 6995.0	 9.387E-004
 7005.0	 9.387E-004
 7015.0	 9.287E-004
 7025.0	 9.287E-004
 7035.0	 9.187E-004
 7045.0	 9.187E-004
 7055.0	 9.087E-004
 7065.0	 9.087E-004
 7075.0	 8.987E-004
 7085.0	 8.987E-004
 7095.0	 8.888E-004
 7105.0	 8.888E-004
 7115.0	 8.888E-004
 7125.0	 8.888E-004
 7135.0	 8.788E-004
 7145.0	 8.688E-004
 7155.0	 8.588E-004
 7165.0	 8.588E-004
 7175.0	 8.488E-004
 7185.0	 8.488E-004
 7195.0	 8.388E-004
 7205.0	 8.388E-004
 7215.0	 8.288E-004
 7225.0	 8.288E-004
 7235.0	 8.189E-004
 7245.0	 8.189E-004
 7255.0	 8.089E-004
 7265.0	 8.089E-004
 7275.0	 8.089E-004
 7285.0	 7.989E-004
 7295.0	 7.989E-004
 7305.0	 7.889E-004
 7315.0	 7.889E-004
 7325.0	 7.789E-004
 7335.0	 7.789E-004
 7345.0	 7.689E-004
 7355.0	 7.689E-004
 7365.0	 7.689E-004
 7375.0	 7.689E-004
 7385.0	 7.689E-004
 7395.0	 7.589E-004
 7405.0	 7.589E-004
 7415.0	 7.589E-004
 7425.0	 7.490E-004
 7435.0	 7.490E-004
 7445.0	 7.390E-004
 7455.0	 7.390E-004
 7465.0	 7.390E-004
 7475.0	 7.290E-004
 7485.0	 7.290E-004
 7495.0	 7.190E-004
 7505.0	 7.190E-004
 7515.0	 7.190E-004
 7525.0	 7.090E-004
 7535.0	 7.090E-004
 7545.0	 7.090E-004
 7555.0	 6.890E-004
 7565.0	 6.890E-004
 7575.0	 6.790E-004
 7585.0	 6.790E-004
 7595.0	 6.790E-004
 7605.0	 6.691E-004
 7615.0	 6.691E-004
 7625.0	 6.691E-004
 7635.0	 6.591E-004
 7645.0	 6.591E-004
 7655.0	 6.591E-004
 7665.0	 6.491E-004
 7675.0	 6.491E-004
 7685.0	 6.491E-004
 7695.0	 6.491E-004
 7705.0	 6.491E-004
 7715.0	 6.491E-004
 7725.0	 6.391E-004
 7735.0	 6.391E-004
 7745.0	 6.391E-004
 7755.0	 6.291E-004
 7765.0	 6.291E-004
 7775.0	 6.291E-004
 7785.0	 6.191E-004
 7795.0	 6.191E-004
 7805.0	 6.191E-004
 7815.0	 6.091E-004
 7825.0	 6.091E-004
 7835.0	 6.091E-004
 7845.0	 5.992E-004
 7855.0	 5.992E-004
 7865.0	 5.992E-004
 7875.0	 5.892E-004
 7885.0	 5.892E-004
 7895.0	 5.892E-004
 7905.0	 5.892E-004
 7915.0	 5.792E-004
 7925.0	 5.792E-004
 7935.0	 5.792E-004
 7945.0	 5.692E-004
 7955.0	 5.692E-004
 7965.0	 5.692E-004
 7975.0	 5.692E-004
 7985.0	 5.592E-004
 7995.0	 5.592E-004
 8005.0	 5.592E-004
 8015.0	 5.492E-004
 8025.0	 5.492E-004
 8035.0	 5.492E-004
 8045.0	 5.492E-004
 8055.0	 5.392E-004
 8065.0	 5.392E-004
 8075.0	 5.392E-004
 8085.0	 5.392E-004
 8095.0	 5.293E-004
 8105.0	 5.293E-004
 8115.0	 5.293E-004
 8125.0	 5.293E-004
 8135.0	 5.293E-004
 8145.0	 5.293E-004
 8155.0	 5.293E-004
 8165.0	 5.193E-004
 8175.0	 5.193E-004
 8185.0	 5.193E-004
 8195.0	 5.093E-004
 8205.0	 4.993E-004
 8215.0	 4.993E-004
 8225.0	 4.993E-004
 8235.0	 4.993E-004
 8245.0	 4.893E-004
 8255.0	 4.893E-004
 8265.0	 4.893E-004
 8275.0	 4.893E-004
 8285.0	 4.793E-004
 8295.0	 4.793E-004
 8305.0	 4.793E-004
 8315.0	 4.793E-004
 8325.0	 4.793E-004
 8335.0	 4.693E-004
 8345.0	 4.693E-004
 8355.0	 4.693E-004
 8365.0	 4.693E-004
 8375.0	 4.594E-004
 8385.0	 4.594E-004
 8395.0	 4.594E-004
 8405.0	 4.594E-004
 8415.0	 4.594E-004
 8425.0	 4.494E-004
 8435.0	 4.494E-004
 8445.0	 4.494E-004
 8455.0	 4.494E-004
 8465.0	 4.394E-004
 8475.0	 4.394E-004
 8485.0	 4.394E-004
 8495.0	 4.394E-004
 8505.0	 4.394E-004
 8515.0	 4.294E-004
 8525.0	 4.294E-004
 8535.0	 4.294E-004
 8545.0	 4.294E-004
 8555.0	 4.294E-004
 8565.0	 4.194E-004
 8575.0	 4.194E-004
 8585.0	 4.194E-004
 8595.0	 4.194E-004
 8605.0	 4.194E-004
 8615.0	 4.094E-004
 8625.0	 4.094E-004
 8635.0	 4.094E-004
 8645.0	 4.094E-004
 8655.0	 4.094E-004
 8665.0	 4.094E-004
 8675.0	 4.094E-004
 8685.0	 4.094E-004
 8695.0	 4.094E-004
 8705.0	 4.094E-004
 8715.0	 4.094E-004
 8725.0	 3.994E-004
 8735.0	 3.994E-004
 8745.0	 3.994E-004
 8755.0	 3.994E-004
 8765.0	 3.994E-004
 8775.0	 3.895E-004
 8785.0	 3.895E-004
 8795.0	 3.895E-004
 8805.0	 3.895E-004
 8815.0	 3.895E-004
 8825.0	 3.895E-004
 8835.0	 3.795E-004
 8845.0	 3.795E-004
 8855.0	 3.795E-004
 8865.0	 3.795E-004
 8875.0	 3.795E-004
 8885.0	 3.795E-004
 8895.0	 3.695E-004
 8905.0	 3.695E-004
 8915.0	 3.695E-004
 8925.0	 3.695E-004
 8935.0	 3.695E-004
 8945.0	 3.695E-004
 8955.0	 3.595E-004
 8965.0	 3.595E-004
 8975.0	 3.595E-004
 8985.0	 3.595E-004
 8995.0	 3.595E-004
 9005.0	 3.595E-004
 9015.0	 3.495E-004
 9025.0	 3.495E-004
 9035.0	 3.495E-004
 9045.0	 3.495E-004
 9055.0	 3.495E-004
 9065.0	 3.495E-004
 9075.0	 3.395E-004
 9085.0	 3.395E-004
 9095.0	 3.395E-004
 9105.0	 3.395E-004
 9115.0	 3.395E-004
 9125.0	 3.395E-004
 9135.0	 3.395E-004
 9145.0	 3.196E-004
 9155.0	 3.196E-004
 9165.0	 3.196E-004
 9175.0	 3.196E-004
 9185.0	 3.196E-004
 9195.0	 3.196E-004
 9205.0	 3.196E-004
 9215.0	 3.096E-004
 9225.0	 3.096E-004
 9235.0	 3.096E-004
 9245.0	 3.096E-004
 9255.0	 3.096E-004
 9265.0	 3.096E-004
 9275.0	 3.096E-004
 9285.0	 2.996E-004
 9295.0	 2.996E-004
 9305.0	 2.996E-004
 9315.0	 2.996E-004
 9325.0	 2.996E-004
 9335.0	 2.996E-004
 9345.0	 2.996E-004
 9355.0	 2.996E-004
 9365.0	 2.896E-004
 9375.0	 2.896E-004
 9385.0	 2.896E-004
 9395.0	 2.896E-004
 9405.0	 2.896E-004
 9415.0	 2.896E-004
 9425.0	 2.896E-004
 9435.0	 2.896E-004
 9445.0	 2.896E-004
 9455.0	 2.896E-004
 9465.0	 2.896E-004
 9475.0	 2.896E-004
 9485.0	 2.896E-004
 9495.0	 2.896E-004
 9505.0	 2.896E-004
 9515.0	 2.896E-004
 9525.0	 2.796E-004
 9535.0	 2.796E-004
 9545.0	 2.796E-004
 9555.0	 2.796E-004
 9565.0	 2.796E-004
 9575.0	 2.796E-004
 9585.0	 2.796E-004
 9595.0	 2.796E-004
 9605.0	 2.696E-004
 9615.0	 2.696E-004
 9625.0	 2.696E-004
 9635.0	 2.696E-004
 9645.0	 2.696E-004
 9655.0	 2.696E-004
 9665.0	 2.696E-004
 9675.0	 2.696E-004
 9685.0	 2.696E-004
 9695.0	 2.596E-004
 9705.0	 2.596E-004
 9715.0	 2.596E-004
 9725.0	 2.596E-004
 9735.0	 2.596E-004
 9745.0	 2.596E-004
 9755.0	 2.596E-004
 9765.0	 2.596E-004
 9775.0	 2.596E-004
 9785.0	 2.596E-004
 9795.0	 2.497E-004
 9805.0	 2.497E-004
 9815.0	 2.497E-004
 9825.0	 2.497E-004
 9835.0	 2.497E-004
 9845.0	 2.497E-004
 9855.0	 2.497E-004
 9865.0	 2.497E-004
 9875.0	 2.497E-004
 9885.0	 2.397E-004
 9895.0	 2.397E-004
 9905.0	 2.397E-004
 9915.0	 2.397E-004
 9925.0	 2.397E-004
 9935.0	 2.397E-004
 9945.0	 2.397E-004
 9955.0	 2.397E-004
 9965.0	 2.397E-004
 9975.0	 2.397E-004
 9985.0	 2.397E-004
 9995.0	 2.297E-004
10025.0	 2.297E-004
10075.0	 2.297E-004
10125.0	 2.197E-004
10175.0	 2.197E-004
10225.0	 2.097E-004
10275.0	 2.097E-004
10325.0	 1.997E-004
10375.0	 1.997E-004
10425.0	 1.997E-004
10475.0	 1.897E-004
10525.0	 1.897E-004
10575.0	 1.897E-004
10625.0	 1.797E-004
10675.0	 1.797E-004
10725.0	 1.797E-004
10775.0	 1.797E-004
10825.0	 1.797E-004
10875.0	 1.698E-004
10925.0	 1.698E-004
10975.0	 1.698E-004
11025.0	 1.598E-004
11075.0	 1.598E-004
11125.0	 1.598E-004
11175.0	 1.598E-004
11225.0	 1.498E-004
11275.0	 1.498E-004
11325.0	 1.498E-004
11375.0	 1.498E-004
11425.0	 1.398E-004
11475.0	 1.398E-004
11525.0	 1.398E-004
11575.0	 1.398E-004
11625.0	 1.198E-004
11675.0	 1.198E-004
11725.0	 1.198E-004
11775.0	 1.198E-004
11825.0	 1.098E-004
11875.0	 1.098E-004
11925.0	 1.098E-004
11975.0	 1.098E-004
12025.0	 1.098E-004
12075.0	 9.986E-005
12125.0	 9.986E-005
12175.0	 9.986E-005
12225.0	 9.986E-005
12275.0	 9.986E-005
12325.0	 9.986E-005
12375.0	 8.987E-005
12425.0	 8.987E-005
12475.0	 8.987E-005
12525.0	 8.987E-005
12575.0	 8.987E-005
12625.0	 8.987E-005
12675.0	 7.989E-005
12725.0	 7.989E-005
12775.0	 7.989E-005
12825.0	 7.989E-005
12875.0	 7.989E-005
12925.0	 7.989E-005
12975.0	 7.989E-005
13025.0	 6.990E-005
13075.0	 6.990E-005
13125.0	 6.990E-005
13175.0	 6.990E-005
13225.0	 6.990E-005
13275.0	 6.990E-005
13325.0	 6.990E-005
13375.0	 6.990E-005
13425.0	 5.992E-005
13475.0	 5.992E-005
13525.0	 5.992E-005
13575.0	 5.992E-005
13625.0	 5.992E-005
13675.0	 5.992E-005
13725.0	 5.992E-005
13775.0	 5.992E-005
13825.0	 5.992E-005
13875.0	 5.992E-005
13925.0	 5.992E-005
13975.0	 5.992E-005
14025.0	 5.992E-005
14075.0	 5.992E-005
14125.0	 5.992E-005
14175.0	 5.992E-005
14225.0	 5.992E-005
14275.0	 5.992E-005
14325.0	 5.992E-005
14375.0	 5.992E-005
14425.0	 5.992E-005
14475.0	 4.993E-005
14525.0	 4.993E-005
14575.0	 4.993E-005
14625.0	 4.993E-005
14675.0	 4.993E-005
14725.0	 4.993E-005
14775.0	 4.993E-005
14825.0	 4.993E-005
14875.0	 4.993E-005
14925.0	 4.993E-005
14975.0	 4.993E-005
15025.0	 4.993E-005
15075.0	 4.993E-005
15125.0	 4.993E-005
15175.0	 4.993E-005
15225.0	 3.994E-005
15275.0	 3.994E-005
15325.0	 3.994E-005
15375.0	 3.994E-005
15425.0	 3.994E-005
15475.0	 3.994E-005
15525.0	 3.994E-005
15575.0	 3.994E-005
15625.0	 3.994E-005
15675.0	 3.994E-005
15725.0	 3.994E-005
15775.0	 3.994E-005
15825.0	 3.994E-005
15875.0	 3.994E-005
15925.0	 3.994E-005
15975.0	 3.994E-005
16025.0	 3.994E-005
16075.0	 3.994E-005
16125.0	 3.994E-005
16175.0	 3.994E-005
16225.0	 2.996E-005
16275.0	 2.996E-005
16325.0	 2.996E-005
16375.0	 2.996E-005
16425.0	 2.996E-005
16475.0	 2.996E-005
16525.0	 2.996E-005
16575.0	 2.996E-005
16625.0	 2.996E-005
16675.0	 2.996E-005
16725.0	 2.996E-005
16775.0	 2.996E-005
16825.0	 2.996E-005
16875.0	 2.996E-005
16925.0	 2.996E-005
16975.0	 2.996E-005
17025.0	 2.996E-005
17075.0	 2.996E-005
17125.0	 2.996E-005
17175.0	 2.996E-005
17225.0	 2.996E-005
17275.0	 2.996E-005
17325.0	 2.996E-005
17375.0	 2.996E-005
17425.0	 2.996E-005
17475.0	 2.996E-005
17525.0	 2.996E-005
17575.0	 2.996E-005
17625.0	 1.997E-005
17675.0	 1.997E-005
17725.0	 1.997E-005
17775.0	 1.997E-005
17825.0	 1.997E-005
17875.0	 1.997E-005
17925.0	 1.997E-005
17975.0	 1.997E-005
18025.0	 1.997E-005
18075.0	 1.997E-005
18125.0	 1.997E-005
18175.0	 1.997E-005
18225.0	 1.997E-005
18275.0	 1.997E-005
18325.0	 1.997E-005
18375.0	 1.997E-005
18425.0	 1.997E-005
18475.0	 1.997E-005
18525.0	 1.997E-005
18575.0	 1.997E-005
18625.0	 1.997E-005
18675.0	 1.997E-005
18725.0	 1.997E-005
18775.0	 1.997E-005
18825.0	 1.997E-005
18875.0	 1.997E-005
18925.0	 1.997E-005
18975.0	 1.997E-005
19025.0	 1.997E-005
19075.0	 1.997E-005
19125.0	 1.997E-005
19175.0	 1.997E-005
19225.0	 1.997E-005
19275.0	 1.997E-005
19325.0	 1.997E-005
19375.0	 1.997E-005
19425.0	 1.997E-005
19475.0	 1.997E-005
19525.0	 1.997E-005
19575.0	 1.997E-005
19625.0	 1.997E-005
19675.0	 1.997E-005
19725.0	 1.997E-005
19775.0	 1.997E-005
19825.0	 1.997E-005
19875.0	 1.997E-005
19925.0	 1.997E-005
19975.0	 9.986E-006
20025.0	 9.986E-006
