#trapazoidal
# startwidth 		endwidth 		startheight		endheight 		slope 			y-intercept 			area
3.000000000000000000e+02 3.050000000000000000e+02 7.253999999999999337e-02 7.531999999999999806e-02 5.560000000000009379e-04 -9.426000000000028800e-02 7.626813500000000658e+02
3.050000000000000000e+02 3.100000000000000000e+02 7.531999999999999806e-02 7.649999999999999856e-02 2.360000000000000986e-04 3.339999999999967994e-03 7.751882999999999129e+02
3.100000000000000000e+02 3.150000000000000000e+02 7.649999999999999856e-02 7.785000000000000253e-02 2.700000000000008166e-04 -7.200000000000247868e-03 7.876912500000000819e+02
3.150000000000000000e+02 3.200000000000000000e+02 7.785000000000000253e-02 7.910000000000000364e-02 2.500000000000002220e-04 -9.000000000000674127e-04 8.001946250000000873e+02
3.200000000000000000e+02 3.250000000000000000e+02 7.910000000000000364e-02 8.064000000000000334e-02 3.079999999999999513e-04 -1.945999999999997732e-02 8.126977499999999281e+02
3.250000000000000000e+02 3.300000000000000000e+02 8.064000000000000334e-02 8.222999999999999754e-02 3.179999999999988392e-04 -2.270999999999961938e-02 8.252016000000000986e+02
3.300000000000000000e+02 3.350000000000000000e+02 8.222999999999999754e-02 8.336000000000000354e-02 2.260000000000012108e-04 7.649999999999601563e-03 8.377055749999999534e+02
3.350000000000000000e+02 3.400000000000000000e+02 8.336000000000000354e-02 8.480999999999999650e-02 2.899999999999985922e-04 -1.378999999999952486e-02 8.502084000000000970e+02
3.400000000000000000e+02 3.450000000000000000e+02 8.480999999999999650e-02 8.648000000000000131e-02 3.340000000000009628e-04 -2.875000000000033085e-02 8.627120250000000397e+02
3.450000000000000000e+02 3.500000000000000000e+02 8.648000000000000131e-02 8.815000000000000613e-02 3.340000000000009628e-04 -2.875000000000033085e-02 8.752161999999999580e+02
3.500000000000000000e+02 3.550000000000000000e+02 8.815000000000000613e-02 8.953999999999999460e-02 2.779999999999977042e-04 -9.149999999999186562e-03 8.877203749999999900e+02
3.550000000000000000e+02 3.600000000000000000e+02 8.953999999999999460e-02 9.092000000000000082e-02 2.760000000000012335e-04 -8.440000000000447145e-03 9.002238499999999704e+02
3.600000000000000000e+02 3.650000000000000000e+02 9.092000000000000082e-02 9.281999999999999973e-02 3.799999999999998041e-04 -4.587999999999993472e-02 9.127273000000000138e+02
3.650000000000000000e+02 3.700000000000000000e+02 9.281999999999999973e-02 9.443999999999999617e-02 3.239999999999993103e-04 -2.543999999999975448e-02 9.252320500000000720e+02
3.700000000000000000e+02 3.750000000000000000e+02 9.443999999999999617e-02 9.604999999999999649e-02 3.220000000000000748e-04 -2.470000000000002749e-02 9.377361000000000786e+02
3.750000000000000000e+02 3.800000000000000000e+02 9.604999999999999649e-02 9.754999999999999782e-02 3.000000000000002448e-04 -1.645000000000008955e-02 9.502401250000000346e+02
3.800000000000000000e+02 3.850000000000000000e+02 9.754999999999999782e-02 9.914000000000000590e-02 3.180000000000016039e-04 -2.329000000000061577e-02 9.627438750000000027e+02
3.850000000000000000e+02 3.900000000000000000e+02 9.914000000000000590e-02 1.006399999999999934e-01 2.999999999999974801e-04 -1.635999999999902810e-02 9.752478499999999713e+02
3.900000000000000000e+02 3.950000000000000000e+02 1.006399999999999934e-01 1.022099999999999953e-01 3.140000000000003682e-04 -2.182000000000014484e-02 9.877516000000000531e+02
3.950000000000000000e+02 4.000000000000000000e+02 1.022099999999999953e-01 1.033099999999999991e-01 2.200000000000007397e-04 1.530999999999969885e-02 1.000255525000000034e+03
4.000000000000000000e+02 4.050000000000000000e+02 1.033099999999999991e-01 1.051099999999999951e-01 3.599999999999992095e-04 -4.068999999999968475e-02 1.012758275000000026e+03
4.050000000000000000e+02 4.100000000000000000e+02 1.051099999999999951e-01 1.065399999999999958e-01 2.860000000000001213e-04 -1.072000000000004893e-02 1.025262775000000147e+03
4.100000000000000000e+02 4.150000000000000000e+02 1.065399999999999958e-01 1.079600000000000004e-01 2.840000000000009401e-04 -9.900000000000394595e-03 1.037766349999999875e+03
4.150000000000000000e+02 4.200000000000000000e+02 1.079600000000000004e-01 1.090099999999999958e-01 2.099999999999990871e-04 2.081000000000038375e-02 1.050269900000000007e+03
4.200000000000000000e+02 4.250000000000000000e+02 1.090099999999999958e-01 1.107500000000000012e-01 3.480000000000010862e-04 -3.715000000000047431e-02 1.062772525000000087e+03
4.250000000000000000e+02 4.300000000000000000e+02 1.107500000000000012e-01 1.121199999999999974e-01 2.739999999999992333e-04 -5.699999999999677547e-03 1.075276875000000018e+03
4.300000000000000000e+02 4.350000000000000000e+02 1.121199999999999974e-01 1.134499999999999953e-01 2.659999999999995810e-04 -2.259999999999817710e-03 1.087780299999999897e+03
4.350000000000000000e+02 4.400000000000000000e+02 1.134499999999999953e-01 1.147200000000000025e-01 2.540000000000014577e-04 2.959999999999365916e-03 1.100283625000000029e+03
4.400000000000000000e+02 4.450000000000000000e+02 1.147200000000000025e-01 1.160599999999999965e-01 2.679999999999988164e-04 -3.199999999999481037e-03 1.112786799999999857e+03
4.450000000000000000e+02 4.500000000000000000e+02 1.160599999999999965e-01 1.174000000000000044e-01 2.680000000000015811e-04 -3.200000000000702283e-03 1.125290150000000040e+03
4.500000000000000000e+02 4.550000000000000000e+02 1.174000000000000044e-01 1.191299999999999998e-01 3.459999999999990861e-04 -3.829999999999957050e-02 1.137793499999999995e+03
4.550000000000000000e+02 4.600000000000000000e+02 1.191299999999999998e-01 1.200399999999999939e-01 1.819999999999988402e-04 3.632000000000053241e-02 1.150297824999999875e+03
4.600000000000000000e+02 4.650000000000000000e+02 1.200399999999999939e-01 1.212799999999999989e-01 2.480000000000009866e-04 5.959999999999535114e-03 1.162800099999999929e+03
4.650000000000000000e+02 4.700000000000000000e+02 1.212799999999999989e-01 1.227400000000000019e-01 2.920000000000005924e-04 -1.450000000000027656e-02 1.175303200000000061e+03
4.700000000000000000e+02 4.750000000000000000e+02 1.227400000000000019e-01 1.243200000000000000e-01 3.159999999999996037e-04 -2.577999999999981695e-02 1.187806849999999940e+03
4.750000000000000000e+02 4.800000000000000000e+02 1.243200000000000000e-01 1.256200000000000094e-01 2.600000000000018746e-04 8.199999999991131050e-04 1.200310799999999972e+03
4.800000000000000000e+02 4.850000000000000000e+02 1.256200000000000094e-01 1.268700000000000105e-01 2.500000000000002220e-04 5.619999999999902851e-03 1.212814049999999952e+03
4.850000000000000000e+02 4.900000000000000000e+02 1.268700000000000105e-01 1.279800000000000104e-01 2.219999999999999751e-04 1.920000000000002260e-02 1.225317174999999907e+03
4.900000000000000000e+02 4.950000000000000000e+02 1.279800000000000104e-01 1.291899999999999993e-01 2.419999999999977779e-04 9.400000000001101919e-03 1.237819950000000063e+03
4.950000000000000000e+02 5.000000000000000000e+02 1.291899999999999993e-01 1.304899999999999949e-01 2.599999999999991099e-04 4.900000000004345324e-04 1.250322975000000042e+03
5.000000000000000000e+02 5.050000000000000000e+02 1.304899999999999949e-01 1.316400000000000070e-01 2.300000000000024193e-04 1.548999999999878252e-02 1.262826225000000022e+03
5.050000000000000000e+02 5.100000000000000000e+02 1.316400000000000070e-01 1.327099999999999946e-01 2.139999999999975310e-04 2.357000000000125661e-02 1.275329099999999926e+03
5.100000000000000000e+02 5.150000000000000000e+02 1.327099999999999946e-01 1.342000000000000137e-01 2.980000000000038282e-04 -1.927000000000195223e-02 1.287831774999999880e+03
5.150000000000000000e+02 5.200000000000000000e+02 1.342000000000000137e-01 1.352299999999999891e-01 2.059999999999950868e-04 2.811000000000254961e-02 1.300335499999999911e+03
5.200000000000000000e+02 5.250000000000000000e+02 1.352299999999999891e-01 1.363600000000000090e-01 2.260000000000039755e-04 1.770999999999792185e-02 1.312838074999999890e+03
5.250000000000000000e+02 5.300000000000000000e+02 1.363600000000000090e-01 1.373900000000000121e-01 2.060000000000006162e-04 2.820999999999967978e-02 1.325340899999999920e+03
5.300000000000000000e+02 5.350000000000000000e+02 1.373900000000000121e-01 1.386900000000000077e-01 2.599999999999991099e-04 -4.099999999995218580e-04 1.337843474999999899e+03
5.350000000000000000e+02 5.400000000000000000e+02 1.386900000000000077e-01 1.396999999999999909e-01 2.019999999999966159e-04 3.062000000000181243e-02 1.350346724999999878e+03
5.400000000000000000e+02 5.450000000000000000e+02 1.396999999999999909e-01 1.408399999999999930e-01 2.280000000000004191e-04 1.657999999999976160e-02 1.362849249999999756e+03
5.450000000000000000e+02 5.500000000000000000e+02 1.408399999999999930e-01 1.419600000000000029e-01 2.240000000000019753e-04 1.875999999999891643e-02 1.375352100000000064e+03
5.500000000000000000e+02 5.550000000000000000e+02 1.419600000000000029e-01 1.429499999999999937e-01 1.979999999999981720e-04 3.306000000000100525e-02 1.387854900000000043e+03
5.550000000000000000e+02 5.600000000000000000e+02 1.429499999999999937e-01 1.440400000000000014e-01 2.180000000000015313e-04 2.195999999999914687e-02 1.400357375000000047e+03
5.600000000000000000e+02 5.650000000000000000e+02 1.440400000000000014e-01 1.450899999999999967e-01 2.099999999999990871e-04 2.644000000000051864e-02 1.412860100000000102e+03
5.650000000000000000e+02 5.700000000000000000e+02 1.450899999999999967e-01 1.461399999999999921e-01 2.099999999999990871e-04 2.644000000000051864e-02 1.425362724999999955e+03
5.700000000000000000e+02 5.750000000000000000e+02 1.461399999999999921e-01 1.471300000000000108e-01 1.980000000000037286e-04 3.327999999999786684e-02 1.437865349999999808e+03
5.750000000000000000e+02 5.800000000000000000e+02 1.471300000000000108e-01 1.481500000000000039e-01 2.039999999999986160e-04 2.983000000000080032e-02 1.450367824999999812e+03
5.800000000000000000e+02 5.850000000000000000e+02 1.481500000000000039e-01 1.491200000000000025e-01 1.939999999999997282e-04 3.563000000000016154e-02 1.462870374999999967e+03
5.850000000000000000e+02 5.900000000000000000e+02 1.491200000000000025e-01 1.501699999999999979e-01 2.099999999999990871e-04 2.627000000000054292e-02 1.475372800000000097e+03
5.900000000000000000e+02 5.950000000000000000e+02 1.501699999999999979e-01 1.510599999999999998e-01 1.780000000000003693e-04 4.514999999999977365e-02 1.487875424999999950e+03
5.950000000000000000e+02 6.000000000000000000e+02 1.510599999999999998e-01 1.520400000000000085e-01 1.960000000000017284e-04 3.443999999999897144e-02 1.500377650000000131e+03
6.000000000000000000e+02 6.050000000000000000e+02 1.520400000000000085e-01 1.531399999999999983e-01 2.199999999999979750e-04 2.004000000000122350e-02 1.512880100000000084e+03
6.050000000000000000e+02 6.100000000000000000e+02 1.531399999999999983e-01 1.540100000000000080e-01 1.740000000000019255e-04 4.786999999999883015e-02 1.525382849999999962e+03
6.100000000000000000e+02 6.150000000000000000e+02 1.540100000000000080e-01 1.550400000000000111e-01 2.060000000000006162e-04 2.834999999999962550e-02 1.537885025000000041e+03
6.150000000000000000e+02 6.200000000000000000e+02 1.550400000000000111e-01 1.561599999999999933e-01 2.239999999999964188e-04 1.728000000000221026e-02 1.550387600000000020e+03
6.200000000000000000e+02 6.250000000000000000e+02 1.561599999999999933e-01 1.571500000000000119e-01 1.980000000000037286e-04 3.339999999999768154e-02 1.562890400000000000e+03
6.250000000000000000e+02 6.300000000000000000e+02 1.571500000000000119e-01 1.581200000000000105e-01 1.939999999999997282e-04 3.590000000000018177e-02 1.575392875000000004e+03
6.300000000000000000e+02 6.350000000000000000e+02 1.581200000000000105e-01 1.589700000000000002e-01 1.699999999999979251e-04 5.102000000000131430e-02 1.587895300000000134e+03
6.350000000000000000e+02 6.400000000000000000e+02 1.589700000000000002e-01 1.598100000000000076e-01 1.680000000000014815e-04 5.228999999999905945e-02 1.600397424999999885e+03
6.400000000000000000e+02 6.450000000000000000e+02 1.598100000000000076e-01 1.609200000000000075e-01 2.219999999999999751e-04 1.773000000000002352e-02 1.612899525000000040e+03
6.450000000000000000e+02 6.500000000000000000e+02 1.609200000000000075e-01 1.616799999999999904e-01 1.519999999999965931e-04 6.288000000000219802e-02 1.625402300000000196e+03
6.500000000000000000e+02 6.550000000000000000e+02 1.616799999999999904e-01 1.626599999999999990e-01 1.960000000000017284e-04 3.427999999999886693e-02 1.637904200000000174e+03
6.550000000000000000e+02 6.600000000000000000e+02 1.626599999999999990e-01 1.635000000000000064e-01 1.680000000000014815e-04 5.261999999999902866e-02 1.650406649999999900e+03
6.600000000000000000e+02 6.650000000000000000e+02 1.635000000000000064e-01 1.644899999999999973e-01 1.979999999999981720e-04 3.282000000000120932e-02 1.662908750000000055e+03
6.650000000000000000e+02 6.700000000000000000e+02 1.644899999999999973e-01 1.651299999999999990e-01 1.280000000000003466e-04 7.936999999999976019e-02 1.675411225000000059e+03
6.700000000000000000e+02 6.750000000000000000e+02 1.651299999999999990e-01 1.660099999999999909e-01 1.759999999999983691e-04 4.721000000000109831e-02 1.687912824999999884e+03
6.750000000000000000e+02 6.800000000000000000e+02 1.660099999999999909e-01 1.667399999999999993e-01 1.460000000000016786e-04 6.745999999999885421e-02 1.700415025000000014e+03
6.800000000000000000e+02 6.850000000000000000e+02 1.667399999999999993e-01 1.676400000000000112e-01 1.800000000000023695e-04 4.433999999999839459e-02 1.712916850000000068e+03
6.850000000000000000e+02 6.900000000000000000e+02 1.676400000000000112e-01 1.683999999999999941e-01 1.519999999999965931e-04 6.352000000000233848e-02 1.725419100000000071e+03
6.900000000000000000e+02 6.950000000000000000e+02 1.683999999999999941e-01 1.692200000000000093e-01 1.640000000000030377e-04 5.523999999999790189e-02 1.737921000000000049e+03
6.950000000000000000e+02 7.000000000000000000e+02 1.692200000000000093e-01 1.700200000000000045e-01 1.599999999999990373e-04 5.802000000000068214e-02 1.750423049999999876e+03
7.000000000000000000e+02 7.050000000000000000e+02 1.700200000000000045e-01 1.708500000000000019e-01 1.659999999999994813e-04 5.382000000000036755e-02 1.762925050000000056e+03
7.050000000000000000e+02 7.100000000000000000e+02 1.708500000000000019e-01 1.714900000000000035e-01 1.280000000000003466e-04 8.060999999999975130e-02 1.775427124999999933e+03
7.100000000000000000e+02 7.150000000000000000e+02 1.714900000000000035e-01 1.721300000000000052e-01 1.280000000000003466e-04 8.060999999999975130e-02 1.787928724999999758e+03
7.150000000000000000e+02 7.200000000000000000e+02 1.721300000000000052e-01 1.726199999999999957e-01 9.799999999999808593e-05 1.020600000000013718e-01 1.800430325000000039e+03
7.200000000000000000e+02 7.250000000000000000e+02 1.726199999999999957e-01 1.734300000000000008e-01 1.620000000000010375e-04 5.597999999999925258e-02 1.812931550000000243e+03
7.250000000000000000e+02 7.300000000000000000e+02 1.734300000000000008e-01 1.742400000000000060e-01 1.620000000000010375e-04 5.597999999999925258e-02 1.825433575000000019e+03
7.300000000000000000e+02 7.350000000000000000e+02 1.742400000000000060e-01 1.748599999999999877e-01 1.239999999999963462e-04 8.372000000000266728e-02 1.837935600000000250e+03
7.350000000000000000e+02 7.400000000000000000e+02 1.748599999999999877e-01 1.756800000000000028e-01 1.640000000000030377e-04 5.431999999999775897e-02 1.850437149999999974e+03
7.400000000000000000e+02 7.450000000000000000e+02 1.756800000000000028e-01 1.764900000000000080e-01 1.620000000000010375e-04 5.579999999999923910e-02 1.862939200000000255e+03
7.450000000000000000e+02 7.500000000000000000e+02 1.764900000000000080e-01 1.771500000000000019e-01 1.319999999999987904e-04 7.815000000000091318e-02 1.875441224999999804e+03
7.500000000000000000e+02 7.550000000000000000e+02 1.771500000000000019e-01 1.779399999999999871e-01 1.579999999999970371e-04 5.865000000000222813e-02 1.887942874999999958e+03
7.550000000000000000e+02 7.600000000000000000e+02 1.779399999999999871e-01 1.784600000000000075e-01 1.040000000000040865e-04 9.941999999999689974e-02 1.900444850000000088e+03
7.600000000000000000e+02 7.650000000000000000e+02 1.784600000000000075e-01 1.788599999999999912e-01 7.999999999999674039e-05 1.176600000000024848e-01 1.912946149999999989e+03
7.650000000000000000e+02 7.700000000000000000e+02 1.788599999999999912e-01 1.792900000000000049e-01 8.600000000000274092e-05 1.130699999999978944e-01 1.925447149999999965e+03
7.700000000000000000e+02 7.750000000000000000e+02 1.792900000000000049e-01 1.797400000000000109e-01 9.000000000000118474e-05 1.099899999999990885e-01 1.937948225000000093e+03
7.750000000000000000e+02 7.800000000000000000e+02 1.797400000000000109e-01 1.803200000000000081e-01 1.159999999999994315e-04 8.984000000000044728e-02 1.950449350000000095e+03
7.800000000000000000e+02 7.850000000000000000e+02 1.803200000000000081e-01 1.808899999999999952e-01 1.139999999999974313e-04 9.140000000000200742e-02 1.962950800000000072e+03
7.850000000000000000e+02 7.900000000000000000e+02 1.808899999999999952e-01 1.813400000000000012e-01 9.000000000000118474e-05 1.102399999999990610e-01 1.975452224999999999e+03
7.900000000000000000e+02 7.950000000000000000e+02 1.813400000000000012e-01 1.820400000000000074e-01 1.400000000000012346e-04 7.073999999999902588e-02 1.987953350000000000e+03
7.950000000000000000e+02 8.000000000000000000e+02 1.820400000000000074e-01 1.827000000000000013e-01 1.319999999999987904e-04 7.710000000000097331e-02 2.000455100000000130e+03
8.000000000000000000e+02 8.050000000000000000e+02 1.827000000000000013e-01 1.830700000000000105e-01 7.400000000000183937e-05 1.234999999999985276e-01 2.012956749999999829e+03
8.050000000000000000e+02 8.100000000000000000e+02 1.830700000000000105e-01 1.835700000000000109e-01 1.000000000000000861e-04 1.025699999999999390e-01 2.025457675000000108e+03
8.100000000000000000e+02 8.150000000000000000e+02 1.835700000000000109e-01 1.842399999999999871e-01 1.339999999999952340e-04 7.503000000000387137e-02 2.037958925000000136e+03
8.150000000000000000e+02 8.200000000000000000e+02 1.842399999999999871e-01 1.845700000000000118e-01 6.600000000000493818e-05 1.304499999999959581e-01 2.050460600000000341e+03
8.200000000000000000e+02 8.250000000000000000e+02 1.845700000000000118e-01 1.850600000000000023e-01 9.799999999999808593e-05 1.042100000000015791e-01 2.062961424999999963e+03
8.250000000000000000e+02 8.300000000000000000e+02 1.850600000000000023e-01 1.856599999999999917e-01 1.199999999999978888e-04 8.606000000000174621e-02 2.075462649999999940e+03
8.300000000000000000e+02 8.350000000000000000e+02 1.856599999999999917e-01 1.858700000000000074e-01 4.200000000000314864e-05 1.507999999999973806e-01 2.087964149999999790e+03
8.350000000000000000e+02 8.400000000000000000e+02 1.858700000000000074e-01 1.862699999999999911e-01 7.999999999999674039e-05 1.190700000000027292e-01 2.100464675000000170e+03
8.400000000000000000e+02 8.450000000000000000e+02 1.862699999999999911e-01 1.864800000000000069e-01 4.200000000000314864e-05 1.509899999999973486e-01 2.112965674999999919e+03
8.450000000000000000e+02 8.500000000000000000e+02 1.864800000000000069e-01 1.867499999999999993e-01 5.399999999999849365e-05 1.408500000000012797e-01 2.125466199999999844e+03
8.500000000000000000e+02 8.550000000000000000e+02 1.867499999999999993e-01 1.870400000000000118e-01 5.800000000000249401e-05 1.374499999999978794e-01 2.137966875000000073e+03
8.550000000000000000e+02 8.600000000000000000e+02 1.870400000000000118e-01 1.871400000000000008e-01 1.999999999999779596e-05 1.699400000000018951e-01 2.150467599999999948e+03
8.600000000000000000e+02 8.650000000000000000e+02 1.871400000000000008e-01 1.874599999999999878e-01 6.399999999999739502e-05 1.321000000000022434e-01 2.162967849999999999e+03
8.650000000000000000e+02 8.700000000000000000e+02 1.874599999999999878e-01 1.876700000000000035e-01 4.200000000000314864e-05 1.511299999999972665e-01 2.175468649999999798e+03
8.700000000000000000e+02 8.750000000000000000e+02 1.876700000000000035e-01 1.882300000000000084e-01 1.120000000000009877e-04 9.022999999999914422e-02 2.187969175000000178e+03
8.750000000000000000e+02 8.800000000000000000e+02 1.882300000000000084e-01 1.883100000000000052e-01 1.599999999999934875e-05 1.742300000000005789e-01 2.200470574999999826e+03
8.800000000000000000e+02 8.850000000000000000e+02 1.883100000000000052e-01 1.888199999999999878e-01 1.019999999999965433e-04 9.855000000000305183e-02 2.212970774999999776e+03
8.850000000000000000e+02 8.900000000000000000e+02 1.888199999999999878e-01 1.889399999999999968e-01 2.400000000000179632e-05 1.675799999999983969e-01 2.225472049999999854e+03
8.900000000000000000e+02 8.950000000000000000e+02 1.889399999999999968e-01 1.888799999999999923e-01 -1.200000000000089816e-05 1.996200000000007968e-01 2.237972350000000006e+03
8.950000000000000000e+02 9.000000000000000000e+02 1.888799999999999923e-01 1.893799999999999928e-01 1.000000000000000861e-04 9.937999999999991285e-02 2.250472200000000157e+03
9.000000000000000000e+02 9.050000000000000000e+02 1.893799999999999928e-01 1.897300000000000098e-01 7.000000000000339555e-05 1.263799999999969392e-01 2.262973449999999957e+03
9.050000000000000000e+02 9.100000000000000000e+02 1.897300000000000098e-01 1.899599999999999900e-01 4.599999999999604270e-05 1.481000000000035899e-01 2.275474325000000135e+03
9.100000000000000000e+02 9.150000000000000000e+02 1.899599999999999900e-01 1.905199999999999949e-01 1.120000000000009877e-04 8.803999999999909121e-02 2.287974900000000162e+03
9.150000000000000000e+02 9.200000000000000000e+02 1.905199999999999949e-01 1.910999999999999921e-01 1.159999999999994315e-04 8.438000000000051015e-02 2.300476299999999810e+03
9.200000000000000000e+02 9.250000000000000000e+02 1.910999999999999921e-01 1.915100000000000136e-01 8.200000000000429710e-05 1.156599999999960438e-01 2.312977750000000015e+03
9.250000000000000000e+02 9.300000000000000000e+02 1.915100000000000136e-01 1.918799999999999950e-01 7.399999999999629639e-05 1.230600000000034444e-01 2.325478775000000041e+03
9.300000000000000000e+02 9.350000000000000000e+02 1.918799999999999950e-01 1.922599999999999865e-01 7.599999999999829657e-05 1.212000000000015842e-01 2.337979699999999866e+03
9.350000000000000000e+02 9.400000000000000000e+02 1.922599999999999865e-01 1.927999999999999992e-01 1.080000000000025438e-04 9.127999999999761305e-02 2.350480649999999969e+03
9.400000000000000000e+02 9.450000000000000000e+02 1.927999999999999992e-01 1.932999999999999996e-01 1.000000000000000861e-04 9.879999999999991567e-02 2.362981999999999971e+03
9.450000000000000000e+02 9.500000000000000000e+02 1.932999999999999996e-01 1.938999999999999890e-01 1.199999999999978888e-04 7.990000000000199720e-02 2.375483250000000226e+03
9.500000000000000000e+02 9.550000000000000000e+02 1.938999999999999890e-01 1.943799999999999972e-01 9.600000000000164229e-05 1.026999999999984314e-01 2.387984750000000076e+03
9.550000000000000000e+02 9.600000000000000000e+02 1.943799999999999972e-01 1.950000000000000067e-01 1.240000000000018756e-04 7.595999999999820951e-02 2.400485950000000230e+03
9.600000000000000000e+02 9.650000000000000000e+02 1.950000000000000067e-01 1.956100000000000061e-01 1.219999999999998890e-04 7.788000000000011580e-02 2.412987500000000182e+03
9.650000000000000000e+02 9.700000000000000000e+02 1.956100000000000061e-01 1.962000000000000133e-01 1.180000000000014317e-04 8.173999999999861932e-02 2.425489024999999856e+03
9.700000000000000000e+02 9.750000000000000000e+02 1.962000000000000133e-01 1.968499999999999972e-01 1.299999999999967902e-04 7.010000000000313203e-02 2.437990499999999884e+03
9.750000000000000000e+02 9.800000000000000000e+02 1.968499999999999972e-01 1.974799999999999889e-01 1.259999999999983464e-04 7.400000000000160616e-02 2.450492125000000215e+03
9.800000000000000000e+02 9.850000000000000000e+02 1.974799999999999889e-01 1.981400000000000106e-01 1.320000000000043469e-04 6.811999999999573951e-02 2.462993699999999990e+03
9.850000000000000000e+02 9.900000000000000000e+02 1.981400000000000106e-01 1.988300000000000067e-01 1.379999999999992344e-04 6.221000000000076469e-02 2.475495350000000144e+03
9.900000000000000000e+02 9.950000000000000000e+02 1.988300000000000067e-01 1.995500000000000052e-01 1.439999999999996784e-04 5.627000000000031976e-02 2.487997075000000223e+03
9.950000000000000000e+02 1.000000000000000000e+03 1.995500000000000052e-01 2.001699999999999868e-01 1.239999999999963462e-04 7.617000000000363757e-02 2.500498875000000226e+03
1.000000000000000000e+03 1.005000000000000000e+03 2.001699999999999868e-01 2.009700000000000097e-01 1.600000000000045938e-04 4.016999999999540383e-02 2.513000424999999723e+03
1.005000000000000000e+03 1.010000000000000000e+03 2.009700000000000097e-01 2.018600000000000116e-01 1.780000000000003693e-04 2.207999999999962770e-02 2.525502425000000130e+03
1.010000000000000000e+03 1.015000000000000000e+03 2.018600000000000116e-01 2.026399999999999868e-01 1.559999999999950370e-04 4.430000000000502980e-02 2.538004649999999856e+03
1.015000000000000000e+03 1.020000000000000000e+03 2.026399999999999868e-01 2.032200000000000117e-01 1.160000000000049880e-04 8.489999999999492397e-02 2.550506599999999708e+03
1.020000000000000000e+03 1.025000000000000000e+03 2.032200000000000117e-01 2.040599999999999914e-01 1.679999999999959249e-04 3.186000000000416277e-02 2.563008050000000367e+03
1.025000000000000000e+03 1.030000000000000000e+03 2.040599999999999914e-01 2.047499999999999876e-01 1.379999999999992344e-04 6.261000000000077614e-02 2.575510150000000067e+03
1.030000000000000000e+03 1.035000000000000000e+03 2.047499999999999876e-01 2.054700000000000137e-01 1.440000000000052349e-04 5.642999999999459559e-02 2.588011875000000146e+03
1.035000000000000000e+03 1.040000000000000000e+03 2.054700000000000137e-01 2.062400000000000067e-01 1.539999999999985933e-04 4.608000000000148089e-02 2.600513675000000148e+03
1.040000000000000000e+03 1.045000000000000000e+03 2.062400000000000067e-01 2.070500000000000118e-01 1.620000000000010375e-04 3.775999999999893331e-02 2.613015599999999722e+03
1.045000000000000000e+03 1.050000000000000000e+03 2.070500000000000118e-01 2.079600000000000060e-01 1.819999999999988402e-04 1.686000000000123511e-02 2.625517624999999953e+03
1.050000000000000000e+03 1.055000000000000000e+03 2.079600000000000060e-01 2.085700000000000054e-01 1.219999999999998890e-04 7.986000000000012533e-02 2.638019899999999780e+03
1.055000000000000000e+03 1.060000000000000000e+03 2.085700000000000054e-01 2.093700000000000006e-01 1.599999999999990373e-04 3.977000000000102675e-02 2.650521424999999908e+03
1.060000000000000000e+03 1.065000000000000000e+03 2.093700000000000006e-01 2.099999999999999922e-01 1.259999999999983464e-04 7.581000000000176486e-02 2.663023425000000316e+03
1.065000000000000000e+03 1.070000000000000000e+03 2.099999999999999922e-01 2.105299999999999949e-01 1.060000000000005437e-04 9.710999999999941901e-02 2.675525000000000091e+03
1.070000000000000000e+03 1.075000000000000000e+03 2.105299999999999949e-01 2.115200000000000136e-01 1.980000000000037286e-04 -1.330000000003994653e-03 2.688026325000000270e+03
1.075000000000000000e+03 1.080000000000000000e+03 2.115200000000000136e-01 2.121599999999999875e-01 1.279999999999947900e-04 7.392000000000562010e-02 2.700528800000000047e+03
1.080000000000000000e+03 1.085000000000000000e+03 2.121599999999999875e-01 2.128800000000000137e-01 1.440000000000052349e-04 5.663999999999433377e-02 2.713030400000000100e+03
1.085000000000000000e+03 1.090000000000000000e+03 2.128800000000000137e-01 2.136399999999999966e-01 1.519999999999965931e-04 4.796000000000372188e-02 2.725532200000000103e+03
1.090000000000000000e+03 1.095000000000000000e+03 2.136399999999999966e-01 2.144000000000000072e-01 1.520000000000021226e-04 4.795999999999767116e-02 2.738034099999999853e+03
1.095000000000000000e+03 1.100000000000000000e+03 2.144000000000000072e-01 2.152600000000000069e-01 1.719999999999999253e-04 2.606000000000008310e-02 2.750536000000000058e+03
1.100000000000000000e+03 1.105000000000000000e+03 2.152600000000000069e-01 2.158200000000000118e-01 1.120000000000009877e-04 9.205999999999892047e-02 2.763038149999999860e+03
1.105000000000000000e+03 1.110000000000000000e+03 2.158200000000000118e-01 2.166800000000000115e-01 1.719999999999999253e-04 2.576000000000008838e-02 2.775539549999999508e+03
1.110000000000000000e+03 1.115000000000000000e+03 2.166800000000000115e-01 2.175799999999999956e-01 1.799999999999968400e-04 1.688000000000353107e-02 2.788041699999999764e+03
1.115000000000000000e+03 1.120000000000000000e+03 2.175799999999999956e-01 2.181500000000000106e-01 1.140000000000029878e-04 9.046999999999666420e-02 2.800543950000000223e+03
1.120000000000000000e+03 1.125000000000000000e+03 2.181500000000000106e-01 2.188700000000000090e-01 1.439999999999996784e-04 5.687000000000036470e-02 2.813045374999999694e+03
1.125000000000000000e+03 1.130000000000000000e+03 2.188700000000000090e-01 2.196500000000000119e-01 1.560000000000005935e-04 4.336999999999935351e-02 2.825547174999999697e+03
1.130000000000000000e+03 1.135000000000000000e+03 2.196500000000000119e-01 2.203199999999999881e-01 1.339999999999952340e-04 6.823000000000539744e-02 2.838049125000000004e+03
1.135000000000000000e+03 1.140000000000000000e+03 2.203199999999999881e-01 2.210199999999999942e-01 1.400000000000012346e-04 6.141999999999858684e-02 2.850550799999999981e+03
1.140000000000000000e+03 1.145000000000000000e+03 2.210199999999999942e-01 2.216100000000000014e-01 1.180000000000014317e-04 8.649999999999835598e-02 2.863052549999999883e+03
1.145000000000000000e+03 1.150000000000000000e+03 2.216100000000000014e-01 2.223799999999999943e-01 1.539999999999985933e-04 4.528000000000162450e-02 2.875554025000000365e+03
1.150000000000000000e+03 1.155000000000000000e+03 2.223799999999999943e-01 2.230499999999999983e-01 1.340000000000007906e-04 6.827999999999909142e-02 2.888055949999999939e+03
1.155000000000000000e+03 1.160000000000000000e+03 2.230499999999999983e-01 2.236700000000000077e-01 1.240000000000018756e-04 7.982999999999781937e-02 2.900557625000000371e+03
1.160000000000000000e+03 1.165000000000000000e+03 2.236700000000000077e-01 2.243100000000000094e-01 1.280000000000003466e-04 7.518999999999961825e-02 2.913059175000000323e+03
1.165000000000000000e+03 1.170000000000000000e+03 2.243100000000000094e-01 2.250099999999999878e-01 1.399999999999956780e-04 6.121000000000503816e-02 2.925560774999999921e+03
1.170000000000000000e+03 1.175000000000000000e+03 2.250099999999999878e-01 2.256799999999999917e-01 1.340000000000007906e-04 6.822999999999906917e-02 2.938062525000000278e+03
1.175000000000000000e+03 1.180000000000000000e+03 2.256799999999999917e-01 2.263499999999999956e-01 1.340000000000007906e-04 6.822999999999906917e-02 2.950564199999999801e+03
1.180000000000000000e+03 1.185000000000000000e+03 2.263499999999999956e-01 2.269299999999999928e-01 1.159999999999994315e-04 8.947000000000066011e-02 2.963065874999999778e+03
1.185000000000000000e+03 1.190000000000000000e+03 2.269299999999999928e-01 2.275300000000000100e-01 1.200000000000034318e-04 8.472999999999591969e-02 2.975567324999999983e+03
1.190000000000000000e+03 1.195000000000000000e+03 2.275300000000000100e-01 2.282500000000000084e-01 1.439999999999996784e-04 5.617000000000038629e-02 2.988068824999999833e+03
1.195000000000000000e+03 1.200000000000000000e+03 2.282500000000000084e-01 2.287800000000000111e-01 1.060000000000005437e-04 1.015799999999993652e-01 3.000570624999999836e+03
1.200000000000000000e+03 1.205000000000000000e+03 2.287800000000000111e-01 2.295000000000000095e-01 1.439999999999996784e-04 5.598000000000039056e-02 3.013071949999999561e+03
1.205000000000000000e+03 1.210000000000000000e+03 2.295000000000000095e-01 2.301900000000000057e-01 1.379999999999992344e-04 6.321000000000093211e-02 3.025573749999999563e+03
1.210000000000000000e+03 1.215000000000000000e+03 2.301900000000000057e-01 2.309400000000000064e-01 1.500000000000001224e-04 4.868999999999984452e-02 3.038075475000000097e+03
1.215000000000000000e+03 1.220000000000000000e+03 2.309400000000000064e-01 2.313600000000000101e-01 8.400000000000074074e-05 1.288799999999991064e-01 3.050577349999999569e+03
1.220000000000000000e+03 1.225000000000000000e+03 2.313600000000000101e-01 2.320399999999999963e-01 1.359999999999972342e-04 6.544000000000338435e-02 3.063078399999999874e+03
1.225000000000000000e+03 1.230000000000000000e+03 2.320399999999999963e-01 2.325699999999999990e-01 1.060000000000005437e-04 1.021899999999993369e-01 3.075580100000000130e+03
1.230000000000000000e+03 1.235000000000000000e+03 2.325699999999999990e-01 2.331900000000000084e-01 1.240000000000018756e-04 8.004999999999767857e-02 3.088081424999999854e+03
1.235000000000000000e+03 1.240000000000000000e+03 2.331900000000000084e-01 2.336999999999999911e-01 1.019999999999965433e-04 1.072200000000042841e-01 3.100582974999999806e+03
1.240000000000000000e+03 1.245000000000000000e+03 2.336999999999999911e-01 2.346199999999999952e-01 1.840000000000008404e-04 5.539999999998962421e-03 3.113084249999999884e+03
1.245000000000000000e+03 1.250000000000000000e+03 2.346199999999999952e-01 2.353399999999999936e-01 1.439999999999996784e-04 5.534000000000038888e-02 3.125586549999999988e+03
1.250000000000000000e+03 1.255000000000000000e+03 2.353399999999999936e-01 2.359600000000000031e-01 1.240000000000018756e-04 8.033999999999763553e-02 3.138088349999999991e+03
1.255000000000000000e+03 1.260000000000000000e+03 2.359600000000000031e-01 2.364100000000000090e-01 9.000000000000118474e-05 1.230099999999985094e-01 3.150589899999999943e+03
1.260000000000000000e+03 1.265000000000000000e+03 2.364100000000000090e-01 2.371000000000000052e-01 1.379999999999992344e-04 6.253000000000097369e-02 3.163091024999999718e+03
1.265000000000000000e+03 1.270000000000000000e+03 2.371000000000000052e-01 2.378399999999999959e-01 1.479999999999981222e-04 4.988000000000236689e-02 3.175592750000000251e+03
1.270000000000000000e+03 1.275000000000000000e+03 2.378399999999999959e-01 2.381900000000000128e-01 7.000000000000339555e-05 1.489399999999956870e-01 3.188094599999999900e+03
1.275000000000000000e+03 1.280000000000000000e+03 2.381900000000000128e-01 2.388500000000000068e-01 1.319999999999987904e-04 6.989000000000156199e-02 3.200595475000000079e+03
1.280000000000000000e+03 1.285000000000000000e+03 2.388500000000000068e-01 2.394300000000000039e-01 1.159999999999994315e-04 9.037000000000072752e-02 3.213097124999999778e+03
1.285000000000000000e+03 1.290000000000000000e+03 2.394300000000000039e-01 2.399499999999999966e-01 1.039999999999985435e-04 1.057900000000018825e-01 3.225598574999999983e+03
1.290000000000000000e+03 1.295000000000000000e+03 2.399499999999999966e-01 2.405899999999999983e-01 1.280000000000003466e-04 7.482999999999953578e-02 3.238099874999999884e+03
1.295000000000000000e+03 1.300000000000000000e+03 2.405899999999999983e-01 2.412499999999999922e-01 1.319999999999987904e-04 6.965000000000157176e-02 3.250601475000000391e+03
1.300000000000000000e+03 1.305000000000000000e+03 2.412499999999999922e-01 2.419399999999999884e-01 1.379999999999992344e-04 6.185000000000098752e-02 3.263103125000000091e+03
1.305000000000000000e+03 1.310000000000000000e+03 2.419399999999999884e-01 2.427999999999999881e-01 1.719999999999999253e-04 1.748000000000007881e-02 3.275604850000000170e+03
1.310000000000000000e+03 1.315000000000000000e+03 2.427999999999999881e-01 2.435100000000000042e-01 1.420000000000032347e-04 5.677999999999575054e-02 3.288106999999999971e+03
1.315000000000000000e+03 1.320000000000000000e+03 2.435100000000000042e-01 2.439600000000000102e-01 9.000000000000118474e-05 1.251599999999984392e-01 3.300608775000000151e+03
1.320000000000000000e+03 1.325000000000000000e+03 2.439600000000000102e-01 2.444999999999999951e-01 1.079999999999969873e-04 1.014000000000039869e-01 3.313109899999999925e+03
1.325000000000000000e+03 1.330000000000000000e+03 2.444999999999999951e-01 2.451599999999999890e-01 1.319999999999987904e-04 6.960000000000160503e-02 3.325611249999999927e+03
1.330000000000000000e+03 1.335000000000000000e+03 2.451599999999999890e-01 2.459899999999999864e-01 1.659999999999994813e-04 2.438000000000067891e-02 3.338112900000000081e+03
1.335000000000000000e+03 1.340000000000000000e+03 2.459899999999999864e-01 2.465499999999999914e-01 1.120000000000009877e-04 9.646999999999866793e-02 3.350614974999999504e+03
1.340000000000000000e+03 1.345000000000000000e+03 2.465499999999999914e-01 2.471800000000000108e-01 1.260000000000038758e-04 7.770999999999481100e-02 3.363116375000000062e+03
1.345000000000000000e+03 1.350000000000000000e+03 2.471800000000000108e-01 2.479399999999999937e-01 1.519999999999965931e-04 4.274000000000457988e-02 3.375617950000000292e+03
1.350000000000000000e+03 1.355000000000000000e+03 2.479399999999999937e-01 2.485100000000000087e-01 1.140000000000029878e-04 9.403999999999596016e-02 3.388119850000000042e+03
1.355000000000000000e+03 1.360000000000000000e+03 2.485100000000000087e-01 2.491899999999999948e-01 1.359999999999972342e-04 6.423000000000375631e-02 3.400621274999999514e+03
1.360000000000000000e+03 1.365000000000000000e+03 2.491899999999999948e-01 2.501099999999999990e-01 1.840000000000008404e-04 -1.050000000001161116e-03 3.413122975000000224e+03
1.365000000000000000e+03 1.370000000000000000e+03 2.501099999999999990e-01 2.505499999999999949e-01 8.799999999999918456e-05 1.299900000000011047e-01 3.425625274999999874e+03
1.370000000000000000e+03 1.375000000000000000e+03 2.505499999999999949e-01 2.509199999999999764e-01 7.399999999999629639e-05 1.491700000000050763e-01 3.438126374999999825e+03
1.375000000000000000e+03 1.380000000000000000e+03 2.509199999999999764e-01 2.518400000000000083e-01 1.840000000000063698e-04 -2.080000000008797034e-03 3.450627300000000105e+03
1.380000000000000000e+03 1.385000000000000000e+03 2.518400000000000083e-01 2.526900000000000257e-01 1.700000000000034817e-04 1.723999999999520361e-02 3.463129599999999755e+03
1.385000000000000000e+03 1.390000000000000000e+03 2.526900000000000257e-01 2.531300000000000217e-01 8.799999999999918456e-05 1.308100000000011476e-01 3.475631725000000188e+03
1.390000000000000000e+03 1.395000000000000000e+03 2.531300000000000217e-01 2.534500000000000086e-01 6.399999999999739502e-05 1.641700000000036463e-01 3.488132825000000139e+03
1.395000000000000000e+03 1.400000000000000000e+03 2.534500000000000086e-01 2.538799999999999946e-01 8.599999999999718438e-05 1.334800000000039288e-01 3.500633624999999938e+03
1.400000000000000000e+03 1.405000000000000000e+03 2.538799999999999946e-01 2.545200000000000240e-01 1.280000000000058760e-04 7.467999999999178073e-02 3.513134700000000066e+03
1.405000000000000000e+03 1.410000000000000000e+03 2.545200000000000240e-01 2.552800000000000069e-01 1.519999999999965931e-04 4.096000000000479813e-02 3.525636300000000119e+03
1.410000000000000000e+03 1.415000000000000000e+03 2.552800000000000069e-01 2.558699999999999863e-01 1.179999999999958887e-04 8.890000000000580771e-02 3.538138200000000325e+03
1.415000000000000000e+03 1.420000000000000000e+03 2.558699999999999863e-01 2.565999999999999948e-01 1.460000000000016786e-04 4.927999999999760350e-02 3.550639674999999897e+03
1.420000000000000000e+03 1.425000000000000000e+03 2.565999999999999948e-01 2.570399999999999907e-01 8.799999999999918456e-05 1.316400000000011450e-01 3.563141499999999724e+03
1.425000000000000000e+03 1.430000000000000000e+03 2.570399999999999907e-01 2.577699999999999991e-01 1.460000000000016786e-04 4.898999999999759103e-02 3.575642600000000130e+03
1.430000000000000000e+03 1.435000000000000000e+03 2.577699999999999991e-01 2.583300000000000041e-01 1.120000000000009877e-04 9.760999999999858678e-02 3.588144424999999956e+03
1.435000000000000000e+03 1.440000000000000000e+03 2.583300000000000041e-01 2.590299999999999825e-01 1.399999999999956780e-04 5.743000000000619831e-02 3.600645824999999604e+03
1.440000000000000000e+03 1.445000000000000000e+03 2.590299999999999825e-01 2.595500000000000029e-01 1.040000000000040865e-04 1.092699999999940941e-01 3.613147574999999961e+03
1.445000000000000000e+03 1.450000000000000000e+03 2.595500000000000029e-01 2.599799999999999889e-01 8.599999999999718438e-05 1.352800000000040637e-01 3.625648874999999862e+03
1.450000000000000000e+03 1.455000000000000000e+03 2.599799999999999889e-01 2.608699999999999908e-01 1.780000000000003693e-04 1.879999999999437676e-03 3.638149949999999990e+03
1.455000000000000000e+03 1.460000000000000000e+03 2.608699999999999908e-01 2.612099999999999977e-01 6.800000000000139537e-05 1.619299999999979645e-01 3.650652175000000170e+03
1.460000000000000000e+03 1.465000000000000000e+03 2.612099999999999977e-01 2.619400000000000062e-01 1.460000000000016786e-04 4.804999999999753912e-02 3.663153024999999616e+03
1.465000000000000000e+03 1.470000000000000000e+03 2.619400000000000062e-01 2.625399999999999956e-01 1.199999999999978888e-04 8.614000000000310298e-02 3.675654850000000351e+03
1.470000000000000000e+03 1.475000000000000000e+03 2.625399999999999956e-01 2.630199999999999760e-01 9.599999999999608575e-05 1.214200000000057456e-01 3.688156349999999748e+03
1.475000000000000000e+03 1.480000000000000000e+03 2.630199999999999760e-01 2.635199999999999765e-01 1.000000000000000861e-04 1.155199999999998450e-01 3.700657550000000356e+03
1.480000000000000000e+03 1.485000000000000000e+03 2.635199999999999765e-01 2.641700000000000159e-01 1.300000000000078762e-04 7.111999999998833144e-02 3.713158800000000156e+03
1.485000000000000000e+03 1.490000000000000000e+03 2.641700000000000159e-01 2.646899999999999809e-01 1.039999999999929869e-04 1.097300000000104303e-01 3.725660425000000032e+03
1.490000000000000000e+03 1.495000000000000000e+03 2.646899999999999809e-01 2.652300000000000213e-01 1.080000000000080868e-04 1.037699999999879275e-01 3.738161724999999933e+03
1.495000000000000000e+03 1.500000000000000000e+03 2.652300000000000213e-01 2.656299999999999772e-01 7.999999999999118385e-05 1.456300000000131933e-01 3.750663074999999935e+03
1.500000000000000000e+03 1.505000000000000000e+03 2.656299999999999772e-01 2.663499999999999757e-01 1.439999999999996784e-04 4.963000000000045153e-02 3.763164075000000139e+03
1.505000000000000000e+03 1.510000000000000000e+03 2.663499999999999757e-01 2.666100000000000136e-01 5.200000000000759299e-05 1.880899999999885441e-01 3.775665875000000142e+03
1.510000000000000000e+03 1.515000000000000000e+03 2.666100000000000136e-01 2.671999999999999931e-01 1.179999999999958887e-04 8.843000000000622585e-02 3.788166524999999638e+03
1.515000000000000000e+03 1.520000000000000000e+03 2.671999999999999931e-01 2.677999999999999825e-01 1.199999999999978888e-04 8.540000000000319558e-02 3.800668000000000120e+03
1.520000000000000000e+03 1.525000000000000000e+03 2.677999999999999825e-01 2.683099999999999929e-01 1.020000000000020863e-04 1.127599999999968072e-01 3.813169499999999971e+03
1.525000000000000000e+03 1.530000000000000000e+03 2.683099999999999929e-01 2.687899999999999734e-01 9.599999999999608575e-05 1.219100000000059580e-01 3.825670774999999594e+03
1.530000000000000000e+03 1.535000000000000000e+03 2.687899999999999734e-01 2.690699999999999759e-01 5.600000000000049383e-05 1.831099999999992178e-01 3.838171975000000202e+03
1.535000000000000000e+03 1.540000000000000000e+03 2.690699999999999759e-01 2.697800000000000198e-01 1.420000000000087913e-04 5.109999999998648956e-02 3.850672675000000254e+03
1.540000000000000000e+03 1.545000000000000000e+03 2.697800000000000198e-01 2.702800000000000202e-01 1.000000000000000861e-04 1.157799999999998830e-01 3.863174450000000434e+03
1.545000000000000000e+03 1.550000000000000000e+03 2.702800000000000202e-01 2.708800000000000097e-01 1.199999999999978888e-04 8.488000000000328615e-02 3.875675699999999779e+03
1.550000000000000000e+03 1.555000000000000000e+03 2.708800000000000097e-01 2.710099999999999731e-01 2.599999999999269698e-05 2.305800000000113315e-01 3.888177200000000084e+03
1.555000000000000000e+03 1.560000000000000000e+03 2.710099999999999731e-01 2.717800000000000216e-01 1.540000000000096793e-04 3.153999999998491344e-02 3.900677525000000060e+03
1.560000000000000000e+03 1.565000000000000000e+03 2.717800000000000216e-01 2.722499999999999920e-01 9.399999999999408557e-05 1.251400000000092438e-01 3.913179450000000088e+03
1.565000000000000000e+03 1.570000000000000000e+03 2.722499999999999920e-01 2.726899999999999880e-01 8.799999999999918456e-05 1.345300000000012597e-01 3.925680624999999964e+03
1.570000000000000000e+03 1.575000000000000000e+03 2.726899999999999880e-01 2.731000000000000094e-01 8.200000000000429710e-05 1.439499999999932500e-01 3.938181724999999915e+03
1.575000000000000000e+03 1.580000000000000000e+03 2.731000000000000094e-01 2.734400000000000164e-01 6.800000000000139537e-05 1.659999999999978160e-01 3.950682750000000397e+03
1.580000000000000000e+03 1.585000000000000000e+03 2.734400000000000164e-01 2.739199999999999968e-01 9.599999999999608575e-05 1.217600000000061966e-01 3.963183599999999842e+03
1.585000000000000000e+03 1.590000000000000000e+03 2.739199999999999968e-01 2.745000000000000218e-01 1.160000000000049880e-04 9.005999999999209082e-02 3.975684799999999996e+03
1.590000000000000000e+03 1.595000000000000000e+03 2.745000000000000218e-01 2.748900000000000232e-01 7.800000000000029674e-05 1.504799999999995586e-01 3.988186249999999745e+03
1.595000000000000000e+03 1.600000000000000000e+03 2.748900000000000232e-01 2.752399999999999847e-01 6.999999999999229603e-05 1.632400000000123197e-01 4.000687224999999671e+03
1.600000000000000000e+03 1.605000000000000000e+03 2.752399999999999847e-01 2.754199999999999982e-01 3.600000000000269786e-05 2.176399999999956703e-01 4.013188099999999849e+03
1.605000000000000000e+03 1.610000000000000000e+03 2.754199999999999982e-01 2.759300000000000086e-01 1.020000000000020863e-04 1.117099999999966453e-01 4.025688549999999850e+03
1.610000000000000000e+03 1.615000000000000000e+03 2.759300000000000086e-01 2.765799999999999925e-01 1.299999999999967902e-04 6.663000000000518508e-02 4.038189824999999928e+03
1.615000000000000000e+03 1.620000000000000000e+03 2.765799999999999925e-01 2.768900000000000250e-01 6.200000000000649436e-05 1.764499999999895041e-01 4.050691449999999804e+03
1.620000000000000000e+03 1.625000000000000000e+03 2.768900000000000250e-01 2.772700000000000164e-01 7.599999999999829657e-05 1.537700000000027933e-01 4.063192225000000235e+03
1.625000000000000000e+03 1.630000000000000000e+03 2.772700000000000164e-01 2.772000000000000020e-01 -1.400000000000289834e-05 3.000200000000047273e-01 4.075693175000000338e+03
1.630000000000000000e+03 1.635000000000000000e+03 2.772000000000000020e-01 2.774499999999999744e-01 4.999999999999449329e-05 1.957000000000089779e-01 4.088193000000000211e+03
1.635000000000000000e+03 1.640000000000000000e+03 2.774499999999999744e-01 2.779699999999999949e-01 1.040000000000040865e-04 1.074099999999932886e-01 4.100693624999999884e+03
1.640000000000000000e+03 1.645000000000000000e+03 2.779699999999999949e-01 2.782700000000000173e-01 6.000000000000449418e-05 1.795699999999926244e-01 4.113194924999999785e+03
1.645000000000000000e+03 1.650000000000000000e+03 2.782700000000000173e-01 2.785799999999999943e-01 6.199999999999539484e-05 1.762800000000075973e-01 4.125695674999999937e+03
1.650000000000000000e+03 1.655000000000000000e+03 2.785799999999999943e-01 2.790000000000000258e-01 8.400000000000629728e-05 1.399799999999896127e-01 4.138196449999999459e+03
1.655000000000000000e+03 1.660000000000000000e+03 2.790000000000000258e-01 2.796899999999999942e-01 1.379999999999936779e-04 5.061000000001047994e-02 4.150697500000000218e+03
1.660000000000000000e+03 1.665000000000000000e+03 2.796899999999999942e-01 2.802600000000000091e-01 1.140000000000029878e-04 9.044999999999503437e-02 4.163199225000000297e+03
1.665000000000000000e+03 1.670000000000000000e+03 2.802600000000000091e-01 2.803100000000000036e-01 9.999999999998897981e-06 2.636100000000018428e-01 4.175700649999999769e+03
1.670000000000000000e+03 1.675000000000000000e+03 2.803100000000000036e-01 2.808200000000000141e-01 1.020000000000020863e-04 1.099699999999965150e-01 4.188200775000000249e+03
1.675000000000000000e+03 1.680000000000000000e+03 2.808200000000000141e-01 2.812500000000000000e-01 8.599999999999718438e-05 1.367700000000047211e-01 4.200702049999999872e+03
1.680000000000000000e+03 1.685000000000000000e+03 2.812500000000000000e-01 2.815900000000000070e-01 6.800000000000139537e-05 1.670099999999976603e-01 4.213203125000000000e+03
1.685000000000000000e+03 1.690000000000000000e+03 2.815900000000000070e-01 2.818100000000000049e-01 4.399999999999959228e-05 2.074500000000006894e-01 4.225703975000000355e+03
1.690000000000000000e+03 1.695000000000000000e+03 2.818100000000000049e-01 2.821500000000000119e-01 6.800000000000139537e-05 1.668899999999976513e-01 4.238204525000000103e+03
1.695000000000000000e+03 1.700000000000000000e+03 2.821500000000000119e-01 2.825500000000000234e-01 8.000000000000229692e-05 1.465499999999961278e-01 4.250705374999999549e+03
1.700000000000000000e+03 1.705000000000000000e+03 2.825500000000000234e-01 2.829400000000000248e-01 7.800000000000029674e-05 1.499499999999995281e-01 4.263206374999999753e+03
1.705000000000000000e+03 1.710000000000000000e+03 2.829400000000000248e-01 2.832700000000000218e-01 6.599999999999939520e-05 1.704100000000010606e-01 4.275707350000000588e+03
1.710000000000000000e+03 1.715000000000000000e+03 2.832700000000000218e-01 2.836099999999999732e-01 6.799999999999029585e-05 1.669900000000166251e-01 4.288208174999999756e+03
1.715000000000000000e+03 1.720000000000000000e+03 2.836099999999999732e-01 2.841899999999999982e-01 1.160000000000049880e-04 8.466999999999141879e-02 4.300709025000000111e+03
1.720000000000000000e+03 1.725000000000000000e+03 2.841899999999999982e-01 2.843100000000000072e-01 2.400000000000179632e-05 2.429099999999969062e-01 4.313210474999999860e+03
1.725000000000000000e+03 1.730000000000000000e+03 2.843100000000000072e-01 2.845699999999999896e-01 5.199999999999649347e-05 1.946100000000060559e-01 4.325710774999999558e+03
1.730000000000000000e+03 1.735000000000000000e+03 2.845699999999999896e-01 2.847999999999999976e-01 4.600000000000159246e-05 2.049899999999972300e-01 4.338211425000000418e+03
1.735000000000000000e+03 1.740000000000000000e+03 2.847999999999999976e-01 2.851299999999999946e-01 6.599999999999939520e-05 1.702900000000010516e-01 4.350711999999999534e+03
1.740000000000000000e+03 1.745000000000000000e+03 2.851299999999999946e-01 2.855900000000000105e-01 9.200000000000318492e-05 1.250499999999944434e-01 4.363212824999999611e+03
1.745000000000000000e+03 1.750000000000000000e+03 2.855900000000000105e-01 2.858299999999999730e-01 4.799999999999249312e-05 2.018300000000131100e-01 4.375713974999999664e+03
1.750000000000000000e+03 1.755000000000000000e+03 2.858299999999999730e-01 2.861000000000000210e-01 5.400000000000959317e-05 1.913299999999831802e-01 4.388214574999999968e+03
1.755000000000000000e+03 1.760000000000000000e+03 2.861000000000000210e-01 2.864499999999999824e-01 6.999999999999229603e-05 1.632500000000135509e-01 4.400715250000000196e+03
1.760000000000000000e+03 1.765000000000000000e+03 2.864499999999999824e-01 2.867399999999999949e-01 5.800000000000249401e-05 1.843699999999955930e-01 4.413216124999999920e+03
1.765000000000000000e+03 1.770000000000000000e+03 2.867399999999999949e-01 2.868299999999999739e-01 1.799999999999579578e-05 2.549700000000074129e-01 4.425716849999999795e+03
1.770000000000000000e+03 1.775000000000000000e+03 2.868299999999999739e-01 2.873100000000000098e-01 9.600000000000718527e-05 1.169099999999872463e-01 4.438217075000000477e+03
1.775000000000000000e+03 1.780000000000000000e+03 2.873100000000000098e-01 2.876299999999999968e-01 6.399999999999739502e-05 1.737100000000046385e-01 4.450718275000000176e+03
1.780000000000000000e+03 1.785000000000000000e+03 2.876299999999999968e-01 2.879700000000000037e-01 6.800000000000139537e-05 1.665899999999975178e-01 4.463219074999999975e+03
1.785000000000000000e+03 1.790000000000000000e+03 2.879700000000000037e-01 2.881799999999999917e-01 4.199999999999759210e-05 2.130000000000042970e-01 4.475719925000000330e+03
1.790000000000000000e+03 1.795000000000000000e+03 2.881799999999999917e-01 2.887000000000000122e-01 1.040000000000040865e-04 1.020199999999926721e-01 4.488220449999999801e+03
1.795000000000000000e+03 1.800000000000000000e+03 2.887000000000000122e-01 2.889300000000000201e-01 4.600000000000159246e-05 2.061299999999971488e-01 4.500721750000000611e+03
1.800000000000000000e+03 1.805000000000000000e+03 2.889300000000000201e-01 2.894399999999999751e-01 1.019999999999909868e-04 1.053300000000162440e-01 4.513222324999999728e+03
1.805000000000000000e+03 1.810000000000000000e+03 2.894399999999999751e-01 2.896699999999999831e-01 4.600000000000159246e-05 2.064099999999970958e-01 4.525723600000000260e+03
1.810000000000000000e+03 1.815000000000000000e+03 2.896699999999999831e-01 2.899700000000000055e-01 6.000000000000449418e-05 1.810699999999918486e-01 4.538224174999999377e+03
1.815000000000000000e+03 1.820000000000000000e+03 2.899700000000000055e-01 2.904100000000000015e-01 8.799999999999918456e-05 1.302500000000014757e-01 4.550724925000000439e+03
1.820000000000000000e+03 1.825000000000000000e+03 2.904100000000000015e-01 2.910300000000000109e-01 1.240000000000018756e-04 6.472999999999659582e-02 4.563226024999999936e+03
1.825000000000000000e+03 1.830000000000000000e+03 2.910300000000000109e-01 2.910200000000000009e-01 -2.000000000002000178e-06 2.946800000000036612e-01 4.575727574999999888e+03
1.830000000000000000e+03 1.835000000000000000e+03 2.910200000000000009e-01 2.914999999999999813e-01 9.599999999999608575e-05 1.153400000000071590e-01 4.588227549999999610e+03
1.835000000000000000e+03 1.840000000000000000e+03 2.914999999999999813e-01 2.920400000000000218e-01 1.080000000000080868e-04 9.331999999998513706e-02 4.600728750000000218e+03
1.840000000000000000e+03 1.845000000000000000e+03 2.920400000000000218e-01 2.923799999999999732e-01 6.799999999999029585e-05 1.669200000000178874e-01 4.613230099999999766e+03
1.845000000000000000e+03 1.850000000000000000e+03 2.923799999999999732e-01 2.925200000000000022e-01 2.800000000000579667e-05 2.407199999999892759e-01 4.625730950000000121e+03
1.850000000000000000e+03 1.855000000000000000e+03 2.925200000000000022e-01 2.928899999999999837e-01 7.399999999999629639e-05 1.556200000000068639e-01 4.638231299999999464e+03
1.855000000000000000e+03 1.860000000000000000e+03 2.928899999999999837e-01 2.931300000000000017e-01 4.800000000000359264e-05 2.038499999999933143e-01 4.650732224999999744e+03
1.860000000000000000e+03 1.865000000000000000e+03 2.931300000000000017e-01 2.936000000000000276e-01 9.400000000000518509e-05 1.182899999999903473e-01 4.663232825000000048e+03
1.865000000000000000e+03 1.870000000000000000e+03 2.936000000000000276e-01 2.938500000000000001e-01 4.999999999999449329e-05 2.003500000000102976e-01 4.675734000000000378e+03
1.870000000000000000e+03 1.875000000000000000e+03 2.938500000000000001e-01 2.942799999999999860e-01 8.599999999999718438e-05 1.330300000000052552e-01 4.688234625000000051e+03
1.875000000000000000e+03 1.880000000000000000e+03 2.942799999999999860e-01 2.944999999999999840e-01 4.399999999999959228e-05 2.117800000000007454e-01 4.700735700000000179e+03
1.880000000000000000e+03 1.885000000000000000e+03 2.944999999999999840e-01 2.945200000000000040e-01 4.000000000004000356e-06 2.869799999999924633e-01 4.713236249999999927e+03
1.885000000000000000e+03 1.890000000000000000e+03 2.945200000000000040e-01 2.946699999999999875e-01 2.999999999999669733e-05 2.379700000000062321e-01 4.725736299999999574e+03
1.890000000000000000e+03 1.895000000000000000e+03 2.946699999999999875e-01 2.954499999999999904e-01 1.560000000000005935e-04 -1.700000000011137047e-04 4.738236675000000105e+03
1.895000000000000000e+03 1.900000000000000000e+03 2.954499999999999904e-01 2.953600000000000114e-01 -1.799999999999579578e-05 3.295599999999920260e-01 4.750738624999999956e+03
1.900000000000000000e+03 1.905000000000000000e+03 2.953600000000000114e-01 2.960699999999999998e-01 1.419999999999976782e-04 2.556000000000441252e-02 4.763238400000000183e+03
1.905000000000000000e+03 1.910000000000000000e+03 2.960699999999999998e-01 2.965800000000000103e-01 1.020000000000020863e-04 1.017599999999960203e-01 4.775740174999999908e+03
1.910000000000000000e+03 1.915000000000000000e+03 2.965800000000000103e-01 2.966900000000000093e-01 2.199999999999979614e-05 2.545600000000003971e-01 4.788241449999999531e+03
1.915000000000000000e+03 1.920000000000000000e+03 2.966900000000000093e-01 2.969800000000000217e-01 5.800000000000249401e-05 1.856199999999952333e-01 4.800741724999999860e+03
1.920000000000000000e+03 1.925000000000000000e+03 2.969800000000000217e-01 2.975300000000000167e-01 1.099999999999989875e-04 8.578000000000196579e-02 4.813242449999999735e+03
1.925000000000000000e+03 1.930000000000000000e+03 2.975300000000000167e-01 2.975099999999999967e-01 -4.000000000004000356e-06 3.052300000000077174e-01 4.825743825000000470e+03
1.930000000000000000e+03 1.935000000000000000e+03 2.975099999999999967e-01 2.978999999999999981e-01 7.800000000000029674e-05 1.469699999999994344e-01 4.838243774999999914e+03
1.935000000000000000e+03 1.940000000000000000e+03 2.978999999999999981e-01 2.982099999999999751e-01 6.199999999999539484e-05 1.779300000000089144e-01 4.850744749999999840e+03
1.940000000000000000e+03 1.945000000000000000e+03 2.982099999999999751e-01 2.984399999999999831e-01 4.600000000000159246e-05 2.089699999999968805e-01 4.863245525000000271e+03
1.945000000000000000e+03 1.950000000000000000e+03 2.984399999999999831e-01 2.985999999999999766e-01 3.199999999999869751e-05 2.362000000000025191e-01 4.875746100000000297e+03
1.950000000000000000e+03 1.955000000000000000e+03 2.985999999999999766e-01 2.988999999999999990e-01 6.000000000000449418e-05 1.815999999999912129e-01 4.888246500000000196e+03
1.955000000000000000e+03 1.960000000000000000e+03 2.988999999999999990e-01 2.992500000000000160e-01 7.000000000000339555e-05 1.620499999999933660e-01 4.900747250000000349e+03
1.960000000000000000e+03 1.965000000000000000e+03 2.992500000000000160e-01 2.998100000000000209e-01 1.120000000000009877e-04 7.972999999999808018e-02 4.913248125000000073e+03
1.965000000000000000e+03 1.970000000000000000e+03 2.998100000000000209e-01 2.999700000000000144e-01 3.199999999999869751e-05 2.369300000000025830e-01 4.925749525000000176e+03
1.970000000000000000e+03 1.975000000000000000e+03 2.999700000000000144e-01 3.002299999999999969e-01 5.199999999999649347e-05 1.975300000000069223e-01 4.938249925000000076e+03
1.975000000000000000e+03 1.980000000000000000e+03 3.002299999999999969e-01 3.006900000000000128e-01 9.200000000000318492e-05 1.185299999999936960e-01 4.950750575000000026e+03
1.980000000000000000e+03 1.985000000000000000e+03 3.006900000000000128e-01 3.011199999999999988e-01 8.599999999999718438e-05 1.304100000000055770e-01 4.963251725000000079e+03
1.985000000000000000e+03 1.990000000000000000e+03 3.011199999999999988e-01 3.014000000000000012e-01 5.600000000000049383e-05 1.899599999999990185e-01 4.975752800000000207e+03
1.990000000000000000e+03 1.995000000000000000e+03 3.014000000000000012e-01 3.018700000000000272e-01 9.400000000000518509e-05 1.143399999999896721e-01 4.988253499999999804e+03
1.995000000000000000e+03 2.000000000000000000e+03 3.018700000000000272e-01 3.024800000000000266e-01 1.219999999999998890e-04 5.848000000000025400e-02 5.000754675000000134e+03
2.000000000000000000e+03 2.005000000000000000e+03 3.024800000000000266e-01 3.025700000000000056e-01 1.799999999999579578e-05 2.664800000000084323e-01 5.013256199999999808e+03
2.005000000000000000e+03 2.010000000000000000e+03 3.025700000000000056e-01 3.031699999999999950e-01 1.199999999999978888e-04 6.197000000000424391e-02 5.025756425000000490e+03
2.010000000000000000e+03 2.015000000000000000e+03 3.031699999999999950e-01 3.035200000000000120e-01 7.000000000000339555e-05 1.624699999999931754e-01 5.038257924999999886e+03
2.015000000000000000e+03 2.020000000000000000e+03 3.035200000000000120e-01 3.040700000000000069e-01 1.099999999999989875e-04 8.187000000000205224e-02 5.050758799999999610e+03
2.020000000000000000e+03 2.025000000000000000e+03 3.040700000000000069e-01 3.044399999999999884e-01 7.399999999999629639e-05 1.545900000000074992e-01 5.063260174999999435e+03
2.025000000000000000e+03 2.030000000000000000e+03 3.044399999999999884e-01 3.050300000000000233e-01 1.180000000000069882e-04 6.548999999998583732e-02 5.075761100000000624e+03
2.030000000000000000e+03 2.035000000000000000e+03 3.050300000000000233e-01 3.053299999999999903e-01 5.999999999999339466e-05 1.832300000000134377e-01 5.088262574999999742e+03
2.035000000000000000e+03 2.040000000000000000e+03 3.053299999999999903e-01 3.057799999999999963e-01 9.000000000000118474e-05 1.221799999999975683e-01 5.100763324999999895e+03
2.040000000000000000e+03 2.045000000000000000e+03 3.057799999999999963e-01 3.059600000000000097e-01 3.600000000000269786e-05 2.323399999999944954e-01 5.113264449999999670e+03
2.045000000000000000e+03 2.050000000000000000e+03 3.059600000000000097e-01 3.064399999999999902e-01 9.599999999999608575e-05 1.096400000000080088e-01 5.125764900000000125e+03
2.050000000000000000e+03 2.055000000000000000e+03 3.064399999999999902e-01 3.069100000000000161e-01 9.400000000000518509e-05 1.137399999999893496e-01 5.138266099999999824e+03
2.055000000000000000e+03 2.060000000000000000e+03 3.069100000000000161e-01 3.073699999999999766e-01 9.199999999999208540e-05 1.178500000000162751e-01 5.150767274999999245e+03
2.060000000000000000e+03 2.065000000000000000e+03 3.073699999999999766e-01 3.074399999999999911e-01 1.400000000000289834e-05 2.785299999999940046e-01 5.163268425000000207e+03
2.065000000000000000e+03 2.070000000000000000e+03 3.074399999999999911e-01 3.080600000000000005e-01 1.240000000000018756e-04 5.137999999999609546e-02 5.175768600000000333e+03
2.070000000000000000e+03 2.075000000000000000e+03 3.080600000000000005e-01 3.086800000000000099e-01 1.240000000000018756e-04 5.137999999999609546e-02 5.188270149999999376e+03
2.075000000000000000e+03 2.080000000000000000e+03 3.086800000000000099e-01 3.088699999999999779e-01 3.799999999999359175e-05 2.298300000000133014e-01 5.200771700000000237e+03
2.080000000000000000e+03 2.085000000000000000e+03 3.088699999999999779e-01 3.094899999999999873e-01 1.240000000000018756e-04 5.094999999999605400e-02 5.213272175000000061e+03
2.085000000000000000e+03 2.090000000000000000e+03 3.094899999999999873e-01 3.098699999999999788e-01 7.599999999999829657e-05 1.510300000000035503e-01 5.225773725000000013e+03
2.090000000000000000e+03 2.095000000000000000e+03 3.098699999999999788e-01 3.104299999999999837e-01 1.120000000000009877e-04 7.578999999999791459e-02 5.238274675000000570e+03
2.095000000000000000e+03 2.100000000000000000e+03 3.104299999999999837e-01 3.106999999999999762e-01 5.399999999999849365e-05 1.973000000000031395e-01 5.250776074999999764e+03
2.100000000000000000e+03 2.105000000000000000e+03 3.106999999999999762e-01 3.110999999999999877e-01 8.000000000000229692e-05 1.426999999999951640e-01 5.263276749999999993e+03
2.105000000000000000e+03 2.110000000000000000e+03 3.110999999999999877e-01 3.115899999999999781e-01 9.799999999999808593e-05 1.048100000000040111e-01 5.275777749999999287e+03
2.110000000000000000e+03 2.115000000000000000e+03 3.115899999999999781e-01 3.119700000000000251e-01 7.600000000000939609e-05 1.512299999999801581e-01 5.288278974999999264e+03
2.115000000000000000e+03 2.120000000000000000e+03 3.119700000000000251e-01 3.125299999999999745e-01 1.119999999999898881e-04 7.509000000002141739e-02 5.300779925000000731e+03
2.120000000000000000e+03 2.125000000000000000e+03 3.125299999999999745e-01 3.130800000000000249e-01 1.100000000000100870e-04 7.932999999997858431e-02 5.313281324999999924e+03
2.125000000000000000e+03 2.130000000000000000e+03 3.130800000000000249e-01 3.134299999999999864e-01 6.999999999999229603e-05 1.643300000000164074e-01 5.325782699999999750e+03
2.130000000000000000e+03 2.135000000000000000e+03 3.134299999999999864e-01 3.140399999999999858e-01 1.219999999999998890e-04 5.357000000000022855e-02 5.338283575000000383e+03
2.135000000000000000e+03 2.140000000000000000e+03 3.140399999999999858e-01 3.143099999999999783e-01 5.399999999999849365e-05 1.987500000000032019e-01 5.350785100000000966e+03
2.140000000000000000e+03 2.145000000000000000e+03 3.143099999999999783e-01 3.147099999999999898e-01 8.000000000000229692e-05 1.431099999999950745e-01 5.363285775000000285e+03
2.145000000000000000e+03 2.150000000000000000e+03 3.147099999999999898e-01 3.149399999999999977e-01 4.600000000000159246e-05 2.160399999999965681e-01 5.375786775000000489e+03
2.150000000000000000e+03 2.155000000000000000e+03 3.149399999999999977e-01 3.153299999999999992e-01 7.800000000000029674e-05 1.472399999999993714e-01 5.388287350000000515e+03
2.155000000000000000e+03 2.160000000000000000e+03 3.153299999999999992e-01 3.156499999999999861e-01 6.399999999999739502e-05 1.774100000000056188e-01 5.400788324999999531e+03
2.160000000000000000e+03 2.165000000000000000e+03 3.156499999999999861e-01 3.158599999999999741e-01 4.199999999999759210e-05 2.249300000000051813e-01 5.413289125000000240e+03
2.165000000000000000e+03 2.170000000000000000e+03 3.158599999999999741e-01 3.160800000000000276e-01 4.400000000001069858e-05 2.205999999999768146e-01 5.425789650000000620e+03
2.170000000000000000e+03 2.175000000000000000e+03 3.160800000000000276e-01 3.167400000000000215e-01 1.319999999999987904e-04 2.964000000000266422e-02 5.438290200000000368e+03
2.175000000000000000e+03 2.180000000000000000e+03 3.167400000000000215e-01 3.170700000000000185e-01 6.599999999999939520e-05 1.731900000000013429e-01 5.450791850000000522e+03
2.180000000000000000e+03 2.185000000000000000e+03 3.170700000000000185e-01 3.174299999999999899e-01 7.199999999999429621e-05 1.601100000000124646e-01 5.463292675000000600e+03
2.185000000000000000e+03 2.190000000000000000e+03 3.174299999999999899e-01 3.178300000000000014e-01 8.000000000000229692e-05 1.426299999999949830e-01 5.475793574999999691e+03
2.190000000000000000e+03 2.195000000000000000e+03 3.178300000000000014e-01 3.183500000000000218e-01 1.040000000000040865e-04 9.006999999999104611e-02 5.488294574999999895e+03
2.195000000000000000e+03 2.200000000000000000e+03 3.183500000000000218e-01 3.188699999999999868e-01 1.039999999999929869e-04 9.007000000001541551e-02 5.500795874999999796e+03
2.200000000000000000e+03 2.205000000000000000e+03 3.188699999999999868e-01 3.196399999999999797e-01 1.539999999999985933e-04 -1.992999999999689464e-02 5.513297174999999697e+03
2.205000000000000000e+03 2.210000000000000000e+03 3.196399999999999797e-01 3.201200000000000156e-01 9.600000000000718527e-05 1.079599999999841242e-01 5.525799100000000180e+03
2.210000000000000000e+03 2.215000000000000000e+03 3.201200000000000156e-01 3.205399999999999916e-01 8.399999999999518420e-05 1.344800000000106466e-01 5.538300299999999879e+03
2.215000000000000000e+03 2.220000000000000000e+03 3.205399999999999916e-01 3.210899999999999865e-01 1.099999999999989875e-04 7.689000000000223434e-02 5.550801350000000639e+03
2.220000000000000000e+03 2.225000000000000000e+03 3.210899999999999865e-01 3.215600000000000125e-01 9.400000000000518509e-05 1.124099999999884636e-01 5.563302724999999555e+03
2.225000000000000000e+03 2.230000000000000000e+03 3.215600000000000125e-01 3.219099999999999739e-01 6.999999999999229603e-05 1.658100000000171659e-01 5.575803899999999885e+03
2.230000000000000000e+03 2.235000000000000000e+03 3.219099999999999739e-01 3.223300000000000054e-01 8.400000000000629728e-05 1.345899999999859431e-01 5.588304775000000518e+03
2.235000000000000000e+03 2.240000000000000000e+03 3.223300000000000054e-01 3.228300000000000058e-01 1.000000000000000861e-04 9.882999999999980689e-02 5.600805824999999459e+03
2.240000000000000000e+03 2.245000000000000000e+03 3.228300000000000058e-01 3.232900000000000218e-01 9.200000000000318492e-05 1.167499999999928595e-01 5.613307075000000623e+03
2.245000000000000000e+03 2.250000000000000000e+03 3.232900000000000218e-01 3.237099999999999977e-01 8.399999999999518420e-05 1.347100000000108211e-01 5.625808224999999766e+03
2.250000000000000000e+03 2.255000000000000000e+03 3.237099999999999977e-01 3.245799999999999796e-01 1.739999999999963689e-04 -6.778999999999185677e-02 5.638309275000000525e+03
2.255000000000000000e+03 2.260000000000000000e+03 3.245799999999999796e-01 3.251000000000000001e-01 1.040000000000040865e-04 9.005999999999075856e-02 5.650811450000000150e+03
2.260000000000000000e+03 2.265000000000000000e+03 3.251000000000000001e-01 3.256499999999999950e-01 1.099999999999989875e-04 7.650000000000228839e-02 5.663312750000000051e+03
2.265000000000000000e+03 2.270000000000000000e+03 3.256499999999999950e-01 3.262300000000000200e-01 1.160000000000049880e-04 6.290999999998869718e-02 5.675814125000000786e+03
2.270000000000000000e+03 2.275000000000000000e+03 3.262300000000000200e-01 3.270299999999999874e-01 1.599999999999934808e-04 -3.696999999998518138e-02 5.688315575000000536e+03
2.275000000000000000e+03 2.280000000000000000e+03 3.270299999999999874e-01 3.275000000000000133e-01 9.400000000000518509e-05 1.131799999999881789e-01 5.700817575000000033e+03
2.280000000000000000e+03 2.285000000000000000e+03 3.275000000000000133e-01 3.277700000000000058e-01 5.399999999999849365e-05 2.043800000000034478e-01 5.713318749999999454e+03
2.285000000000000000e+03 2.290000000000000000e+03 3.277700000000000058e-01 3.283200000000000007e-01 1.099999999999989875e-04 7.642000000000231941e-02 5.725819424999999683e+03
2.290000000000000000e+03 2.295000000000000000e+03 3.283200000000000007e-01 3.287399999999999767e-01 8.399999999999518420e-05 1.359600000000110165e-01 5.738320800000000418e+03
2.295000000000000000e+03 2.300000000000000000e+03 3.287399999999999767e-01 3.292100000000000026e-01 9.400000000000518509e-05 1.130099999999880644e-01 5.750821850000000268e+03
2.300000000000000000e+03 2.305000000000000000e+03 3.292100000000000026e-01 3.298099999999999921e-01 1.199999999999978888e-04 5.321000000000486452e-02 5.763323024999999689e+03
2.305000000000000000e+03 2.310000000000000000e+03 3.298099999999999921e-01 3.301999999999999935e-01 7.800000000000029674e-05 1.500199999999993206e-01 5.775824524999999994e+03
2.310000000000000000e+03 2.315000000000000000e+03 3.301999999999999935e-01 3.304900000000000060e-01 5.800000000000249401e-05 1.962199999999942324e-01 5.788325499999999920e+03
2.315000000000000000e+03 2.320000000000000000e+03 3.304900000000000060e-01 3.307399999999999785e-01 4.999999999999449329e-05 2.147400000000127540e-01 5.800826224999999795e+03
2.320000000000000000e+03 2.325000000000000000e+03 3.307399999999999785e-01 3.311700000000000199e-01 8.600000000000829745e-05 1.312199999999807409e-01 5.813326849999999467e+03
2.325000000000000000e+03 2.330000000000000000e+03 3.311700000000000199e-01 3.316700000000000204e-01 1.000000000000000861e-04 9.866999999999981341e-02 5.825827924999999595e+03
2.330000000000000000e+03 2.335000000000000000e+03 3.316700000000000204e-01 3.321899999999999853e-01 1.039999999999929869e-04 8.935000000001636078e-02 5.838329174999999850e+03
2.335000000000000000e+03 2.340000000000000000e+03 3.321899999999999853e-01 3.325299999999999923e-01 6.800000000000139537e-05 1.734099999999967334e-01 5.850830475000000661e+03
2.340000000000000000e+03 2.345000000000000000e+03 3.325299999999999923e-01 3.327499999999999902e-01 4.399999999999959228e-05 2.295700000000009400e-01 5.863331325000000106e+03
2.345000000000000000e+03 2.350000000000000000e+03 3.327499999999999902e-01 3.328999999999999737e-01 2.999999999999669733e-05 2.624000000000077382e-01 5.875831874999999854e+03
2.350000000000000000e+03 2.355000000000000000e+03 3.328999999999999737e-01 3.332300000000000262e-01 6.600000000001049472e-05 1.777999999999753111e-01 5.888332249999999476e+03
2.355000000000000000e+03 2.360000000000000000e+03 3.332300000000000262e-01 3.335500000000000131e-01 6.399999999999739502e-05 1.825100000000061673e-01 5.900833075000000463e+03
2.360000000000000000e+03 2.365000000000000000e+03 3.335500000000000131e-01 3.338900000000000201e-01 6.800000000000139537e-05 1.730699999999967265e-01 5.913333874999999352e+03
2.365000000000000000e+03 2.370000000000000000e+03 3.338900000000000201e-01 3.343800000000000106e-01 9.799999999999808593e-05 1.021200000000045405e-01 5.925834724999999708e+03
2.370000000000000000e+03 2.375000000000000000e+03 3.343800000000000106e-01 3.345699999999999785e-01 3.799999999999359175e-05 2.443200000000151917e-01 5.938335949999999684e+03
2.375000000000000000e+03 2.380000000000000000e+03 3.345699999999999785e-01 3.351999999999999980e-01 1.260000000000038758e-04 3.531999999999074769e-02 5.950836424999999508e+03
2.380000000000000000e+03 2.385000000000000000e+03 3.351999999999999980e-01 3.354500000000000259e-01 5.000000000000559281e-05 2.161999999999866806e-01 5.963337999999999738e+03
2.385000000000000000e+03 2.390000000000000000e+03 3.354500000000000259e-01 3.360899999999999999e-01 1.279999999999947900e-04 3.017000000001246462e-02 5.975838625000000320e+03
2.390000000000000000e+03 2.395000000000000000e+03 3.360899999999999999e-01 3.366399999999999948e-01 1.099999999999989875e-04 7.319000000000241979e-02 5.988340224999999919e+03
2.395000000000000000e+03 2.400000000000000000e+03 3.366399999999999948e-01 3.372200000000000197e-01 1.160000000000049880e-04 5.881999999998804851e-02 6.000841599999999744e+03
2.400000000000000000e+03 2.405000000000000000e+03 3.372200000000000197e-01 3.375500000000000167e-01 6.599999999999939520e-05 1.788200000000014778e-01 6.013343049999999494e+03
2.405000000000000000e+03 2.410000000000000000e+03 3.375500000000000167e-01 3.381799999999999806e-01 1.259999999999927899e-04 3.452000000001737012e-02 6.025843875000000480e+03
2.410000000000000000e+03 2.415000000000000000e+03 3.381799999999999806e-01 3.383300000000000196e-01 3.000000000000779685e-05 2.658799999999811869e-01 6.038345450000000710e+03
2.415000000000000000e+03 2.420000000000000000e+03 3.383300000000000196e-01 3.387600000000000056e-01 8.599999999999718438e-05 1.306400000000068062e-01 6.050845825000000332e+03
2.420000000000000000e+03 2.425000000000000000e+03 3.387600000000000056e-01 3.393900000000000250e-01 1.260000000000038758e-04 3.383999999999059982e-02 6.063346900000000460e+03
2.425000000000000000e+03 2.430000000000000000e+03 3.393900000000000250e-01 3.394099999999999895e-01 3.999999999992898295e-06 3.296900000000172470e-01 6.075848475000000690e+03
2.430000000000000000e+03 2.435000000000000000e+03 3.394099999999999895e-01 3.397999999999999909e-01 7.800000000000029674e-05 1.498699999999992816e-01 6.088348525000000336e+03
2.435000000000000000e+03 2.440000000000000000e+03 3.397999999999999909e-01 3.403999999999999804e-01 1.199999999999978888e-04 4.760000000000513820e-02 6.100849500000000262e+03
2.440000000000000000e+03 2.445000000000000000e+03 3.403999999999999804e-01 3.404699999999999949e-01 1.400000000000289834e-05 3.062399999999929068e-01 6.113351000000000568e+03
2.445000000000000000e+03 2.450000000000000000e+03 3.404699999999999949e-01 3.410500000000000198e-01 1.160000000000049880e-04 5.684999999998779918e-02 6.125851174999999785e+03
2.450000000000000000e+03 2.455000000000000000e+03 3.410500000000000198e-01 3.413599999999999968e-01 6.199999999999539484e-05 1.891500000000113091e-01 6.138352624999999534e+03
2.455000000000000000e+03 2.460000000000000000e+03 3.413599999999999968e-01 3.415500000000000203e-01 3.800000000000469804e-05 2.480699999999884664e-01 6.150853399999999965e+03
2.460000000000000000e+03 2.465000000000000000e+03 3.415500000000000203e-01 3.418200000000000127e-01 5.399999999999849365e-05 2.087100000000037259e-01 6.163353875000000698e+03
2.465000000000000000e+03 2.470000000000000000e+03 3.418200000000000127e-01 3.425500000000000211e-01 1.460000000000016786e-04 -1.807000000000413831e-02 6.175854550000000017e+03
2.470000000000000000e+03 2.475000000000000000e+03 3.425500000000000211e-01 3.436000000000000165e-01 2.099999999999990871e-04 -1.761499999999976973e-01 6.188356374999999389e+03
2.475000000000000000e+03 2.480000000000000000e+03 3.436000000000000165e-01 3.437399999999999900e-01 2.799999999999469715e-05 2.743000000000131444e-01 6.200859000000000378e+03
2.480000000000000000e+03 2.485000000000000000e+03 3.437399999999999900e-01 3.439599999999999880e-01 4.399999999999959228e-05 2.346200000000009944e-01 6.213359349999999722e+03
2.485000000000000000e+03 2.490000000000000000e+03 3.439599999999999880e-01 3.443100000000000049e-01 7.000000000000339555e-05 1.700099999999915568e-01 6.225859900000000380e+03
2.490000000000000000e+03 2.495000000000000000e+03 3.443100000000000049e-01 3.445799999999999974e-01 5.399999999999849365e-05 2.098500000000037558e-01 6.238360775000000103e+03
2.495000000000000000e+03 2.500000000000000000e+03 3.445799999999999974e-01 3.451299999999999923e-01 1.099999999999989875e-04 7.013000000000252365e-02 6.250861450000000332e+03
2.500000000000000000e+03 2.505000000000000000e+03 3.451299999999999923e-01 3.453399999999999803e-01 4.199999999999759210e-05 2.401300000000060053e-01 6.263362825000000157e+03
2.505000000000000000e+03 2.510000000000000000e+03 3.453399999999999803e-01 3.459800000000000098e-01 1.280000000000058760e-04 2.469999999998523377e-02 6.275863349999999627e+03
2.510000000000000000e+03 2.515000000000000000e+03 3.459800000000000098e-01 3.459400000000000253e-01 -7.999999999996897803e-06 3.660599999999922249e-01 6.288364950000000135e+03
2.515000000000000000e+03 2.520000000000000000e+03 3.459400000000000253e-01 3.470199999999999951e-01 2.159999999999939746e-04 -1.972999999999848209e-01 6.300864849999999933e+03
2.520000000000000000e+03 2.525000000000000000e+03 3.470199999999999951e-01 3.475099999999999856e-01 9.799999999999808593e-05 1.000600000000048118e-01 6.313367550000000847e+03
2.525000000000000000e+03 2.530000000000000000e+03 3.475099999999999856e-01 3.478100000000000080e-01 6.000000000000449418e-05 1.960099999999886378e-01 6.325868774999999914e+03
2.530000000000000000e+03 2.535000000000000000e+03 3.478100000000000080e-01 3.484300000000000175e-01 1.240000000000018756e-04 3.408999999999523522e-02 6.338369525000000067e+03
2.535000000000000000e+03 2.540000000000000000e+03 3.484300000000000175e-01 3.491900000000000004e-01 1.519999999999965931e-04 -3.688999999999131862e-02 6.350871075000000019e+03
2.540000000000000000e+03 2.545000000000000000e+03 3.491900000000000004e-01 3.497100000000000208e-01 1.040000000000040865e-04 8.502999999998961389e-02 6.363372975000000224e+03
2.545000000000000000e+03 2.550000000000000000e+03 3.497100000000000208e-01 3.504800000000000137e-01 1.539999999999985933e-04 -4.221999999999637154e-02 6.375874275000000125e+03
