#trapazoidal
# startwidth 		endwidth 		startheight		endheight 		slope 			y-intercept 			area
3.750000000000000000e+02 3.800000000000000000e+02 -4.436199853965310063e-07 3.495365229043646651e-07 1.586313016601791131e-07 -5.993035810796369677e-05 9.499999988909501099e+02
3.800000000000000000e+02 3.850000000000000000e+02 3.495365229043646651e-07 -4.253117412388590069e-07 -1.549696528286447344e-07 5.923800459778936421e-05 9.625000008738413726e+02
3.850000000000000000e+02 3.900000000000000000e+02 -4.253117412388590069e-07 -4.154205667092298942e-06 -7.457787851706879765e-07 2.866995205494759884e-04 9.749999989367206581e+02
3.900000000000000000e+02 3.950000000000000000e+02 -4.154205667092298942e-06 -1.857198143082244696e-06 4.594015048020108703e-07 -1.833207925398765538e-04 9.874999896144857985e+02
3.950000000000000000e+02 4.000000000000000000e+02 -1.857198143082244696e-06 9.468458751267588745e-09 3.733333203667024746e-07 -1.493238596879297375e-04 9.999999953570046500e+02
4.000000000000000000e+02 4.050000000000000000e+02 9.468458751267588745e-09 -6.578138883113783926e-06 -1.317521468373010268e-06 5.270180558079553450e-04 1.012500000023671191e+03
4.050000000000000000e+02 4.100000000000000000e+02 -6.578138883113783926e-06 1.152180967951478895e-05 3.619989712525714829e-06 -1.472673972456028327e-03 1.024999983554652772e+03
4.100000000000000000e+02 4.150000000000000000e+02 1.152180967951478895e-05 1.002239448928725490e-05 -2.998830380455068102e-07 1.344738552781725828e-04 1.037500028804524163e+03
4.150000000000000000e+02 4.200000000000000000e+02 1.002239448928725490e-05 -2.004931278659532276e-06 -2.405465153589357265e-06 1.008290433228870540e-03 1.050000025055986043e+03
4.200000000000000000e+02 4.250000000000000000e+02 -2.004931278659532276e-06 -2.124192663226018302e-05 -3.847399070720130487e-06 1.613902678423795181e-03 1.062499994987671926e+03
4.250000000000000000e+02 4.300000000000000000e+02 -2.124192663226018302e-05 3.268490637488583115e-05 1.078536660142920216e-05 -4.605022732239671089e-03 1.074999946895183484e+03
4.300000000000000000e+02 4.350000000000000000e+02 3.268490637488583115e-05 5.979272990209552369e-05 5.421564705441938677e-06 -2.298587916965147415e-03 1.087500081712265910e+03
4.350000000000000000e+02 4.400000000000000000e+02 5.979272990209552369e-05 7.247351885779593520e-04 1.329884917351727711e-04 -5.779020117489806069e-02 1.100000149481824792e+03
4.400000000000000000e+02 4.450000000000000000e+02 7.247351885779593520e-04 7.746997358186175076e-02 1.534904767865675687e-02 -6.752856243420394478e+00 1.112501811837971445e+03
4.450000000000000000e+02 4.500000000000000000e+02 7.746997358186175076e-02 1.056362368886478276e+00 1.957784790609232994e-01 -8.704395320852900397e+01 1.125193674933954753e+03
4.500000000000000000e+02 4.550000000000000000e+02 1.056362368886478276e+00 1.163750636650495052e+00 2.147765355280335450e-02 -8.608581729875032451e+00 1.140140905922216234e+03
4.550000000000000000e+02 4.600000000000000000e+02 1.163750636650495052e+00 1.194606707962081016e+00 6.171214262317192660e-03 -1.644151852703827688e+00 1.152909376591626142e+03
4.600000000000000000e+02 4.650000000000000000e+02 1.194606707962081016e+00 1.212015957690123491e+00 3.481849945608495121e-03 -4.070442670178266997e-01 1.165486516769905165e+03
4.650000000000000000e+02 4.700000000000000000e+02 1.212015957690123491e+00 1.190323628970230363e+00 -4.338465743978625784e-03 3.229402528640184400e+00 1.178030039894225411e+03
4.700000000000000000e+02 4.750000000000000000e+02 1.190323628970230363e+00 1.292039193788870666e+00 2.034311296372805916e-02 -8.370939463981958539e+00 1.190475809072425591e+03
4.750000000000000000e+02 4.800000000000000000e+02 1.292039193788870666e+00 1.357233592354931462e+00 1.303887971321215922e-02 -4.901428669986905184e+00 1.203230097984472195e+03
4.800000000000000000e+02 4.850000000000000000e+02 1.357233592354931462e+00 1.275499245121495928e+00 -1.634686944668710742e-02 9.203730926764743359e+00 1.215893083980887241e+03
4.850000000000000000e+02 4.900000000000000000e+02 1.275499245121495928e+00 1.361561666610451971e+00 1.721248429779120848e-02 -7.072555639307239517e+00 1.228188748112803751e+03
4.900000000000000000e+02 4.950000000000000000e+02 1.361561666610451971e+00 1.381733033231410612e+00 4.034273324191728696e-03 -6.152322622434951427e-01 1.240903904166525990e+03
4.950000000000000000e+02 5.000000000000000000e+02 1.381733033231410612e+00 1.340207465354863237e+00 -8.305113575309474791e-03 5.492764253009601028e+00 1.253454332583078440e+03
5.000000000000000000e+02 5.050000000000000000e+02 1.340207465354863237e+00 1.334495326561706108e+00 -1.142427758631425804e-03 1.911421344670576117e+00 1.265850518663387220e+03
5.050000000000000000e+02 5.100000000000000000e+02 1.334495326561706108e+00 1.324750459098050559e+00 -1.948973492731109715e-03 2.318726940390916536e+00 1.278336238316404206e+03
5.100000000000000000e+02 5.150000000000000000e+02 1.324750459098050559e+00 1.308542414706641344e+00 -3.241608878281843076e-03 2.977970987021790528e+00 1.290811876147745124e+03
5.150000000000000000e+02 5.200000000000000000e+02 1.308542414706641344e+00 1.250210679556033710e+00 -1.166634703012152732e-02 7.316711135219227558e+00 1.303271356036766520e+03
5.200000000000000000e+02 5.250000000000000000e+02 1.250210679556033710e+00 1.299720579560910805e+00 9.901980000975418861e-03 -3.898818920951184097e+00 1.315625526698890098e+03
5.250000000000000000e+02 5.300000000000000000e+02 1.299720579560910805e+00 1.275357791799066165e+00 -4.872557552368927958e-03 3.857813294554597761e+00 1.328249301448902315e+03
5.300000000000000000e+02 5.350000000000000000e+02 1.275357791799066165e+00 1.228625446982313241e+00 -9.346468963350585205e-03 6.228986342374876806e+00 1.340688394479497674e+03
5.350000000000000000e+02 5.400000000000000000e+02 1.228625446982313241e+00 1.139673586925965765e+00 -1.779037201126949450e-02 1.074647447301149228e+01 1.353071563617455695e+03
5.400000000000000000e+02 5.450000000000000000e+02 1.139673586925965765e+00 1.172481243904275550e+00 6.561531395661956978e-03 -2.403553366731491003e+00 1.365349183967314730e+03
5.450000000000000000e+02 5.500000000000000000e+02 1.172481243904275550e+00 1.121049118248297560e+00 -1.028642513119559787e-02 6.778582940405875945e+00 1.377931203109760645e+03
5.500000000000000000e+02 5.550000000000000000e+02 1.121049118248297560e+00 1.082655189154917208e+00 -7.678785818676070116e-03 5.344381318520136759e+00 1.390302622795620664e+03
5.550000000000000000e+02 5.600000000000000000e+02 1.082655189154917208e+00 1.000815269257089524e+00 -1.636798397956553547e-02 1.016688629781378950e+01 1.402706637972887393e+03
5.600000000000000000e+02 5.650000000000000000e+02 1.000815269257089524e+00 9.527424166272641104e-01 -9.614570525965083353e-03 6.384974763797536035e+00 1.415002038173142864e+03
5.650000000000000000e+02 5.700000000000000000e+02 9.527424166272641104e-01 9.176327916756580327e-01 -7.021924990321215358e-03 4.920130036158750109e+00 1.427381856041568199e+03
5.700000000000000000e+02 5.750000000000000000e+02 9.176327916756580327e-01 9.474806147628480613e-01 5.969564617438005358e-03 -2.485019040264004886e+00 1.439794081979189286e+03
5.750000000000000000e+02 5.800000000000000000e+02 9.474806147628480613e-01 1.011710620457258347e+00 1.284600113888205788e-02 -6.438970040094334379e+00 1.452368701536907110e+03
5.800000000000000000e+02 5.850000000000000000e+02 1.011710620457258347e+00 1.081219721370254794e+00 1.390182018259928862e-02 -7.051345085450329009e+00 1.465029276551143084e+03
5.850000000000000000e+02 5.900000000000000000e+02 1.081219721370254794e+00 1.027028199444075973e+00 -1.083830438523576342e-02 7.421627786733176357e+00 1.477703049303425814e+03
5.900000000000000000e+02 5.950000000000000000e+02 1.027028199444075973e+00 1.056038520106794110e+00 5.802064132543627122e-03 -2.396189638756664131e+00 1.490067570498610166e+03
5.950000000000000000e+02 6.000000000000000000e+02 1.056038520106794110e+00 1.013003114501655144e+00 -8.607081121027792756e-03 6.177251787118331450e+00 1.502640096300267032e+03
6.000000000000000000e+02 6.050000000000000000e+02 1.013003114501655144e+00 9.568619205099334613e-01 -1.122823879834433658e-02 7.749946393508256648e+00 1.515032507786254200e+03
6.050000000000000000e+02 6.100000000000000000e+02 9.568619205099334613e-01 8.959996867574534507e-01 -1.217244675049600211e-02 8.321192204560015071e+00 1.527392154801274955e+03
6.100000000000000000e+02 6.150000000000000000e+02 8.959996867574534507e-01 8.571520823938674205e-01 -7.769520872717206039e-03 5.635407419114949690e+00 1.539739999216893693e+03
6.150000000000000000e+02 6.200000000000000000e+02 8.571520823938674205e-01 8.229885365039136813e-01 -6.832709177990748187e-03 5.059268226858177897e+00 1.552142880205984738e+03
6.200000000000000000e+02 6.250000000000000000e+02 8.229885365039136813e-01 7.766203917534185708e-01 -9.273628950099022800e-03 6.572638485565307498e+00 1.564557471341259770e+03
6.250000000000000000e+02 6.300000000000000000e+02 7.766203917534185708e-01 7.670972732541569972e-01 -1.904623699852314809e-03 1.967010204161115272e+00 1.576941550979383692e+03
6.300000000000000000e+02 6.350000000000000000e+02 7.670972732541569972e-01 7.379539629889245722e-01 -5.828662053046484819e-03 4.439154366673442098e+00 1.589417743183135372e+03
6.350000000000000000e+02 6.350000000000000000e+02 7.379539629889245722e-01 7.379539629889245722e-01 nan nan 0.000000000000000000e+00
6.350000000000000000e+02 6.400000000000000000e+02 7.379539629889245722e-01 7.242695854220182472e-01 -2.736875513381265175e-03 2.475869913986027626e+00 1.601844884907472533e+03
6.400000000000000000e+02 6.450000000000000000e+02 7.242695854220182472e-01 7.067625531665281402e-01 -3.501406451098021226e-03 2.965169714124751721e+00 1.614310673963555018e+03
6.450000000000000000e+02 6.450000000000000000e+02 7.067625531665281402e-01 7.067625531665279182e-01 -inf inf 0.000000000000000000e+00
6.450000000000000000e+02 6.500000000000000000e+02 7.067625531665279182e-01 6.548448248815581518e-01 -1.038354565699395327e-02 7.404149501927627774e+00 1.626766906382916204e+03
6.500000000000000000e+02 6.550000000000000000e+02 6.548448248815581518e-01 6.249757164358473727e-01 -5.973821689142155486e-03 4.537828922823958777e+00 1.639137112062203869e+03
6.550000000000000000e+02 6.550000000000000000e+02 6.249757164358473727e-01 6.249757164358502592e-01 inf -inf 0.000000000000000000e+00
6.550000000000000000e+02 6.600000000000000000e+02 6.249757164358502592e-01 6.356631129147617409e-01 2.137479295782296514e-03 -7.750732223015540656e-01 1.651562439291089731e+03
6.600000000000000000e+02 6.650000000000000000e+02 6.356631129147617409e-01 6.204982890044050681e-01 -3.032964782071334749e-03 2.637419869081842450e+00 1.664089157782286975e+03
6.650000000000000000e+02 6.650000000000000000e+02 6.204982890044050681e-01 6.204982890044048460e-01 -inf inf 0.000000000000000000e+00
6.650000000000000000e+02 6.700000000000000000e+02 6.204982890044048460e-01 5.963538533723884427e-01 -4.828887126403280661e-03 3.831708228062586485e+00 1.676551245722511112e+03
6.700000000000000000e+02 6.750000000000000000e+02 5.963538533723884427e-01 5.824219176178834223e-01 -2.786387150901003910e-03 2.463233244476060957e+00 1.688990884633431051e+03
6.750000000000000000e+02 6.750000000000000000e+02 5.824219176178834223e-01 5.824219176178835333e-01 inf -inf 0.000000000000000000e+00
6.750000000000000000e+02 6.800000000000000000e+02 5.824219176178835333e-01 5.671614610596971140e-01 -3.052091311637283953e-03 2.642583552973050143e+00 1.701456054794044803e+03
6.800000000000000000e+02 6.850000000000000000e+02 5.671614610596971140e-01 5.436529368313430810e-01 -4.701704845670806945e-03 3.764320756115845601e+00 1.713917903652649102e+03
6.850000000000000000e+02 6.850000000000000000e+02 5.436529368313430810e-01 5.436529368313430810e-01 nan nan 0.000000000000000000e+00
6.850000000000000000e+02 6.900000000000000000e+02 5.436529368313430810e-01 5.375820817585963418e-01 -1.214171014549347838e-03 1.375360081797646350e+00 1.726359132342078283e+03
6.900000000000000000e+02 6.950000000000000000e+02 5.375820817585963418e-01 5.042639367692637320e-01 -6.663628997866521617e-03 5.135486090286496719e+00 1.738843955204396480e+03
6.950000000000000000e+02 6.950000000000000000e+02 5.042639367692637320e-01 5.042639367692633989e-01 -inf inf 0.000000000000000000e+00
6.950000000000000000e+02 7.000000000000000000e+02 5.042639367692633989e-01 1.403430352263263792e-01 -7.278418030858739562e-02 5.108926925123749641e+01 1.751260659841923143e+03
7.000000000000000000e+02 7.050000000000000000e+02 1.403430352263263792e-01 7.778807504874520225e-03 -2.651284554429036988e-02 1.869933491622958499e+01 1.762850857588065992e+03
7.050000000000000000e+02 7.050000000000000000e+02 7.778807504874520225e-03 7.778807504874520225e-03 nan nan 0.000000000000000000e+00
7.050000000000000000e+02 7.100000000000000000e+02 7.778807504874520225e-03 6.121678654440620591e-04 -1.433327927886091611e-03 1.018274996664568999e+00 1.775019447018762321e+03
7.100000000000000000e+02 7.150000000000000000e+02 6.121678654440620591e-04 8.287136283356253839e-05 -1.058593005220998987e-04 7.577227123613498871e-02 1.787501530419663595e+03
7.150000000000000000e+02 7.150000000000000000e+02 8.287136283356253839e-05 8.287136283356256550e-05 inf -inf 0.000000000000000000e+00
7.150000000000000000e+02 7.200000000000000000e+02 8.287136283356256550e-05 7.053576507429060427e-06 -1.516355726522670101e-05 1.092481480747065255e-02 1.800000207178406981e+03
7.200000000000000000e+02 7.250000000000000000e+02 7.053576507429060427e-06 4.172079234344739969e-06 -5.762994546168640491e-07 4.219891838315712232e-04 1.812500017633941297e+03
7.250000000000000000e+02 7.250000000000000000e+02 4.172079234344739969e-06 4.172079234344739969e-06 nan nan 0.000000000000000000e+00
7.250000000000000000e+02 7.300000000000000000e+02 4.172079234344739969e-06 1.162526413348979142e-06 -6.019105641991521654e-07 4.405572382787300298e-04 1.825000010430198017e+03
7.300000000000000000e+02 7.350000000000000000e+02 1.162526413348979142e-06 5.667978307927296481e-07 -1.191457165112498988e-07 8.813889946656140186e-05 1.837500002906315785e+03
7.350000000000000000e+02 7.350000000000000000e+02 5.667978307927296481e-07 5.667978307927294363e-07 -inf inf 0.000000000000000000e+00
7.350000000000000000e+02 7.400000000000000000e+02 5.667978307927294363e-07 6.488752102747196476e-09 -1.120618157379964392e-07 8.293223239822010515e-05 1.850000001416994564e+03
7.400000000000000000e+02 7.450000000000000000e+02 6.488752102747196476e-09 -4.654350958096202659e-06 -9.321679420397900221e-07 6.898107658615473684e-04 1.862500000016221975e+03
7.450000000000000000e+02 7.450000000000000000e+02 -4.654350958096202659e-06 -4.654350958096201812e-06 inf -inf 0.000000000000000000e+00
7.450000000000000000e+02 7.500000000000000000e+02 -4.654350958096201812e-06 3.845450446294556439e-06 1.699960280878151608e-06 -1.271124760212319089e-03 1.874999988364122601e+03
7.500000000000000000e+02 7.550000000000000000e+02 3.845450446294556439e-06 -4.800382559776082682e-06 -1.729166601214127782e-06 1.300720401356890432e-03 1.887500009613626162e+03
7.550000000000000000e+02 7.550000000000000000e+02 -4.800382559776082682e-06 -4.800382559776081835e-06 inf -inf 0.000000000000000000e+00
7.550000000000000000e+02 7.600000000000000000e+02 -4.800382559776081835e-06 4.664822075943787331e-07 1.053372953474092156e-06 -8.000969624327156950e-04 1.899999987999043469e+03
7.600000000000000000e+02 7.650000000000000000e+02 4.664822075943787331e-07 4.519873361764869219e-07 -2.898974283578362246e-09 2.669702663113934040e-06 1.912500001166205493e+03
7.650000000000000000e+02 7.650000000000000000e+02 4.519873361764869219e-07 4.519873361764865513e-07 -inf inf 0.000000000000000000e+00
7.650000000000000000e+02 7.700000000000000000e+02 4.519873361764865513e-07 -9.041504772479881550e-07 -2.712275626848949307e-07 2.079410727901211055e-04 1.925000001129968496e+03
7.700000000000000000e+02 7.750000000000000000e+02 -9.041504772479881550e-07 8.493217844656146438e-07 3.506944523427205174e-07 -2.709388787811428255e-04 1.937499997739623723e+03
7.750000000000000000e+02 7.750000000000000000e+02 8.493217844656146438e-07 8.493217844656146438e-07 nan nan 0.000000000000000000e+00
7.750000000000000000e+02 7.800000000000000000e+02 8.493217844656146438e-07 8.575652325699839659e-07 1.648689620873864395e-09 -4.284126717116302941e-07 1.950000002123304284e+03
7.800000000000000000e+02 7.850000000000000000e+02 8.575652325699839659e-07 4.098952795630832686e-07 -8.953399060138013418e-08 7.069407790164648926e-05 1.962500002143913207e+03
7.850000000000000000e+02 7.850000000000000000e+02 4.098952795630832686e-07 4.098952795630832686e-07 nan nan 0.000000000000000000e+00
7.850000000000000000e+02 7.900000000000000000e+02 4.098952795630832686e-07 4.040307630112268002e-07 -1.172903310371293680e-09 1.330624378204548860e-06 1.975000001024738140e+03
7.900000000000000000e+02 7.950000000000000000e+02 4.040307630112268002e-07 1.241309138597805135e-06 1.674556751173156776e-07 -1.318859525796681556e-04 1.987500001010076858e+03
7.950000000000000000e+02 7.950000000000000000e+02 1.241309138597805135e-06 1.241309138597805135e-06 nan nan 0.000000000000000000e+00
7.950000000000000000e+02 8.000000000000000000e+02 1.241309138597805135e-06 -1.182838121046131144e-06 -4.848294519287872981e-07 3.866807234219837527e-04 2.000000003103273002e+03
8.000000000000000000e+02 8.050000000000000000e+02 -1.182838121046131144e-06 1.078223919455592273e-08 2.387240720481374222e-07 -1.921620957595560812e-04 2.012499997042904852e+03
8.050000000000000000e+02 8.050000000000000000e+02 1.078223919455592273e-08 1.078223919455591942e-08 -inf inf 0.000000000000000000e+00
8.050000000000000000e+02 8.100000000000000000e+02 1.078223919455591942e-08 4.285700266936014831e-06 8.549836055482917303e-07 -6.882510202271802493e-04 2.025000000026955604e+03
8.100000000000000000e+02 8.150000000000000000e+02 4.285700266936014831e-06 -2.308800988094688554e-06 -1.318900251006140719e-06 1.072594903581909880e-03 2.037500010714250493e+03
8.150000000000000000e+02 8.150000000000000000e+02 -2.308800988094688554e-06 -2.308800988094688554e-06 nan nan 0.000000000000000000e+00
8.150000000000000000e+02 8.200000000000000000e+02 -2.308800988094688554e-06 -1.047009979969911150e-06 2.523582016249554703e-07 -2.079807353124333896e-04 2.049999994227997377e+03
8.200000000000000000e+02 8.250000000000000000e+02 -1.047009979969911150e-06 -6.759733008803817895e-07 7.420733581790587469e-08 -6.189702535065272305e-05 2.062499997382475158e+03
8.250000000000000000e+02 8.250000000000000000e+02 -6.759733008803817895e-07 -6.759733008803817895e-07 nan nan 0.000000000000000000e+00
8.250000000000000000e+02 8.300000000000000000e+02 -6.759733008803817895e-07 6.552681623987580384e-07 2.662482926558280079e-07 -2.203308147419384927e-04 2.074999998310066985e+03
8.300000000000000000e+02 8.350000000000000000e+02 6.552681623987580384e-07 -1.527465432503646801e-06 -4.365467189804809574e-07 3.629890449161979620e-04 2.087500001638170488e+03
8.350000000000000000e+02 8.350000000000000000e+02 -1.527465432503646801e-06 -1.527465432503646801e-06 nan nan 0.000000000000000000e+00
8.350000000000000000e+02 8.400000000000000000e+02 -1.527465432503646801e-06 -1.684045269800065486e-06 -3.131596745928373688e-08 2.462136739599827477e-05 2.099999996181336428e+03
8.400000000000000000e+02 8.450000000000000000e+02 -1.684045269800065486e-06 -2.501878984050400287e-06 -1.635667428500669550e-07 1.357120187242561859e-04 2.112499995789886725e+03
8.450000000000000000e+02 8.450000000000000000e+02 -2.501878984050400287e-06 -2.501878984050400287e-06 nan nan 0.000000000000000000e+00
8.450000000000000000e+02 8.500000000000000000e+02 -2.501878984050400287e-06 -3.247700484322629668e-06 -1.491643000544458761e-07 1.235419545619563769e-04 2.124999993745302618e+03
8.500000000000000000e+02 8.550000000000000000e+02 -3.247700484322629668e-06 -1.278770198076233427e-06 3.937860572492792270e-07 -3.379658491462099652e-04 2.137499991880748894e+03
8.550000000000000000e+02 8.550000000000000000e+02 -1.278770198076233427e-06 -1.278770198076243803e-06 -inf inf 0.000000000000000000e+00
8.550000000000000000e+02 8.600000000000000000e+02 -1.278770198076243803e-06 2.051530163698144047e-06 6.660600723548776548e-07 -5.707601320614966297e-04 2.149999996803074282e+03
8.600000000000000000e+02 8.650000000000000000e+02 2.051530163698144047e-06 1.065867394318858272e-06 -1.971325538758571498e-07 1.715855264969352737e-04 2.162500005128825251e+03
8.650000000000000000e+02 8.650000000000000000e+02 1.065867394318858272e-06 1.065867394318858272e-06 nan nan 0.000000000000000000e+00
8.650000000000000000e+02 8.700000000000000000e+02 1.065867394318858272e-06 -1.758434032475394878e-06 -5.648602853588506087e-07 4.896700142297247043e-04 2.175000002664668500e+03
8.700000000000000000e+02 8.750000000000000000e+02 -1.758434032475394878e-06 7.143948292701176164e-06 1.780476465035314081e-06 -1.550772958613198761e-03 2.187499995603915067e+03
8.750000000000000000e+02 8.750000000000000000e+02 7.143948292701176164e-06 7.143948292701176164e-06 nan nan 0.000000000000000000e+00
8.750000000000000000e+02 8.800000000000000000e+02 7.143948292701176164e-06 3.076220178678287054e-06 -8.135456228045778856e-07 7.189963682467068488e-04 2.200000017859870695e+03
8.800000000000000000e+02 8.850000000000000000e+02 3.076220178678287054e-06 1.460054840433854641e-05 2.304865645132051957e-06 -2.025205547537527444e-03 2.212500007690550319e+03
8.850000000000000000e+02 8.850000000000000000e+02 1.460054840433854641e-05 1.460054840433853286e-05 -inf inf 0.000000000000000000e+00
8.850000000000000000e+02 8.900000000000000000e+02 1.460054840433853286e-05 -5.198511240397712018e-06 -3.959811928947248637e-06 3.519034105522653427e-03 2.225000036501371142e+03
8.900000000000000000e+02 8.950000000000000000e+02 -5.198511240397712018e-06 2.344708857939367605e-06 1.508644019667415967e-06 -1.347891688744397819e-03 2.237499987003721799e+03
8.950000000000000000e+02 8.950000000000000000e+02 2.344708857939367605e-06 2.344708857939368028e-06 inf -inf 0.000000000000000000e+00
8.950000000000000000e+02 9.000000000000000000e+02 2.344708857939368028e-06 -1.698688481844517651e-05 -3.866318735276909078e-06 3.462699976930772895e-03 2.250000005861772024e+03
9.000000000000000000e+02 9.050000000000000000e+02 -1.698688481844517651e-05 -6.609432105040938033e-07 3.265188321588216923e-06 -2.955656374247840265e-03 2.262499957532787903e+03
9.050000000000000000e+02 9.050000000000000000e+02 -6.609432105040938033e-07 -6.609432105040942268e-07 -inf inf 0.000000000000000000e+00
9.050000000000000000e+02 9.100000000000000000e+02 -6.609432105040942268e-07 1.181347652530087280e-06 3.684581726068363120e-07 -3.341155894196909610e-04 2.274999998347641849e+03
9.100000000000000000e+02 9.150000000000000000e+02 1.181347652530087280e-06 -2.647341762471679323e-06 -7.657378830003533417e-07 6.980028211828516200e-04 2.287500002953369403e+03
9.150000000000000000e+02 9.150000000000000000e+02 -2.647341762471679323e-06 -2.647341762471679323e-06 nan nan 0.000000000000000000e+00
9.150000000000000000e+02 9.200000000000000000e+02 -2.647341762471679323e-06 9.658343828846443078e-06 2.461137118263624395e-06 -2.254587804973687704e-03 2.299999993381645709e+03
9.200000000000000000e+02 9.250000000000000000e+02 9.658343828846443078e-06 9.351599258210474158e-07 -1.744636780605079260e-06 1.614724181985519426e-03 2.312500024145859697e+03
9.250000000000000000e+02 9.250000000000000000e+02 9.351599258210474158e-07 9.351599258210472040e-07 -inf inf 0.000000000000000000e+00
9.250000000000000000e+02 9.300000000000000000e+02 9.351599258210472040e-07 7.152200187030528593e-06 1.243408052241896320e-06 -1.149217288397933042e-03 2.325000002337899787e+03
9.300000000000000000e+02 9.350000000000000000e+02 7.152200187030528593e-06 -3.546114482545845753e-07 -1.501362327057022644e-06 1.403419164350061489e-03 2.337500017880500309e+03
9.350000000000000000e+02 9.350000000000000000e+02 -3.546114482545845753e-07 -3.546114482545845753e-07 nan nan 0.000000000000000000e+00
9.350000000000000000e+02 9.400000000000000000e+02 -3.546114482545845753e-07 2.589636693726878532e-06 5.888496283962926321e-07 -5.509290139987881550e-04 2.349999999113471404e+03
9.400000000000000000e+02 9.450000000000000000e+02 2.589636693726878532e-06 1.976684639860073796e-06 -1.225904107733609526e-07 1.178246228206861673e-04 2.362500006474091606e+03
9.450000000000000000e+02 9.450000000000000000e+02 1.976684639860073796e-06 1.976684639860073796e-06 nan nan 0.000000000000000000e+00
9.450000000000000000e+02 9.500000000000000000e+02 1.976684639860073796e-06 -3.117000256142154099e-07 -4.576769330948577882e-07 4.344813864145006740e-04 2.375000004941711722e+03
