#trapazoidal
# startwidth 		endwidth 		startheight		endheight 		slope 			y-intercept 			area
3.750000000000000000e+02 3.800000000000000000e+02 -1.160100004946204339e-07 7.920460481442350857e-08 3.904292106180878717e-08 -1.475710539867291603e-05 9.499999997099748725e+02
3.800000000000000000e+02 3.850000000000000000e+02 7.920460481442350857e-08 -1.082997431391639045e-07 -3.750086959071748262e-08 1.432953504928706811e-05 9.625000001980115485e+02
3.850000000000000000e+02 3.900000000000000000e+02 -1.082997431391639045e-07 -8.209289128006862726e-07 -1.425258339323044604e-07 5.476414632079805412e-05 9.749999997292507032e+02
3.900000000000000000e+02 3.950000000000000000e+02 -8.209289128006862726e-07 -3.495463262266119820e-07 9.427651731481485546e-08 -3.758877066557847924e-05 9.874999979476776844e+02
3.950000000000000000e+02 4.000000000000000000e+02 -3.495463262266119820e-07 1.309191600770822107e-09 7.017110356547655181e-08 -2.806713223458984918e-05 9.999999991261341847e+02
4.000000000000000000e+02 4.050000000000000000e+02 1.309191600770822107e-09 -8.992263333868885704e-07 -1.801071049975318748e-07 7.204415119061351256e-05 1.012500000003273044e+03
4.050000000000000000e+02 4.100000000000000000e+02 -8.992263333868885704e-07 1.618926717863927344e-06 5.036306102501631406e-07 -2.048696234847029597e-04 1.024999997751934188e+03
4.100000000000000000e+02 4.150000000000000000e+02 1.618926717863927344e-06 1.350130233655937528e-06 -5.375929684159796057e-08 2.366023842291908993e-05 1.037500004047316907e+03
4.150000000000000000e+02 4.200000000000000000e+02 1.350130233655937528e-06 -2.796526197127156146e-07 -3.259565706737306286e-07 1.366221070632541302e-04 1.050000003375325605e+03
4.200000000000000000e+02 4.250000000000000000e+02 -2.796526197127156146e-07 -2.898505595807621710e-06 -5.237705952189812296e-07 2.197039973722594007e-04 1.062499999300868467e+03
4.250000000000000000e+02 4.300000000000000000e+02 -2.898505595807621710e-06 5.767051548303159251e-06 1.733111428822155938e-06 -7.394708628452239738e-04 1.074999992753736024e+03
4.300000000000000000e+02 4.350000000000000000e+02 5.767051548303159251e-06 8.355708521152881179e-06 5.177313945699444279e-07 -2.168574481167729240e-04 1.087500014417628790e+03
4.350000000000000000e+02 4.400000000000000000e+02 8.355708521152881179e-06 1.064946443388471302e-04 1.962778716353884981e-05 -8.529731707618247449e-03 1.100000020889271354e+03
4.400000000000000000e+02 4.450000000000000000e+02 1.064946443388471302e-04 1.195080725322163542e-02 2.368862521776557949e-03 -1.042193014937346618e+00 1.112500266236610969e+03
4.450000000000000000e+02 4.500000000000000000e+02 1.195080725322163542e-02 1.652114773253747781e-01 3.065213401443062785e-02 -1.362824882916840785e+01 1.125029877018132993e+03
4.500000000000000000e+02 4.550000000000000000e+02 1.652114773253747781e-01 1.995733766459676928e-01 6.872379864118582753e-03 -2.927359461527987428e+00 1.137913028693313436e+03
4.550000000000000000e+02 4.600000000000000000e+02 1.995733766459676928e-01 2.061462211899467434e-01 1.314568908795810207e-03 -3.985554768561259120e-01 1.150498933441615009e+03
4.600000000000000000e+02 4.650000000000000000e+02 2.061462211899467434e-01 2.206638147437941233e-01 2.903518710769476159e-03 -1.129472385764012321e+00 1.163015365552974799e+03
4.650000000000000000e+02 4.700000000000000000e+02 2.206638147437941233e-01 2.554451077407430271e-01 6.956258599389780750e-03 -3.013996433972454092e+00 1.175551659536859461e+03
4.700000000000000000e+02 4.750000000000000000e+02 2.554451077407430271e-01 3.131737030021073398e-01 1.154571905227286255e-02 -5.171042846827502260e+00 1.188138612769351766e+03
4.750000000000000000e+02 4.800000000000000000e+02 3.131737030021073398e-01 3.858098899744299981e-01 1.452723739446453236e-02 -6.587264059368544977e+00 1.200782934257505303e+03
4.800000000000000000e+02 4.850000000000000000e+02 3.858098899744299981e-01 4.552135632603371840e-01 1.388073465718143648e-02 -6.276942745472658736e+00 1.213464524724936155e+03
4.850000000000000000e+02 4.900000000000000000e+02 4.552135632603371840e-01 5.368537216068496321e-01 1.632803166930248823e-02 -7.463881796351369502e+00 1.226138033908150874e+03
4.900000000000000000e+02 4.950000000000000000e+02 5.368537216068496321e-01 6.198777012635495742e-01 1.660479593133998982e-02 -7.599496284749745811e+00 1.238842134304017236e+03
4.950000000000000000e+02 5.000000000000000000e+02 6.198777012635495742e-01 7.012889071733134916e-01 1.628224118195278208e-02 -7.439831683803077134e+00 1.251549694253158805e+03
5.000000000000000000e+02 5.050000000000000000e+02 7.012889071733134916e-01 7.603817912741569485e-01 1.181857682016869068e-02 -5.207999502911031975e+00 1.264253222267933324e+03
5.050000000000000000e+02 5.100000000000000000e+02 7.603817912741569485e-01 8.307482589693606645e-01 1.407329353904074321e-02 -6.346631445941418370e+00 1.276900954478185440e+03
5.100000000000000000e+02 5.150000000000000000e+02 8.307482589693606645e-01 9.073110362968974663e-01 1.531255546550736035e-02 -6.978655028439392893e+00 1.289576870647423448e+03
5.150000000000000000e+02 5.200000000000000000e+02 9.073110362968974663e-01 9.566421008547766336e-01 9.866212911575833119e-03 -4.173788613164656880e+00 1.302268277590742173e+03
5.200000000000000000e+02 5.250000000000000000e+02 9.566421008547766336e-01 9.864592494418406021e-01 5.963429717412793360e-03 -2.144341352199876205e+00 1.314891605252136969e+03
5.250000000000000000e+02 5.300000000000000000e+02 9.864592494418406021e-01 1.000000000000000000e+00 2.708150111631879402e-03 -4.353195591648961749e-01 1.327466148123604626e+03
5.300000000000000000e+02 5.350000000000000000e+02 1.000000000000000000e+00 9.907801739799382279e-01 -1.843965204012354463e-03 1.977301558126547842e+00 1.340000000000000000e+03
5.350000000000000000e+02 5.400000000000000000e+02 9.907801739799382279e-01 1.004181797834267309e+00 2.680324770865816046e-03 -4.431935784332734496e-01 1.352476950434949913e+03
5.400000000000000000e+02 5.450000000000000000e+02 1.004181797834267309e+00 9.866924929586452508e-01 -3.497860975124411544e-03 2.893026724401449368e+00 1.365010454494585701e+03
5.450000000000000000e+02 5.500000000000000000e+02 9.866924929586452508e-01 9.571359665749661350e-01 -5.911305276735823004e-03 4.208353868779668439e+00 1.377466731232396796e+03
5.500000000000000000e+02 5.550000000000000000e+02 9.571359665749661350e-01 9.197706137761529899e-01 -7.473070559762628670e-03 5.067324774444411872e+00 1.389892839916437424e+03
5.550000000000000000e+02 5.600000000000000000e+02 9.197706137761529899e-01 8.735523480458826651e-01 -9.243653146054065656e-03 6.049998109836159266e+00 1.402299426534440272e+03
5.600000000000000000e+02 5.650000000000000000e+02 8.735523480458826651e-01 8.187105067777169509e-01 -1.096836825363314318e-02 7.015838570080442871e+00 1.414683880870114763e+03
5.650000000000000000e+02 5.700000000000000000e+02 8.187105067777169509e-01 7.650065869076231317e-01 -1.074078397401876349e-02 6.887253452098319073e+00 1.427046776266944335e+03
5.700000000000000000e+02 5.750000000000000000e+02 7.650065869076231317e-01 7.100530577102455165e-01 -1.099070583947552374e-02 7.029708915408671821e+00 1.439412516467268915e+03
5.750000000000000000e+02 5.800000000000000000e+02 7.100530577102455165e-01 6.408193750568772495e-01 -1.384673653067365270e-02 8.671926562847595221e+00 1.451775132644275800e+03
5.800000000000000000e+02 5.850000000000000000e+02 6.408193750568772495e-01 5.670810386286314619e-01 -1.474766728564915787e-02 9.194466400733388056e+00 1.464102048437641997e+03
5.850000000000000000e+02 5.900000000000000000e+02 5.670810386286314619e-01 4.908285990459505532e-01 -1.525048791653618209e-02 9.488616469802298781e+00 1.476417702596571644e+03
5.900000000000000000e+02 5.950000000000000000e+02 4.908285990459505532e-01 4.105462468424218581e-01 -1.605647044070573903e-02 9.964146159062336139e+00 1.488727071497614816e+03
5.950000000000000000e+02 6.000000000000000000e+02 4.105462468424218581e-01 3.289136955947249974e-01 -1.632651024953937074e-02 1.012481984531834733e+01 1.501026365617105967e+03
6.000000000000000000e+02 6.050000000000000000e+02 3.289136955947249974e-01 2.507153658618953562e-01 -1.563966594656592685e-02 9.712713263534281438e+00 1.513322284238986640e+03
6.050000000000000000e+02 6.100000000000000000e+02 2.507153658618953562e-01 1.961937702828291386e-01 -1.090431911581324353e-02 6.847828430928908361e+00 1.525626788414654584e+03
6.100000000000000000e+02 6.150000000000000000e+02 1.961937702828291386e-01 1.571805820556508027e-01 -7.802637645435667006e-03 4.955802733998586618e+00 1.537990484425706882e+03
6.150000000000000000e+02 6.200000000000000000e+02 1.571805820556508027e-01 1.300755670519625484e-01 -5.421003000737651019e-03 3.491097427509306073e+00 1.550392951455139155e+03
6.200000000000000000e+02 6.250000000000000000e+02 1.300755670519625484e-01 1.158982537317654465e-01 -2.835462664039420204e-03 1.888062418756403016e+00 1.562825188917629930e+03
6.250000000000000000e+02 6.300000000000000000e+02 1.158982537317654465e-01 1.061073341757955563e-01 -1.958183911193977968e-03 1.339763198228001828e+00 1.575289745634329392e+03
6.300000000000000000e+02 6.350000000000000000e+02 1.061073341757955563e-01 9.944809841091088731e-02 -1.331847152976933790e-03 9.451710405512637747e-01 1.587765268335439487e+03
6.350000000000000000e+02 6.400000000000000000e+02 9.944809841091088731e-02 9.535565474019817855e-02 -8.184887341425417084e-04 6.191884445914248580e-01 1.600248620246027258e+03
6.400000000000000000e+02 6.450000000000000000e+02 9.535565474019817855e-02 8.874733070756866959e-02 -1.321664806525901792e-03 9.412211309167753948e-01 1.612738389136850401e+03
6.450000000000000000e+02 6.500000000000000000e+02 8.874733070756866959e-02 8.266772716832573864e-02 -1.215920707848586278e-03 8.730161872699068182e-01 1.625221868326768799e+03
6.500000000000000000e+02 6.550000000000000000e+02 8.266772716832573864e-02 8.252502626255048268e-02 -2.854018115505119326e-05 1.012188449191090134e-01 1.637706669317920841e+03
6.550000000000000000e+02 6.600000000000000000e+02 8.252502626255048268e-02 8.757194054882105894e-02 1.009382857254115208e-03 -5.786207452388949513e-01 1.650206312565656390e+03
6.600000000000000000e+02 6.650000000000000000e+02 8.757194054882105894e-02 9.559939198939199079e-02 1.605490288114186370e-03 -9.720516496065418899e-01 1.662718929851372195e+03
6.650000000000000000e+02 6.700000000000000000e+02 9.559939198939199079e-02 1.066424984170672718e-01 2.208621285535056124e-03 -1.373133762891420195e+00 1.675238998479973361e+03
6.700000000000000000e+02 6.750000000000000000e+02 1.066424984170672718e-01 1.218286828831891266e-01 3.037236893224370786e-03 -1.928306220043261243e+00 1.687766606246042556e+03
6.750000000000000000e+02 6.800000000000000000e+02 1.218286828831891266e-01 1.352967606917293841e-01 2.693615561708051498e-03 -1.696361821269745551e+00 1.700304571707208197e+03
6.800000000000000000e+02 6.850000000000000000e+02 1.352967606917293841e-01 1.481498603484082965e-01 2.570619931335782482e-03 -1.612724792616602620e+00 1.712838241901729361e+03
6.850000000000000000e+02 6.900000000000000000e+02 1.481498603484082965e-01 1.643401746430475374e-01 3.238062858927848002e-03 -2.069923198017167287e+00 1.725370374650871099e+03
6.900000000000000000e+02 6.950000000000000000e+02 1.643401746430475374e-01 1.725432497691846701e-01 1.640615025227426483e-03 -9.676841927638767382e-01 1.737910850436607689e+03
6.950000000000000000e+02 7.000000000000000000e+02 1.725432497691846701e-01 5.306892785020091152e-02 -2.389486438379675309e-02 1.677947399650792804e+01 1.750431358124423014e+03
7.000000000000000000e+02 7.050000000000000000e+02 5.306892785020091152e-02 3.073799317542696020e-03 -9.999025706531643881e-03 7.052386922422351212e+00 1.762632672319625499e+03
7.050000000000000000e+02 7.100000000000000000e+02 3.073799317542696020e-03 2.582776846363034405e-04 -5.631043265812785484e-04 4.000623495573440991e-01 1.775007684498293884e+03
7.100000000000000000e+02 7.150000000000000000e+02 2.582776846363034405e-04 3.640865419812829430e-05 -4.437380608763502653e-05 3.176368000685717008e-02 1.787500645694211698e+03
7.150000000000000000e+02 7.200000000000000000e+02 3.640865419812829430e-05 3.183041077619115958e-06 -6.645122624101835414e-06 4.787671330430940710e-03 1.800000091021635399e+03
7.200000000000000000e+02 7.250000000000000000e+02 3.183041077619115958e-06 1.820011935616027721e-06 -2.726058284006176368e-07 1.994592375260638157e-04 1.812500007957602520e+03
7.250000000000000000e+02 7.300000000000000000e+02 1.820011935616027721e-06 5.189422163511658360e-07 -2.602139438529723770e-07 1.904751212290209980e-04 1.825000004550029644e+03
7.300000000000000000e+02 7.350000000000000000e+02 5.189422163511658360e-07 2.635313675369057703e-07 -5.108216976285201181e-08 3.780892614323313680e-05 1.837500001297355539e+03
7.350000000000000000e+02 7.400000000000000000e+02 2.635313675369057703e-07 3.281431829511989075e-09 -5.204998714147876046e-08 3.852027191652379975e-05 1.850000000658828412e+03
7.400000000000000000e+02 7.450000000000000000e+02 3.281431829511989075e-09 -2.465866658318008717e-06 -4.938296180295041820e-07 3.654371987736626005e-04 1.862500000008203642e+03
7.450000000000000000e+02 7.500000000000000000e+02 -2.465866658318008717e-06 2.195695077897422762e-06 9.323123472430863382e-07 -6.970385653544173372e-04 1.874999993835333271e+03
7.500000000000000000e+02 7.550000000000000000e+02 2.195695077897422762e-06 -2.937159574329841102e-06 -1.026570930445452773e-06 7.721238929119869643e-04 1.887500005489237537e+03
7.550000000000000000e+02 7.600000000000000000e+02 -2.937159574329841102e-06 3.025691511169400778e-07 6.479457450893562572e-07 -4.921361971167938134e-04 1.899999992657101075e+03
7.600000000000000000e+02 7.650000000000000000e+02 3.025691511169400778e-07 3.062131511766206456e-07 7.288000119361135715e-10 -2.513188579545062208e-07 1.912500000756422651e+03
7.650000000000000000e+02 7.700000000000000000e+02 3.062131511766206456e-07 -6.304667207143379504e-07 -1.873359743781917298e-07 1.436182335504932958e-04 1.925000000765532832e+03
7.700000000000000000e+02 7.750000000000000000e+02 -6.304667207143379504e-07 6.080916258045176698e-07 2.477116693037711664e-07 -1.913684520846181420e-04 1.937499998423833176e+03
7.750000000000000000e+02 7.800000000000000000e+02 6.080916258045176698e-07 6.178574675517217112e-07 1.953168349440808203e-09 -9.056138450121087519e-07 1.950000001520229262e+03
7.800000000000000000e+02 7.850000000000000000e+02 6.178574675517217112e-07 2.973634816693868829e-07 -6.409879717646696831e-08 5.061491926519595387e-05 1.962500001544643737e+03
7.850000000000000000e+02 7.900000000000000000e+02 2.973634816693868829e-07 2.944588329014492051e-07 -5.809297535875355682e-10 7.533933382356022510e-07 1.975000000743408691e+03
7.900000000000000000e+02 7.950000000000000000e+02 2.944588329014492051e-07 9.212894823910422231e-07 1.253661298979186142e-07 -9.874478378645425245e-05 1.987500000736147058e+03
7.950000000000000000e+02 8.000000000000000000e+02 9.212894823910422231e-07 -8.721324758286421081e-07 -3.586843916439368662e-07 2.860753808393208552e-04 2.000000002303223710e+03
8.000000000000000000e+02 8.050000000000000000e+02 -8.721324758286421081e-07 8.067334751846361798e-09 1.760399621160976986e-07 -1.417041021687068009e-04 2.012499997819668806e+03
8.050000000000000000e+02 8.100000000000000000e+02 8.067334751846361798e-09 3.237463152168416916e-06 6.458791634833141857e-07 -5.199246592693160642e-04 2.025000000020168272e+03
8.100000000000000000e+02 8.150000000000000000e+02 3.237463152168416916e-06 -1.758806148588427714e-06 -9.992538601513688414e-07 8.126330898747771052e-04 2.037500008093657925e+03
8.150000000000000000e+02 8.200000000000000000e+02 -1.758806148588427714e-06 -8.417386663254603368e-07 1.834134964525934755e-07 -1.512408057574521293e-04 2.049999995602984654e+03
8.200000000000000000e+02 8.250000000000000000e+02 -8.417386663254603368e-07 -5.519791206405161842e-07 5.795190913698882786e-08 -4.836230415865629839e-05 2.062499997895652996e+03
8.250000000000000000e+02 8.300000000000000000e+02 -5.519791206405161842e-07 5.434187262926360288e-07 2.190795693866304373e-07 -1.812926238646106318e-04 2.074999998620051883e+03
8.300000000000000000e+02 8.350000000000000000e+02 5.434187262926360288e-07 -1.290584719756739578e-06 -3.668006892098751107e-07 3.049879907704889791e-04 2.087500001358546797e+03
8.350000000000000000e+02 8.400000000000000000e+02 -1.290584719756739578e-06 -1.437974467972281865e-06 -2.947794964310845622e-08 2.332350323223882205e-05 2.099999996773538442e+03
8.400000000000000000e+02 8.450000000000000000e+02 -1.437974467972281865e-06 -2.180168919421420824e-06 -1.484388902898278024e-07 1.232506933754830747e-04 2.112499996405063939e+03
8.450000000000000000e+02 8.500000000000000000e+02 -2.180168919421420824e-06 -2.998144849738544219e-06 -1.635951860634246788e-07 1.360577633041724205e-04 2.124999994549577423e+03
8.500000000000000000e+02 8.550000000000000000e+02 -2.998144849738544219e-06 -1.349148093997272027e-06 3.297993511482544596e-07 -2.833275933257548397e-04 2.137499992504637703e+03
8.550000000000000000e+02 8.600000000000000000e+02 -1.349148093997272027e-06 1.906732276206439584e-06 6.511760740407423220e-07 -5.581046913988319804e-04 2.149999996627129804e+03
8.600000000000000000e+02 8.650000000000000000e+02 1.906732276206439584e-06 1.015426794945166424e-06 -1.782610962522546320e-07 1.552112750531454228e-04 2.162500004766830443e+03
8.650000000000000000e+02 8.700000000000000000e+02 1.015426794945166424e-06 -1.661318780805867382e-06 -5.353491151502067400e-07 4.640924113998740074e-04 2.175000002538567060e+03
8.700000000000000000e+02 8.750000000000000000e+02 -1.661318780805867382e-06 6.702663645320718385e-06 1.672796485225317280e-06 -1.456994260926831875e-03 2.187499995846702859e+03
8.750000000000000000e+02 8.800000000000000000e+02 6.702663645320718385e-06 2.953938607064438212e-06 -7.497450076512559922e-07 6.627295453401697541e-04 2.200000016756659079e+03
8.800000000000000000e+02 8.850000000000000000e+02 2.953938607064438212e-06 1.397142261604236822e-05 2.203496801795585748e-06 -1.936123246973051049e-03 2.212500007384846413e+03
8.850000000000000000e+02 8.900000000000000000e+02 1.397142261604236822e-05 -5.126461664373834413e-06 -3.819576856083240189e-06 3.394296940249709894e-03 2.225000034928556488e+03
8.900000000000000000e+02 8.950000000000000000e+02 -5.126461664373834413e-06 2.359792670944203436e-06 1.497250867063607527e-06 -1.337679733350984577e-03 2.237499987183845860e+03
8.950000000000000000e+02 9.000000000000000000e+02 2.359792670944203436e-06 -1.762857578115478786e-05 -3.997673690419797921e-06 3.580277745596663168e-03 2.250000005899481948e+03
9.000000000000000000e+02 9.050000000000000000e+02 -1.762857578115478786e-05 -6.937663965387503303e-07 3.386961876923207591e-06 -3.065894265012041389e-03 2.262499955928560667e+03
9.050000000000000000e+02 9.100000000000000000e+02 -6.937663965387503303e-07 1.267308931398526061e-06 3.922150655874552994e-07 -3.556484007531858114e-04 2.274999998265584054e+03
9.100000000000000000e+02 9.150000000000000000e+02 1.267308931398526061e-06 -2.841342479794894943e-06 -8.217302822386842007e-07 7.490418657686011110e-04 2.287500003168272087e+03
9.150000000000000000e+02 9.200000000000000000e+02 -2.841342479794894943e-06 1.067877432153956386e-05 2.704023360266891931e-06 -2.477022717124000972e-03 2.299999992896643562e+03
9.200000000000000000e+02 9.250000000000000000e+02 1.067877432153956386e-05 1.057939180942118006e-06 -1.924167028119489214e-06 1.780912440191469593e-03 2.312500026696935493e+03
9.250000000000000000e+02 9.300000000000000000e+02 1.057939180942118006e-06 8.099497259332981810e-06 1.408311615678172718e-06 -1.301630305321367599e-03 2.325000002644847882e+03
9.300000000000000000e+02 9.350000000000000000e+02 8.099497259332981810e-06 -4.071638006684119840e-07 -1.701332212000278759e-06 1.590338454419592184e-03 2.337500020248743112e+03
9.350000000000000000e+02 9.400000000000000000e+02 -4.071638006684119840e-07 3.029129029592181583e-06 6.872585660521186923e-07 -6.429939230593993303e-04 2.349999998982090347e+03
9.400000000000000000e+02 9.450000000000000000e+02 3.029129029592181583e-06 2.313703463205538409e-06 -1.430851132773286455e-07 1.375291355102811145e-04 2.362500007572822597e+03
9.450000000000000000e+02 9.500000000000000000e+02 2.313703463205538409e-06 -3.757005099467592739e-07 -5.378807946304595047e-07 5.106110543889897388e-04 2.375000005784258519e+03
