#trapazoidal
# startwidth 		endwidth 		startheight		endheight 		slope 			y-intercept 			area
3.750000000000000000e+02 3.800000000000000000e+02 -8.967455117420210331e-07 5.846353680375425700e-07 2.962761759559126783e-07 -1.120003114952092770e-04 9.499999977581362600e+02
3.800000000000000000e+02 3.850000000000000000e+02 5.846353680375425700e-07 -7.754114362662788897e-07 -2.720093608607642708e-07 1.039481924951279662e-04 9.625000014615884538e+02
3.850000000000000000e+02 3.900000000000000000e+02 -7.754114362662788897e-07 -5.841530665874132557e-06 -1.013223845921570670e-06 3.893157692435384376e-04 9.749999980614713877e+02
3.900000000000000000e+02 3.950000000000000000e+02 -5.841530665874132557e-06 -2.509033169571622695e-06 6.664994992605019935e-07 -2.657763353774698933e-04 9.874999853961733152e+02
3.950000000000000000e+02 4.000000000000000000e+02 -2.509033169571622695e-06 9.481746005108044002e-09 5.037029831153461528e-07 -2.014717115001333559e-04 9.999999937274171771e+02
4.000000000000000000e+02 4.050000000000000000e+02 9.481746005108044002e-09 -6.592838132564663979e-06 -1.320463975713954304e-06 5.281950720315868250e-04 1.012500000023704388e+03
4.050000000000000000e+02 4.100000000000000000e+02 -6.592838132564663979e-06 1.167161568578692349e-05 3.652890763670317579e-06 -1.486013597419043276e-03 1.024999983517904639e+03
4.100000000000000000e+02 4.150000000000000000e+02 1.167161568578692349e-05 9.353340435573459218e-06 -4.636550500426928439e-07 2.017701862032909735e-04 1.037500029179039302e+03
4.150000000000000000e+02 4.200000000000000000e+02 9.353340435573459218e-06 -1.875170027986212181e-06 -2.245702092711934491e-06 9.413197089110262672e-04 1.050000023383351163e+03
4.200000000000000000e+02 4.250000000000000000e+02 -1.875170027986212181e-06 -1.974159728086084074e-05 -3.573285450574925839e-06 1.498904719213482728e-03 1.062499995312075043e+03
4.250000000000000000e+02 4.300000000000000000e+02 -1.974159728086084074e-05 4.023989607249159003e-05 1.199629867067048615e-05 -5.118168532315817490e-03 1.074999950646006710e+03
4.300000000000000000e+02 4.350000000000000000e+02 4.023989607249159003e-05 5.609834902777342965e-05 3.171690591056367840e-06 -1.323587058081746645e-03 1.087500100599740108e+03
4.350000000000000000e+02 4.400000000000000000e+02 5.609834902777342965e-05 6.453112131775328927e-04 1.178425728299518899e-04 -5.120542083200129574e-02 1.100000140245872672e+03
4.400000000000000000e+02 4.450000000000000000e+02 6.453112131775328927e-04 6.331283043749341699e-02 1.253350384486317734e-02 -5.514096380526620322e+00 1.112501613278032892e+03
4.450000000000000000e+02 4.500000000000000000e+02 6.331283043749341699e-02 7.812997614986995076e-01 1.435973862122412181e-01 -6.383752403400984576e+01 1.125158282076093656e+03
4.500000000000000000e+02 4.550000000000000000e+02 7.812997614986995076e-01 8.943924326223994248e-01 2.261853422473998274e-02 -9.397040639634292702e+00 1.139453249403746668e+03
4.550000000000000000e+02 4.600000000000000000e+02 8.943924326223994248e-01 9.139136064864940012e-01 3.904234772818915115e-03 -8.820343890102070317e-01 1.152235981081556019e+03
4.600000000000000000e+02 4.650000000000000000e+02 9.139136064864940012e-01 9.349509299218768943e-01 4.207464687076578960e-03 -1.021520149568732272e+00 1.164784784016216236e+03
4.650000000000000000e+02 4.700000000000000000e+02 9.349509299218768943e-01 9.419657907448835132e-01 1.402972164601323833e-03 2.825688733822613319e-01 1.177337377324804720e+03
4.700000000000000000e+02 4.750000000000000000e+02 9.419657907448835132e-01 9.644988959677356366e-01 4.506621044570424325e-03 -1.176146100203215861e+00 1.189854914476862177e+03
4.750000000000000000e+02 4.800000000000000000e+02 9.644988959677356366e-01 9.902400054158687626e-01 5.148221889626625539e-03 -1.480906501604911440e+00 1.202411247239919248e+03
4.800000000000000000e+02 4.850000000000000000e+02 9.902400054158687626e-01 1.000000000000000000e+00 1.951998916826247444e-03 5.328052533926996848e-02 1.214975600013539633e+03
4.850000000000000000e+02 4.900000000000000000e+02 1.000000000000000000e+00 1.014745194445704213e+00 2.949038889140842730e-03 -4.302838612333086399e-01 1.227500000000000000e+03
4.900000000000000000e+02 4.950000000000000000e+02 1.014745194445704213e+00 1.013560486032729857e+00 -2.369416825948711500e-04 1.130846618917191071e+00 1.240036862986114329e+03
4.950000000000000000e+02 5.000000000000000000e+02 1.013560486032729857e+00 1.018109738396384190e+00 9.098504727308665213e-04 5.631845020309509398e-01 1.252533901215081642e+03
5.000000000000000000e+02 5.050000000000000000e+02 1.018109738396384190e+00 1.007044778346181557e+00 -2.212992010040526567e-03 2.124605743416647208e+00 1.265045274345990947e+03
5.050000000000000000e+02 5.100000000000000000e+02 1.007044778346181557e+00 9.955026507518640599e-01 -2.308425518863499275e-03 2.172799665372248779e+00 1.277517611945865610e+03
5.100000000000000000e+02 5.150000000000000000e+02 9.955026507518640599e-01 1.013322052902789094e+00 3.563880430185006713e-03 -8.220763686424894523e-01 1.289988756626879649e+03
5.150000000000000000e+02 5.200000000000000000e+02 1.013322052902789094e+00 1.005297055268409956e+00 -1.604999526875827654e-03 1.839896809243840359e+00 1.302533305132257055e+03
5.200000000000000000e+02 5.250000000000000000e+02 1.005297055268409956e+00 9.901350900367996699e-01 -3.032393046322057282e-03 2.582141439355879697e+00 1.315013242638171050e+03
5.250000000000000000e+02 5.300000000000000000e+02 9.901350900367996699e-01 9.926861168509448774e-01 5.102053628290414544e-04 7.222772745515528836e-01 1.327475337725092004e+03
5.300000000000000000e+02 5.350000000000000000e+02 9.926861168509448774e-01 9.789337812767923142e-01 -2.750467114830512649e-03 2.450433687711116360e+00 1.339981715292127319e+03
5.350000000000000000e+02 5.400000000000000000e+02 9.789337812767923142e-01 9.845892506344212647e-01 1.131093871525790020e-03 3.737985600104946071e-01 1.352447334453191843e+03
5.400000000000000000e+02 5.450000000000000000e+02 9.845892506344212647e-01 9.929054180906758953e-01 1.663233491250926078e-03 8.644316535892115905e-02 1.364961473126586043e+03
5.450000000000000000e+02 5.500000000000000000e+02 9.929054180906758953e-01 9.722503205115000657e-01 -4.131019515835165912e-03 3.244311054220840873e+00 1.377482263545226715e+03
5.500000000000000000e+02 5.550000000000000000e+02 9.722503205115000657e-01 9.472570451031935290e-01 -4.998655081661307342e-03 3.721510615425219104e+00 1.389930625801278893e+03
5.550000000000000000e+02 5.600000000000000000e+02 9.472570451031935290e-01 9.363840267529772721e-01 -2.174603670043251565e-03 2.154162081977197829e+00 1.402368142612758220e+03
5.600000000000000000e+02 5.650000000000000000e+02 9.363840267529772721e-01 9.072368405719322126e-01 -5.829437236209012232e-03 4.200868879030023706e+00 1.414840960066882417e+03
5.650000000000000000e+02 5.700000000000000000e+02 9.072368405719322126e-01 8.880623808770118366e-01 -3.834891938984075384e-03 3.073950786097934706e+00 1.427268092101429829e+03
5.700000000000000000e+02 5.750000000000000000e+02 8.880623808770118366e-01 8.853932587946615751e-01 -5.338244164700522553e-04 1.192342298264941647e+00 1.439720155952192727e+03
5.750000000000000000e+02 5.800000000000000000e+02 8.853932587946615751e-01 8.798965763217337921e-01 -1.099336494585556557e-03 1.517511743181356731e+00 1.452213483146986619e+03
5.800000000000000000e+02 5.850000000000000000e+02 8.798965763217337921e-01 8.534758272202860319e-01 -5.284149820289551699e-03 3.944703472089673646e+00 1.464699741440804246e+03
5.850000000000000000e+02 5.900000000000000000e+02 8.534758272202860319e-01 8.173738979005114036e-01 -7.220385863954926001e-03 5.077401557633917761e+00 1.477133689568050841e+03
5.900000000000000000e+02 5.950000000000000000e+02 8.173738979005114036e-01 8.181176593730178359e-01 1.487522945012864639e-04 7.296100441447523899e-01 1.489543434744751266e+03
5.950000000000000000e+02 6.000000000000000000e+02 8.181176593730178359e-01 8.183723192570159233e-01 5.093197679961747326e-05 7.878131331772454393e-01 1.502045294148432504e+03
6.000000000000000000e+02 6.050000000000000000e+02 8.183723192570159233e-01 7.747050803207513603e-01 -8.733447787252912251e-03 6.058440991608764037e+00 1.514545930798142535e+03
6.050000000000000000e+02 6.100000000000000000e+02 7.747050803207513603e-01 7.534556662188748311e-01 -4.249882820375305847e-03 3.345884186647811287e+00 1.526936762700801864e+03
6.100000000000000000e+02 6.150000000000000000e+02 7.534556662188748311e-01 7.467333152635102778e-01 -1.344470191072910702e-03 1.573582482773350222e+00 1.539383639165547265e+03
6.150000000000000000e+02 6.200000000000000000e+02 7.467333152635102778e-01 7.254231379517125378e-01 -4.262035462359548173e-03 3.367885124614632186e+00 1.551866833288158887e+03
6.200000000000000000e+02 6.250000000000000000e+02 7.254231379517125378e-01 7.154655835066130454e-01 -1.991510889019898652e-03 1.960159889144049705e+00 1.564313557844879142e+03
6.250000000000000000e+02 6.300000000000000000e+02 7.154655835066130454e-01 6.983096219548489136e-01 -3.431192310352826347e-03 2.859960777477129401e+00 1.576788663958766392e+03
6.300000000000000000e+02 6.350000000000000000e+02 6.983096219548489136e-01 6.726736814070110038e-01 -5.127188109567581975e-03 3.928438130982425225e+00 1.589245774054887079e+03
6.350000000000000000e+02 6.400000000000000000e+02 6.726736814070110038e-01 6.688544661305566574e-01 -7.638430552908692661e-04 1.157714021516712988e+00 1.601681684203517534e+03
6.400000000000000000e+02 6.450000000000000000e+02 6.688544661305566574e-01 6.598781668381251686e-01 -1.795259858486297679e-03 1.817820775561787006e+00 1.614172136165326492e+03
6.450000000000000000e+02 6.500000000000000000e+02 6.598781668381251686e-01 6.246278789753464400e-01 -7.050057572555746069e-03 5.207165301136581270e+00 1.626649695417095245e+03
6.500000000000000000e+02 6.550000000000000000e+02 6.246278789753464400e-01 6.049691349036318000e-01 -3.931748814342927827e-03 3.180264608298249751e+00 1.639061569697438472e+03
6.550000000000000000e+02 6.600000000000000000e+02 6.049691349036318000e-01 5.991455719296632232e-01 -1.164712594793715405e-03 1.367855884493515362e+00 1.651512422837259010e+03
6.600000000000000000e+02 6.650000000000000000e+02 5.991455719296632232e-01 5.819323317866690326e-01 -3.442648028598838117e-03 2.871293270804896380e+00 1.663997863929824007e+03
6.650000000000000000e+02 6.700000000000000000e+02 5.819323317866690326e-01 5.599363334493807631e-01 -4.399199667457653722e-03 3.507400110646008429e+00 1.676454830829466573e+03
6.700000000000000000e+02 6.750000000000000000e+02 5.599363334493807631e-01 5.410219198056184231e-01 -3.782882728752468091e-03 3.094467761713534326e+00 1.688899840833623557e+03
6.750000000000000000e+02 6.800000000000000000e+02 5.410219198056184231e-01 5.316752021105322079e-01 -1.869343539017243039e-03 1.802828808642257474e+00 1.701352554799514110e+03
6.800000000000000000e+02 6.850000000000000000e+02 5.316752021105322079e-01 5.262346018116245139e-01 -1.088120059781538806e-03 1.271596842761978596e+00 1.713829188005276137e+03
6.850000000000000000e+02 6.900000000000000000e+02 5.262346018116245139e-01 5.092690983560818063e-01 -3.393100691108541511e-03 2.850508575220975338e+00 1.726315586504529165e+03
6.900000000000000000e+02 6.950000000000000000e+02 5.092690983560818063e-01 4.689415871271603309e-01 -8.065502245784294394e-03 6.074465647947245195e+00 1.738773172745890179e+03
6.950000000000000000e+02 7.000000000000000000e+02 4.689415871271603309e-01 1.309929874219277202e-01 -6.758971994104652492e-02 4.744379694615449239e+01 1.751172353967817799e+03
7.000000000000000000e+02 7.050000000000000000e+02 1.309929874219277202e-01 7.253024009516543212e-03 -2.474799268248223730e-02 1.745458786515949257e+01 1.762827482468554763e+03
7.050000000000000000e+02 7.100000000000000000e+02 7.253024009516543212e-03 5.828276786401827411e-04 -1.334039266175272116e-03 9.477507066630833643e-01 1.775018132560023787e+03
7.100000000000000000e+02 7.150000000000000000e+02 5.828276786401827411e-04 7.888579117007552682e-05 -1.007883774940214456e-04 7.214257569939540315e-02 1.787501457069196476e+03
7.150000000000000000e+02 7.200000000000000000e+02 7.888579117007552682e-05 6.871299851789992222e-06 -1.440289826365710777e-05 1.037695804968490759e-02 1.800000197214477794e+03
7.200000000000000000e+02 7.250000000000000000e+02 6.871299851789992222e-06 4.041590959115773634e-06 -5.659417785348436964e-07 4.143493803968774630e-04 1.812500017178249664e+03
7.250000000000000000e+02 7.300000000000000000e+02 4.041590959115773634e-06 1.154421771783691614e-06 -5.774338374664163617e-07 4.226811231222676445e-04 1.825000010103977274e+03
7.300000000000000000e+02 7.350000000000000000e+02 1.154421771783691614e-06 5.669000298185500086e-07 -1.175043483930283263e-07 8.693259609869435878e-05 1.837500002886054290e+03
7.350000000000000000e+02 7.400000000000000000e+02 5.669000298185500086e-07 6.622524241418530239e-09 -1.120555011154263021e-07 8.292769334965689103e-05 1.850000001417249905e+03
7.400000000000000000e+02 7.450000000000000000e+02 6.622524241418530239e-09 -4.652475331347985181e-06 -9.318195711178808019e-07 6.895531051514732250e-04 1.862500000016556214e+03
7.450000000000000000e+02 7.500000000000000000e+02 -4.652475331347985181e-06 3.794145075613801524e-06 1.689324081392357383e-06 -1.263198915968654322e-03 1.874999988368811501e+03
7.500000000000000000e+02 7.550000000000000000e+02 3.794145075613801524e-06 -4.691008696301105658e-06 -1.697030754382981479e-06 1.276567210862849903e-03 1.887500009485362625e+03
7.550000000000000000e+02 7.600000000000000000e+02 -4.691008696301105658e-06 4.551294683507404638e-07 1.029227632930369235e-06 -7.817578715587298124e-04 1.899999988272478276e+03
7.600000000000000000e+02 7.650000000000000000e+02 4.551294683507404638e-07 4.437597243090578669e-07 -2.273948808336519381e-09 2.183330562686495247e-06 1.912500001137823574e+03
7.650000000000000000e+02 7.700000000000000000e+02 4.437597243090578669e-07 -9.030850786001571031e-07 -2.693689605818429940e-07 2.065110145694189561e-04 1.925000001109399363e+03
7.700000000000000000e+02 7.750000000000000000e+02 -9.030850786001571031e-07 8.495533270526529235e-07 3.505276811305619842e-07 -2.708093995491328760e-04 1.937499997742287405e+03
7.750000000000000000e+02 7.800000000000000000e+02 8.495533270526529235e-07 8.432822481927229910e-07 -1.254215771985986425e-09 1.821570550341792361e-06 1.950000002123883405e+03
7.800000000000000000e+02 7.850000000000000000e+02 8.432822481927229910e-07 3.919385461485842638e-07 -9.026874040882774014e-08 7.125289976707836390e-05 1.962500002108205535e+03
7.850000000000000000e+02 7.900000000000000000e+02 3.919385461485842638e-07 3.673412967270608371e-07 -4.919449884304685015e-09 4.253706705327761625e-06 1.975000000979846391e+03
7.900000000000000000e+02 7.950000000000000000e+02 3.673412967270608371e-07 1.093944078622607581e-06 1.453205563791093541e-07 -1.144358982427693338e-04 1.987500000918353180e+03
7.950000000000000000e+02 8.000000000000000000e+02 1.093944078622607581e-06 -9.958668349516635786e-07 -4.179621827148542954e-07 3.333738793369318094e-04 2.000000002734860118e+03
8.000000000000000000e+02 8.050000000000000000e+02 -9.958668349516635786e-07 8.970555743658849532e-09 2.009674781390644820e-07 -1.617698493462032617e-04 2.012499997510333060e+03
8.050000000000000000e+02 8.100000000000000000e+02 8.970555743658849532e-09 3.539252306966557063e-06 7.060563502445796570e-07 -5.683663913911429647e-04 2.025000000022426320e+03
8.100000000000000000e+02 8.150000000000000000e+02 3.539252306966557063e-06 -1.860758117377895113e-06 -1.080002084868890393e-06 8.783409410507677165e-04 2.037500008848130847e+03
8.150000000000000000e+02 8.200000000000000000e+02 -1.860758117377895113e-06 -8.373620043084773743e-07 2.046792226138835424e-07 -1.686743245476929787e-04 2.049999995348104676e+03
8.200000000000000000e+02 8.250000000000000000e+02 -8.373620043084773743e-07 -5.248137733780920296e-07 6.250964618607706628e-08 -5.209527187689167496e-05 2.062499997906595127e+03
8.250000000000000000e+02 8.300000000000000000e+02 -5.248137733780920296e-07 5.118699593095648140e-07 2.073367465375314005e-07 -1.715776296668414952e-04 2.074999998687965672e+03
8.300000000000000000e+02 8.350000000000000000e+02 5.118699593095648140e-07 -1.252745010784612014e-06 -3.529229940188353868e-07 2.934379549949429509e-04 2.087500001279674962e+03
8.350000000000000000e+02 8.400000000000000000e+02 -1.252745010784612014e-06 -1.399101502598657288e-06 -2.927129836280905342e-08 2.318878912216094552e-05 2.099999996868137259e+03
8.400000000000000000e+02 8.450000000000000000e+02 -1.399101502598657288e-06 -2.088411745056652027e-06 -1.378620484915989530e-07 1.144050192303444624e-04 2.112499996502246177e+03
8.450000000000000000e+02 8.500000000000000000e+02 -2.088411745056652027e-06 -2.838275594543570033e-06 -1.499727698973836013e-07 1.246385788182324881e-04 2.124999994778970631e+03
8.500000000000000000e+02 8.550000000000000000e+02 -2.838275594543570033e-06 -1.228016830390775470e-06 3.220517528305589021e-07 -2.765822655005186403e-04 2.137499992904311057e+03
8.550000000000000000e+02 8.600000000000000000e+02 -1.228016830390775470e-06 1.718097782861697748e-06 5.892229226504946647e-07 -5.050136156965637311e-04 2.149999996929957888e+03
8.600000000000000000e+02 8.650000000000000000e+02 1.718097782861697748e-06 9.212746151788284568e-07 -1.593646335365738688e-07 1.387716826243152177e-04 2.162500004295244253e+03
8.650000000000000000e+02 8.700000000000000000e+02 9.212746151788284568e-07 -1.532187044200902803e-06 -4.906923318759462519e-07 4.253701416878723197e-04 2.175000002303186648e+03
8.700000000000000000e+02 8.750000000000000000e+02 -1.532187044200902803e-06 6.237843117726818896e-06 1.554006032385544128e-06 -1.353517435219624273e-03 2.187499996169532096e+03
8.750000000000000000e+02 8.800000000000000000e+02 6.237843117726818896e-06 2.721742499497616852e-06 -7.032201236458404300e-07 6.215554513078372194e-04 2.200000015594607703e+03
8.800000000000000000e+02 8.850000000000000000e+02 2.721742499497616852e-06 1.285723589255878814e-05 2.027098678612234258e-06 -1.781125094679268488e-03 2.212500006804356417e+03
8.850000000000000000e+02 8.900000000000000000e+02 1.285723589255878814e-05 -4.528354176277518832e-06 -3.477118013767261226e-06 3.090106678076584915e-03 2.225000032143089811e+03
8.900000000000000000e+02 8.950000000000000000e+02 -4.528354176277518832e-06 2.033613453787974729e-06 1.312393526013098882e-06 -1.172558592327935592e-03 2.237499988679114267e+03
8.950000000000000000e+02 9.000000000000000000e+02 2.033613453787974729e-06 -1.509242490740349129e-05 -3.425207672238293373e-06 3.067594480107060321e-03 2.250000005084033546e+03
9.000000000000000000e+02 9.050000000000000000e+02 -1.509242490740349129e-05 -6.049187977778873416e-07 2.897501221925120790e-06 -2.622843524640012126e-03 2.262499962268937907e+03
9.050000000000000000e+02 9.100000000000000000e+02 -6.049187977778873416e-07 1.141187890707150842e-06 3.492213376970076155e-07 -3.166502294135698187e-04 2.274999998487703124e+03
9.100000000000000000e+02 9.150000000000000000e+02 1.141187890707150842e-06 -2.593873330443617712e-06 -7.470122442301536260e-07 6.809223301401469202e-04 2.287500002852969828e+03
9.150000000000000000e+02 9.200000000000000000e+02 -2.593873330443617712e-06 9.655728434574546005e-06 2.449920353003632574e-06 -2.244270996328767351e-03 2.299999993515316874e+03
9.200000000000000000e+02 9.250000000000000000e+02 9.655728434574546005e-06 9.565282029716832609e-07 -1.739840046320572591e-06 1.610308571049501270e-03 2.312500024139321340e+03
9.250000000000000000e+02 9.300000000000000000e+02 9.565282029716832609e-07 7.261878364632181937e-06 1.261070032332099820e-06 -1.165533251704220464e-03 2.325000002391320322e+03
9.300000000000000000e+02 9.350000000000000000e+02 7.261878364632181937e-06 -3.644685760835739913e-07 -1.525269388143151270e-06 1.425762409337762810e-03 2.337500018154696136e+03
9.350000000000000000e+02 9.400000000000000000e+02 -3.644685760835739913e-07 2.711565376673166924e-06 6.152067905513482677e-07 -5.755828177415942123e-04 2.349999999088828645e+03
9.400000000000000000e+02 9.450000000000000000e+02 2.711565376673166924e-06 2.098886421706162167e-06 -1.225357909934009408e-07 1.178952089104700409e-04 2.362500006778913303e+03
9.450000000000000000e+02 9.500000000000000000e+02 2.098886421706162167e-06 -3.334856129063956843e-07 -4.864744069225115596e-07 4.618172009634796357e-04 2.375000005247215995e+03
