#Observation-possible ephemerides over DATES
#Observation possible? (0=n,1=y)	Spacecraft RA (deg);		Spacecraft DEC (deg);	Spacecraft Elevation (?);	In Eclipse? (no=0,yes=1);	Moon RA (deg);	Moon Dec (deg);	Lunar Phase (per/full)
1.000000	43228.138620	257.195333	34.820028	707062.125000	1.000000	338.803625	-11.345611	46.493667	17.452722	1.891183
1.000000	43241.274036	245.315292	-66.160556	727270.812500	1.000000	162.082375	10.436111	59.506042	20.481278	1.581511
1.000000	43241.617786	243.645667	-68.129361	727855.500000	1.000000	166.620792	8.956000	59.851708	20.547667	1.507872
1.000000	43241.753203	251.162500	-58.617861	724773.250000	1.000000	168.389958	8.360056	59.987958	20.573611	1.478862
1.000000	43241.961536	241.602958	-70.069278	728394.500000	1.000000	171.092500	7.431139	60.197667	20.613333	1.434233
1.000000	43242.096953	250.316292	-60.649500	725505.750000	1.000000	172.837250	6.820472	60.334000	20.639028	1.405223
1.000000	43242.232370	255.079042	-50.929833	721825.312500	1.000000	174.573083	6.205083	60.470417	20.664583	1.376214
1.000000	43242.305286	239.075042	-71.971028	728885.375000	1.000000	175.504250	5.872000	60.543833	20.678306	1.360594
1.000000	43242.367786	258.222125	-41.087917	717728.187500	1.000000	176.300542	5.585611	60.606833	20.690056	1.347205
1.000000	43242.440703	249.311083	-62.669250	726203.500000	1.000000	177.227333	5.250583	60.680292	20.703722	1.331584
1.000000	43242.503203	260.573125	-31.184667	713624.937500	1.000000	178.019958	4.962667	60.743292	20.715417	1.318195
1.000000	43242.576120	254.620292	-52.990806	722659.437500	1.000000	178.942667	4.625972	60.816750	20.729000	1.302575
1.000000	43242.638620	262.500375	-21.246750	709914.625000	1.000000	179.731875	4.336806	60.879792	20.740639	1.289186
1.000000	43242.649036	235.905958	-73.821111	729325.812500	1.000000	179.863250	4.288556	60.890292	20.742583	1.286955
1.000000	43242.711536	258.010208	-43.167722	718614.812500	1.000000	180.650708	3.998806	60.953292	20.754194	1.273566
1.000000	43242.774036	264.199250	-11.288306	706939.437500	1.000000	181.436708	3.708611	61.016292	20.765778	1.260177
1.000000	43242.784453	248.109833	-64.674278	726863.312500	1.000000	181.567542	3.660222	61.026792	20.767722	1.257945
1.000000	43242.846953	260.488417	-33.274583	714476.687500	1.000000	182.351917	3.369611	61.089833	20.779278	1.244556
1.000000	43242.909453	265.792625	-1.318278	704946.375000	1.000000	183.134917	3.078694	61.152875	20.790806	1.231167
1.000000	43242.919870	254.081750	-55.045861	723472.000000	1.000000	183.265292	3.030194	61.163375	20.792722	1.228936
1.000000	43242.982370	262.485000	-23.342611	710650.562500	1.000000	184.046750	2.739000	61.226417	20.804222	1.215547
1.000000	43242.992786	231.877833	-75.599528	729713.812500	1.000000	184.176875	2.690444	61.236958	20.806139	1.213316
1.000000	43243.044870	267.374833	8.656278	704060.687500	1.000000	184.826958	2.447611	61.289500	20.815722	1.202158
1.000000	43243.055286	257.759500	-45.244667	719498.312500	1.000000	184.956875	2.399028	61.300000	20.817639	1.199927
1.000000	43243.117786	264.220208	-13.387694	707494.000000	1.000000	185.735667	2.107472	61.363042	20.829083	1.186538
1.000000	43243.128203	246.663875	-66.660750	727482.187500	1.000000	185.865375	2.058889	61.373583	20.831000	1.184306
1.000000	43243.180286	269.037208	18.628389	704274.062500	1.000000	186.513292	1.815861	61.426125	20.840528	1.173149
1.000000	43243.190703	260.383000	-35.362944	715343.625000	1.000000	186.642792	1.767250	61.436625	20.842417	1.170917
1.000000	43243.253203	265.827458	-3.419556	705276.875000	1.000000	187.419125	1.475639	61.499708	20.853833	1.157528
1.000000	43243.263620	253.448458	-57.093917	724259.312500	1.000000	187.548417	1.427028	61.510250	20.855722	1.155297
1.000000	43243.315703	270.892625	28.589472	705448.937500	1.000000	188.194417	1.184056	61.562792	20.865222	1.144139
1.000000	43243.326120	262.458292	-25.437583	711417.687500	1.000000	188.323542	1.135472	61.573333	20.867111	1.141908
1.000000	43243.336536	226.688792	-77.276222	730047.562500	1.000000	188.452625	1.086889	61.583833	20.869000	1.139677
1.000000	43243.388620	267.404625	6.554556	704151.625000	1.000000	189.097625	0.844000	61.636417	20.878472	1.128519
1.000000	43243.399036	257.464125	-47.318278	720374.687500	1.000000	189.226542	0.795444	61.646958	20.880361	1.126288
1.000000	43243.461536	264.235583	-15.486639	708092.000000	1.000000	189.999500	0.504167	61.710042	20.891694	1.112899
1.000000	43243.471953	244.908000	-68.623472	728057.187500	1.000000	190.128250	0.455639	61.720583	20.893583	1.110667
1.000000	43243.524036	269.041875	16.527778	704138.437500	1.000000	190.771542	0.213111	61.773167	20.903000	1.099510
1.000000	43243.534453	260.253958	-37.449556	716221.937500	1.000000	190.900125	0.164611	61.783667	20.904889	1.097278
1.000000	43243.596953	265.860958	-5.520667	705657.625000	1.000000	191.671167	-0.126111	61.846792	20.916167	1.083889
1.000000	43243.607370	252.701750	-59.133556	725017.687500	1.000000	191.799583	-0.174528	61.857333	20.918028	1.081658
1.000000	43243.659453	270.845083	26.492028	705125.750000	1.000000	192.441375	-0.416528	61.909917	20.927417	1.070500
1.000000	43243.669870	262.418708	-27.531556	712213.000000	1.000000	192.569667	-0.464889	61.920458	20.929278	1.068269
1.000000	43243.680286	219.939250	-78.805333	730325.500000	1.000000	192.697958	-0.513250	61.931000	20.931167	1.066038
1.000000	43243.732370	267.437042	4.452667	704293.750000	1.000000	193.339000	-0.754833	61.983583	20.940500	1.054880
1.000000	43243.742786	257.117000	-49.388083	721240.000000	1.000000	193.467125	-0.803139	61.994125	20.942389	1.052649
1.000000	43243.805286	264.244333	-17.585028	708731.187500	1.000000	194.235583	-1.092556	62.057292	20.953583	1.039260
1.000000	43243.815703	242.753792	-70.555278	728585.625000	1.000000	194.363583	-1.140750	62.067792	20.955444	1.037028
1.000000	43243.867786	269.053708	14.426639	704048.812500	1.000000	195.003375	-1.381500	62.120417	20.964750	1.025871
1.000000	43243.878203	260.098167	-39.534111	717107.812500	1.000000	195.131250	-1.429611	62.130958	20.966611	1.023639
1.000000	43243.940703	265.892292	-7.621611	706087.687500	1.000000	195.898292	-1.717917	62.194125	20.977778	1.010250
1.000000	43243.951120	251.817917	-61.162972	725743.750000	1.000000	196.026083	-1.765917	62.204667	20.979611	1.008019
1.000000	43244.003203	270.811375	24.393528	704838.375000	1.000000	196.664750	-2.005611	62.257292	20.988889	0.996861
1.000000	43244.013620	262.364375	-29.624417	713033.187500	1.000000	196.792458	-2.053500	62.267833	20.990750	0.994630
1.000000	43244.024036	211.165625	-80.118083	730546.437500	1.000000	196.920125	-2.101361	62.278375	20.992583	0.992399
1.000000	43244.076120	267.471208	2.350694	704487.312500	1.000000	197.558292	-2.340417	62.331000	21.001833	0.981241
1.000000	43244.086536	256.709625	-51.453444	722090.312500	1.000000	197.685875	-2.388167	62.341542	21.003694	0.979010
1.000000	43244.138620	272.850583	34.342722	706458.125000	1.000000	198.323583	-2.626639	62.394208	21.012917	0.967852
1.000000	43244.149036	264.245333	-19.682806	709409.250000	1.000000	198.451083	-2.674278	62.404750	21.014750	0.965621
1.000000	43244.159453	240.079333	-72.445917	729065.125000	1.000000	198.578583	-2.721889	62.415250	21.016611	0.963389
1.000000	43244.211536	269.071667	12.325056	704006.875000	1.000000	199.215875	-2.959611	62.467917	21.025806	0.952232
1.000000	43244.221953	259.911750	-41.616417	717997.312500	1.000000	199.343292	-3.007083	62.478458	21.027639	0.950000
1.000000	43244.284453	265.920583	-9.722250	706565.812500	1.000000	200.107625	-3.291444	62.541667	21.038667	0.936611
1.000000	43244.294870	250.766458	-63.179833	726434.000000	1.000000	200.234958	-3.338750	62.552208	21.040500	0.934380
1.000000	43244.346953	270.789875	22.294167	704589.437500	1.000000	200.871583	-3.574944	62.604917	21.049667	0.923222
1.000000	43244.357370	262.293417	-31.715972	713874.687500	1.000000	200.998875	-3.622111	62.615417	21.051500	0.920991
1.000000	43244.367786	200.017667	-81.117972	730709.250000	1.000000	201.126125	-3.669250	62.625958	21.053306	0.918760
1.000000	43244.419870	267.506250	0.248694	704732.375000	1.000000	201.762417	-3.904528	62.678667	21.062444	0.907602
1.000000	43244.430286	256.231625	-53.513556	722921.750000	1.000000	201.889667	-3.951500	62.689208	21.064278	0.905371
1.000000	43244.482370	272.754500	32.248194	706054.062500	1.000000	202.525708	-4.186000	62.741875	21.073389	0.894213
1.000000	43244.492786	264.237417	-21.779861	710123.625000	1.000000	202.652875	-4.232806	62.752417	21.075222	0.891982
1.000000	43244.503203	236.714750	-74.280528	729493.437500	1.000000	202.780083	-4.279583	62.762958	21.077028	0.889750
1.000000	43244.555286	269.094708	10.223139	704013.812500	1.000000	203.415875	-4.513056	62.815667	21.086139	0.878593
1.000000	43244.565703	259.690333	-43.696111	718886.437500	1.000000	203.543042	-4.559667	62.826208	21.087944	0.876361
1.000000	43244.628203	265.944958	-11.822556	707090.562500	1.000000	204.305792	-4.838667	62.889458	21.098833	0.862972
1.000000	43244.638620	249.507792	-65.181083	727085.375000	1.000000	204.432917	-4.885056	62.900000	21.100639	0.860741
1.000000	43244.690703	270.779000	20.194000	704381.187500	1.000000	205.068417	-5.116528	62.952750	21.109694	0.849583
1.000000	43244.701120	262.203583	-33.806111	714734.000000	1.000000	205.195500	-5.162722	62.963292	21.111500	0.847352
1.000000	43244.763620	267.541458	-1.853250	705028.750000	1.000000	205.957958	-5.439222	63.026542	21.122361	0.833963
1.000000	43244.774036	255.670250	-55.567528	723730.500000	1.000000	206.085042	-5.485194	63.037083	21.124139	0.831732
1.000000	43244.826120	272.678042	30.152194	705678.125000	1.000000	206.720375	-5.714500	63.089833	21.133167	0.820574
1.000000	43244.836536	264.219208	-23.876111	710871.375000	1.000000	206.847417	-5.760250	63.100375	21.134972	0.818343
1.000000	43244.846953	232.422792	-76.036944	729868.562500	1.000000	206.974500	-5.805972	63.110917	21.136750	0.816111
1.000000	43244.899036	269.121917	8.120944	704070.750000	1.000000	207.609750	-6.034028	63.163667	21.145750	0.804954
1.000000	43244.909453	259.428708	-45.772833	719771.312500	1.000000	207.736833	-6.079528	63.174208	21.147528	0.802722
1.000000	43244.971953	265.964500	-13.922444	707660.125000	1.000000	208.499125	-6.351750	63.237500	21.158306	0.789333
1.000000	43244.982370	247.989458	-67.162639	727694.812500	1.000000	208.626208	-6.397000	63.248042	21.160083	0.787102
1.000000	43245.034453	270.777417	18.093167	704215.875000	1.000000	209.261500	-6.622611	63.300792	21.169028	0.775944
1.000000	43245.044870	262.092292	-35.894639	715607.375000	1.000000	209.388583	-6.667611	63.311333	21.170806	0.773713
1.000000	43245.107370	267.575917	-3.955139	705375.937500	1.000000	210.151000	-6.936806	63.374667	21.181528	0.760324
1.000000	43245.117786	255.009792	-57.614139	724512.875000	1.000000	210.278083	-6.981528	63.385208	21.183306	0.758093
1.000000	43245.169870	272.618833	28.054944	705333.312500	1.000000	210.913542	-7.204528	63.437958	21.192194	0.746935
1.000000	43245.180286	264.189250	-25.971417	711649.500000	1.000000	211.040667	-7.249000	63.448542	21.193972	0.744704
1.000000	43245.190703	226.876875	-77.681667	730188.812500	1.000000	211.167750	-7.293417	63.459083	21.195750	0.742472
1.000000	43245.242786	269.152417	6.018556	704178.500000	1.000000	211.803375	-7.514917	63.511875	21.204639	0.731315
1.000000	43245.253203	259.120667	-47.846111	720647.812500	1.000000	211.930500	-7.559111	63.522417	21.206417	0.729083
1.000000	43245.315703	265.978208	-16.021861	708272.562500	1.000000	212.693375	-7.823194	63.585750	21.217028	0.715694
1.000000	43245.326120	246.141083	-69.118806	728259.437500	1.000000	212.820542	-7.867056	63.596292	21.218806	0.713463
1.000000	43245.378203	270.783917	15.991778	704095.375000	1.000000	213.456500	-8.085694	63.649083	21.227639	0.702305
1.000000	43245.388620	261.956667	-37.981333	716491.062500	1.000000	213.583667	-8.129278	63.659667	21.229417	0.700074
1.000000	43245.451120	267.608833	-6.056833	705773.187500	1.000000	214.347042	-8.389806	63.723000	21.239972	0.686685
1.000000	43245.461536	254.230292	-59.651917	725265.250000	1.000000	214.474292	-8.433083	63.733542	21.241750	0.684454
1.000000	43245.513620	272.574875	25.956556	705022.312500	1.000000	215.110708	-8.648639	63.786375	21.250528	0.673296
1.000000	43245.524036	264.145958	-28.065722	712454.875000	1.000000	215.238000	-8.691611	63.796917	21.252278	0.671065
1.000000	43245.534453	219.654083	-79.163694	730452.687500	1.000000	215.365292	-8.734528	63.807500	21.254028	0.668833
1.000000	43245.586536	269.185250	3.916028	704337.437500	1.000000	216.001958	-8.948389	63.860292	21.262806	0.657676
1.000000	43245.596953	258.758875	-49.915417	721512.125000	1.000000	216.129333	-8.991000	63.870875	21.264556	0.655444
1.000000	43245.649036	274.676042	35.901472	706738.750000	1.000000	216.766250	-9.203361	63.923667	21.273306	0.644287
1.000000	43245.659453	265.985000	-18.120722	708925.562500	1.000000	216.893667	-9.245667	63.934250	21.275056	0.642055
1.000000	43245.669870	243.866750	-71.041778	728776.625000	1.000000	217.021125	-9.287944	63.944792	21.276806	0.639824
1.000000	43245.721953	270.797333	13.889889	704021.437500	1.000000	217.658375	-9.498472	63.997625	21.285528	0.628666
1.000000	43245.732370	261.793250	-40.065944	717381.125000	1.000000	217.785875	-9.540444	64.008167	21.287250	0.626435
1.000000	43245.794870	267.639375	-8.158306	706219.437500	1.000000	218.551042	-9.791028	64.071583	21.297694	0.613046
1.000000	43245.805286	253.306583	-61.678917	725984.125000	1.000000	218.678583	-9.832611	64.082125	21.299444	0.610815
1.000000	43245.857370	272.544333	23.857167	704748.000000	1.000000	219.316583	-10.039694	64.135000	21.308111	0.599657
1.000000	43245.867786	264.087500	-30.158861	713284.125000	1.000000	219.444208	-10.080944	64.145542	21.309861	0.597426
1.000000	43245.878203	210.293917	-80.407250	730659.000000	1.000000	219.571833	-10.122139	64.156125	21.311583	0.595194
1.000000	43245.930286	269.219625	1.813417	704548.000000	1.000000	220.210250	-10.327278	64.208958	21.320250	0.584037
1.000000	43245.940703	258.334292	-51.980083	722360.250000	1.000000	220.337958	-10.368139	64.219542	21.321972	0.581805
1.000000	43245.992786	274.563542	33.807500	706318.937500	1.000000	220.976750	-10.571583	64.272375	21.330611	0.570648
1.000000	43246.003203	265.983750	-20.218917	709616.750000	1.000000	221.104542	-10.612083	64.282958	21.332333	0.568416
1.000000	43246.013620	241.033833	-72.920278	729244.125000	1.000000	221.232375	-10.652556	64.293500	21.334056	0.566185
1.000000	43246.065703	270.816583	11.787583	703995.562500	1.000000	221.871583	-10.853972	64.346375	21.342667	0.555027
1.000000	43246.076120	261.598208	-42.148194	718273.687500	1.000000	221.999500	-10.894083	64.356958	21.344389	0.552796
1.000000	43246.138620	267.666708	-10.259500	706713.437500	1.000000	222.767125	-11.133500	64.420375	21.354694	0.539407
1.000000	43246.149036	252.206042	-63.692694	726666.250000	1.000000	222.895125	-11.173194	64.430958	21.356417	0.537176
1.000000	43246.201120	272.525583	21.756944	704512.687500	1.000000	223.535292	-11.370750	64.483833	21.365000	0.526018
1.000000	43246.211536	264.011833	-32.250667	714133.750000	1.000000	223.663333	-11.410056	64.494417	21.366694	0.523787
1.000000	43246.221953	198.532375	-81.309333	730806.812500	1.000000	223.791458	-11.449333	64.504958	21.368417	0.521555
1.000000	43246.274036	269.254708	-0.289222	704810.000000	1.000000	224.432125	-11.644722	64.557833	21.376972	0.510398
1.000000	43246.284453	257.836125	-54.039278	723188.375000	1.000000	224.560333	-11.683639	64.568417	21.378667	0.508166
1.000000	43246.336536	274.472583	31.711917	705925.000000	1.000000	225.201458	-11.877139	64.621292	21.387194	0.497009
1.000000	43246.346953	265.973208	-22.316389	710343.437500	1.000000	225.329750	-11.915667	64.631875	21.388889	0.494777
1.000000	43246.357370	237.457125	-74.737861	729659.625000	1.000000	225.458042	-11.954111	64.642458	21.390611	0.492546
1.000000	43246.409453	270.840708	9.684944	704019.000000	1.000000	226.099750	-12.145417	64.695375	21.399111	0.481388
1.000000	43246.419870	261.366875	-44.227722	719164.750000	1.000000	226.228125	-12.183472	64.705917	21.400806	0.479157
1.000000	43246.482370	267.689833	-12.360306	707253.500000	1.000000	226.998833	-12.410500	64.769417	21.410972	0.465768
1.000000	43246.492786	250.886125	-65.689889	727308.437500	1.000000	227.127333	-12.448111	64.780000	21.412667	0.463537
1.000000	43246.544870	272.517083	19.655972	704318.812500	1.000000	227.770125	-12.635139	64.832917	21.421139	0.452379
1.000000	43246.555286	263.916625	-34.341000	715000.062500	1.000000	227.898750	-12.672333	64.843458	21.422833	0.450148
1.000000	43246.617786	269.289708	-2.391778	705123.250000	1.000000	228.670792	-12.894167	64.906958	21.432944	0.436759
1.000000	43246.628203	257.250792	-56.092056	723992.562500	1.000000	228.799500	-12.930889	64.917542	21.434639	0.434527
1.000000	43246.680286	274.400625	29.614917	705560.062500	1.000000	229.443458	-13.113528	64.970458	21.443056	0.423370
1.000000	43246.690703	265.952042	-24.413000	711102.687500	1.000000	229.572292	-13.149833	64.981042	21.444722	0.421138
1.000000	43246.701120	232.878208	-76.469944	730021.250000	1.000000	229.701125	-13.186083	64.991625	21.446417	0.418907
1.000000	43246.753203	270.868750	7.582056	704092.625000	1.000000	230.345708	-13.366306	65.044583	21.454806	0.407749
1.000000	43246.763620	261.093833	-46.304194	720050.312500	1.000000	230.474667	-13.402139	65.055167	21.456472	0.405518
1.000000	43246.826120	267.707875	-14.460694	707837.875000	1.000000	231.248833	-13.615611	65.118667	21.466528	0.392129
1.000000	43246.836536	249.290417	-67.666083	727907.687500	1.000000	231.377958	-13.650944	65.129250	21.468194	0.389898
1.000000	43246.888620	272.517625	17.554333	704168.437500	1.000000	232.023708	-13.826528	65.182208	21.476556	0.378740
1.000000	43246.899036	263.799250	-36.429639	715879.375000	1.000000	232.152917	-13.861417	65.192792	21.478222	0.376509
1.000000	43246.961536	269.323750	-4.494222	705487.125000	1.000000	232.928542	-14.069278	65.256333	21.488194	0.363120
1.000000	43246.971953	256.561625	-58.137139	724769.312500	1.000000	233.057875	-14.103667	65.266917	21.489861	0.360888
1.000000	43247.024036	274.345417	27.516722	705227.062500	1.000000	233.704875	-14.274472	65.319875	21.498167	0.349731
1.000000	43247.034453	265.918750	-26.508667	711891.437500	1.000000	233.834333	-14.308417	65.330458	21.499833	0.347499
1.000000	43247.044870	226.945125	-78.079194	730327.312500	1.000000	233.963792	-14.342278	65.341042	21.501500	0.345268
1.000000	43247.096953	270.899792	5.479000	704217.250000	1.000000	234.611458	-14.510472	65.394000	21.509778	0.334110
1.000000	43247.107370	260.772625	-48.377083	720926.375000	1.000000	234.741042	-14.543889	65.404583	21.511417	0.331879
1.000000	43247.169870	267.719833	-16.560583	708464.500000	1.000000	235.518958	-14.742750	65.468167	21.521333	0.318490
1.000000	43247.180286	247.342708	-69.615139	728461.250000	1.000000	235.648708	-14.775639	65.478750	21.522972	0.316259
1.000000	43247.232370	272.525875	15.452167	704063.437500	1.000000	236.297583	-14.938861	65.531708	21.531222	0.305101
1.000000	43247.242786	263.656708	-38.516417	716767.875000	1.000000	236.427458	-14.971278	65.542292	21.532861	0.302870
1.000000	43247.305286	269.356083	-6.596500	705900.812500	1.000000	237.206917	-15.164111	65.605875	21.542722	0.289481
1.000000	43247.315703	255.747542	-60.172917	725514.875000	1.000000	237.336875	-15.195972	65.616458	21.544361	0.287249
1.000000	43247.367786	274.304958	25.417417	704928.750000	1.000000	237.987042	-15.354111	65.669458	21.552556	0.276092
1.000000	43247.378203	265.871625	-28.603278	712706.437500	1.000000	238.117167	-15.385500	65.680042	21.554194	0.273860
1.000000	43247.388620	219.214583	-79.508861	730576.437500	1.000000	238.247250	-15.416806	65.690667	21.555833	0.271629
1.000000	43247.440703	270.933042	3.375806	704393.187500	1.000000	238.898125	-15.572139	65.743667	21.564000	0.260471
1.000000	43247.451120	260.395458	-50.445833	721789.000000	1.000000	239.028375	-15.602972	65.754250	21.565639	0.258240
1.000000	43247.503203	276.384000	35.363611	706598.437500	1.000000	239.679833	-15.755861	65.807250	21.573778	0.247083
1.000000	43247.513620	267.724542	-18.659861	709131.062500	1.000000	239.810167	-15.786194	65.817833	21.575417	0.244851
1.000000	43247.524036	244.938792	-71.528472	728966.562500	1.000000	239.940542	-15.816472	65.828458	21.577028	0.242620
1.000000	43247.576120	272.540792	13.349528	704005.437500	1.000000	240.592667	-15.966500	65.881458	21.585167	0.231462
1.000000	43247.586536	263.485458	-40.601028	717661.625000	1.000000	240.723167	-15.996278	65.892042	21.586778	0.229231
1.000000	43247.649036	269.385792	-8.698500	706363.125000	1.000000	241.506458	-16.173111	65.955667	21.596500	0.215842
1.000000	43247.659453	254.781542	-62.197333	726225.937500	1.000000	241.637083	-16.202278	65.966292	21.598139	0.213610
1.000000	43247.711536	274.277458	23.317167	704667.750000	1.000000	242.290458	-16.346917	66.019292	21.606222	0.202453
1.000000	43247.721953	265.808833	-30.696667	713544.312500	1.000000	242.421208	-16.375611	66.029917	21.607833	0.200221
1.000000	43247.732370	209.243917	-80.675917	730767.500000	1.000000	242.551958	-16.404194	66.040500	21.609444	0.197990
1.000000	43247.784453	270.967583	1.272556	704620.750000	1.000000	243.206042	-16.545889	66.093542	21.617500	0.186832
1.000000	43247.794870	259.952875	-52.509722	722634.250000	1.000000	243.336875	-16.573972	66.104125	21.619111	0.184601
1.000000	43247.846953	276.277167	33.268556	706188.250000	1.000000	243.991500	-16.713083	66.157167	21.627139	0.173444
1.000000	43247.857370	267.720958	-20.758500	709835.062500	1.000000	244.122500	-16.740667	66.167750	21.628750	0.171212
1.000000	43247.867786	241.934250	-73.393667	729421.250000	1.000000	244.253500	-16.768139	66.178375	21.630361	0.168981
1.000000	43247.919870	272.561292	11.246500	703995.875000	1.000000	244.908792	-16.904250	66.231417	21.638361	0.157823
1.000000	43247.930286	263.281417	-42.683194	718556.625000	1.000000	245.039875	-16.931194	66.242042	21.639972	0.155592
1.000000	43247.992786	269.412000	-10.800222	706872.750000	1.000000	245.826958	-17.091139	66.305667	21.649556	0.142203
1.000000	43248.003203	253.628750	-64.207750	726899.187500	1.000000	245.958208	-17.117472	66.316292	21.651139	0.139971
1.000000	43248.055286	274.261375	21.216083	704446.500000	1.000000	246.614667	-17.247917	66.369333	21.659111	0.128814
1.000000	43248.065703	265.728250	-32.788694	714401.500000	1.000000	246.746000	-17.273722	66.379958	21.660722	0.126582
1.000000	43248.076120	196.888500	-81.471833	730899.687500	1.000000	246.877375	-17.299444	66.390542	21.662306	0.124351
1.000000	43248.128203	271.002625	-0.830667	704899.750000	1.000000	247.534500	-17.426778	66.443625	21.670250	0.113193
1.000000	43248.138620	259.433458	-54.567972	723458.250000	1.000000	247.665958	-17.451972	66.454250	21.671833	0.110962
1.000000	43248.190703	276.191208	31.171944	705804.937500	1.000000	248.323583	-17.576611	66.507292	21.679750	0.099805
1.000000	43248.201120	267.707708	-22.856333	710573.687500	1.000000	248.455167	-17.601250	66.517917	21.681333	0.097573
1.000000	43248.211536	238.127000	-75.192556	729823.250000	1.000000	248.586750	-17.625833	66.528542	21.682917	0.095342
1.000000	43248.263620	272.586417	9.143167	704035.875000	1.000000	249.245000	-17.747306	66.581583	21.690833	0.084184
1.000000	43248.274036	263.039750	-44.762556	719448.937500	1.000000	249.376667	-17.771333	66.592208	21.692417	0.081953
1.000000	43248.336536	269.433833	-12.901528	707427.937500	1.000000	250.167208	-17.913556	66.655917	21.701861	0.068564
1.000000	43248.346953	252.243542	-66.200583	727531.500000	1.000000	250.299000	-17.936944	66.666500	21.703444	0.066332
1.000000	43248.399036	274.255208	19.114306	704267.312500	1.000000	250.958333	-18.052472	66.719583	21.711306	0.055175
1.000000	43248.409453	265.627458	-34.879194	715274.312500	1.000000	251.090250	-18.075306	66.730208	21.712861	0.052943
1.000000	43248.471953	271.037375	-2.933833	705229.812500	1.000000	251.882000	-18.210361	66.793917	21.722278	0.039554
1.000000	43248.482370	258.822917	-56.619444	724257.312500	1.000000	252.014042	-18.232556	66.804542	21.723833	0.037323
1.000000	43248.534453	276.123625	29.073972	705451.375000	1.000000	252.674375	-18.342083	66.857625	21.731639	0.026166
1.000000	43248.544870	267.683458	-24.953306	711344.000000	1.000000	252.806458	-18.363694	66.868250	21.733194	0.023934
1.000000	43248.555286	233.236042	-76.897722	730170.687500	1.000000	252.938583	-18.385222	66.878875	21.734750	0.021703
1.000000	43248.607370	272.615250	7.039611	704126.375000	1.000000	253.599458	-18.491472	66.932000	21.742556	0.010545
1.000000	43248.617786	262.754792	-46.838694	720334.500000	1.000000	253.731667	-18.512444	66.942625	21.744111	0.008314
1.000000	43248.680286	269.450333	-15.002417	708026.937500	1.000000	254.525250	-18.636250	67.006333	21.753417	0.005075
1.000000	43248.690703	250.564875	-68.170972	728119.875000	1.000000	254.657542	-18.656556	67.016958	21.754972	0.007307
1.000000	43248.742786	274.257750	17.011889	704132.125000	1.000000	255.319292	-18.756639	67.070083	21.762722	0.018464
1.000000	43248.753203	265.503792	-36.967972	716159.000000	1.000000	255.451708	-18.776389	67.080708	21.764278	0.020696
1.000000	43248.815703	271.071000	-5.036833	705610.250000	1.000000	256.246333	-18.892778	67.144458	21.773528	0.034085
1.000000	43248.826120	258.103500	-58.662833	725027.625000	1.000000	256.378833	-18.911833	67.155083	21.775083	0.036316
1.000000	43248.878203	276.072292	26.974833	705130.562500	1.000000	257.041417	-19.005722	67.208208	21.782778	0.047473
1.000000	43248.888620	267.646667	-27.049306	712142.875000	1.000000	257.173958	-19.024194	67.218833	21.784306	0.049705
1.000000	43248.899036	226.883375	-78.467528	730462.000000	1.000000	257.306542	-19.042583	67.229458	21.785861	0.051936
1.000000	43248.951120	272.646833	4.935889	704267.937500	1.000000	257.969583	-19.133083	67.282583	21.793528	0.063094
1.000000	43248.961536	262.419750	-48.911167	721209.437500	1.000000	258.102208	-19.150889	67.293208	21.795056	0.065325
1.000000	43249.024036	269.460417	-17.102750	708667.500000	1.000000	258.898292	-19.255694	67.357000	21.804250	0.078714
1.000000	43249.034453	248.510292	-70.112306	728661.687500	1.000000	259.031000	-19.272833	67.367625	21.805778	0.080946
1.000000	43249.086536	274.267750	14.908944	704042.812500	1.000000	259.694708	-19.357000	67.420792	21.813417	0.092103
1.000000	43249.096953	265.354083	-39.054778	717051.687500	1.000000	259.827500	-19.373528	67.431417	21.814944	0.094335
1.000000	43249.159453	271.102625	-7.139667	706040.250000	1.000000	260.624375	-19.470722	67.495208	21.824056	0.107724
1.000000	43249.169870	257.252750	-60.696472	725765.750000	1.000000	260.757208	-19.486583	67.505833	21.825583	0.109955
1.000000	43249.221953	276.035208	24.874639	704845.250000	1.000000	261.421583	-19.564361	67.559000	21.833167	0.121112
1.000000	43249.232370	267.595583	-29.144194	712967.062500	1.000000	261.554458	-19.579611	67.569625	21.834694	0.123344
1.000000	43249.242786	218.610792	-79.838972	730695.750000	1.000000	261.687375	-19.594778	67.580250	21.836194	0.125575
1.000000	43249.294870	272.680417	2.832056	704460.937500	1.000000	262.352042	-19.669111	67.633417	21.843778	0.136733
1.000000	43249.305286	262.026458	-50.979278	722069.687500	1.000000	262.485000	-19.683667	67.644042	21.845278	0.138964
1.000000	43249.357370	278.092750	34.822056	706466.687500	1.000000	263.149875	-19.755028	67.697208	21.852806	0.150122
1.000000	43249.367786	269.463000	-19.202472	709347.250000	1.000000	263.282875	-19.769000	67.707875	21.854333	0.152353
1.000000	43249.378203	245.966458	-72.015111	729154.312500	1.000000	263.415875	-19.782861	67.718500	21.855833	0.154585
1.000000	43249.430286	274.284083	12.805583	704000.937500	1.000000	264.081042	-19.850750	67.771667	21.863361	0.165742
1.000000	43249.440703	265.174625	-41.139361	717948.437500	1.000000	264.214083	-19.864000	67.782333	21.864861	0.167974
1.000000	43249.503203	271.131417	-9.242194	706518.437500	1.000000	265.012458	-19.941556	67.846125	21.873833	0.181363
1.000000	43249.513620	256.241875	-62.718111	726468.250000	1.000000	265.145542	-19.954139	67.856792	21.875333	0.183594
1.000000	43249.565703	276.010708	22.773528	704597.937500	1.000000	265.811083	-20.015500	67.909958	21.882806	0.194751
1.000000	43249.576120	267.528292	-31.237833	713813.062500	1.000000	265.944167	-20.027444	67.920625	21.884306	0.196983
1.000000	43249.586536	208.012917	-80.921667	730871.000000	1.000000	266.077292	-20.039333	67.931250	21.885806	0.199214
1.000000	43249.638620	272.715083	0.728194	704705.500000	1.000000	266.742958	-20.097167	67.984458	21.893250	0.210372
1.000000	43249.649036	261.565042	-53.042389	722911.312500	1.000000	266.876125	-20.108444	67.995083	21.894750	0.212603
1.000000	43249.701120	277.991417	32.725917	706066.625000	1.000000	267.541917	-20.163250	68.048292	21.902167	0.223761
1.000000	43249.711536	269.456958	-21.301472	710063.625000	1.000000	267.675083	-20.173917	68.058917	21.903639	0.225992
1.000000	43249.721953	242.775750	-73.865722	729595.625000	1.000000	267.808250	-20.184472	68.069583	21.905139	0.228224
1.000000	43249.774036	274.305792	10.701833	704007.812500	1.000000	268.474125	-20.235750	68.122792	21.912528	0.239381
1.000000	43249.784453	264.961167	-43.221417	718845.250000	1.000000	268.607292	-20.245694	68.133417	21.914028	0.241613
1.000000	43249.846953	271.156500	-11.344417	707043.500000	1.000000	269.406458	-20.303306	68.197292	21.922889	0.255002
1.000000	43249.857370	255.033542	-64.724917	727131.812500	1.000000	269.539625	-20.312528	68.207917	21.924361	0.257233
1.000000	43249.909453	275.997208	20.671611	704391.062500	1.000000	270.205625	-20.357222	68.261167	21.931722	0.268390
1.000000	43249.919870	267.442583	-33.330083	714677.312500	1.000000	270.338833	-20.365861	68.271792	21.933194	0.270622
1.000000	43249.930286	195.101125	-81.603111	730986.875000	1.000000	270.472042	-20.374389	68.282458	21.934639	0.272853
1.000000	43249.982370	272.750042	-1.375639	705001.375000	1.000000	271.138042	-20.415528	68.335667	21.942000	0.284011
1.000000	43249.992786	261.023292	-55.099528	723730.562500	1.000000	271.271208	-20.423472	68.346333	21.943444	0.286242
1.000000	43250.044870	277.910333	30.628306	705694.187500	1.000000	271.937208	-20.461556	68.399583	21.950778	0.297400
1.000000	43250.055286	269.440917	-23.399694	710813.750000	1.000000	272.070417	-20.468861	68.410208	21.952222	0.299631
1.000000	43250.065703	238.717792	-75.643944	729983.437500	1.000000	272.203583	-20.476083	68.420875	21.953694	0.301863
1.000000	43250.117786	274.331875	8.597833	704064.562500	1.000000	272.869542	-20.510583	68.474083	21.960972	0.313020
1.000000	43250.128203	264.708708	-45.300556	719738.125000	1.000000	273.002708	-20.517194	68.484750	21.962444	0.315252
1.000000	43250.190703	271.176958	-13.446222	707613.625000	1.000000	273.801750	-20.554639	68.548667	21.971167	0.328641
1.000000	43250.201120	253.578458	-66.713000	727753.500000	1.000000	273.934917	-20.560528	68.559292	21.972611	0.330872
1.000000	43250.253203	275.993333	18.569028	704226.750000	1.000000	274.600667	-20.588417	68.612542	21.979861	0.342029
1.000000	43250.263620	267.336042	-35.420722	715556.000000	1.000000	274.733792	-20.593694	68.623208	21.981306	0.344261
1.000000	43250.326120	272.784500	-3.479361	705348.187500	1.000000	275.532542	-20.623194	68.687125	21.989972	0.357650
1.000000	43250.336536	260.386167	-57.149611	724523.625000	1.000000	275.665667	-20.627750	68.697792	21.991417	0.359881
1.000000	43250.388620	277.847042	28.529389	705352.437500	1.000000	276.331125	-20.649028	68.751042	21.998611	0.371039
1.000000	43250.399036	269.413458	-25.497028	711594.750000	1.000000	276.464208	-20.652972	68.761708	22.000056	0.373270
1.000000	43250.409453	233.487333	-77.319250	730316.000000	1.000000	276.597292	-20.656806	68.772333	22.001500	0.375502
1.000000	43250.461536	274.361417	6.493583	704171.937500	1.000000	277.262542	-20.674500	68.825625	22.008667	0.386659
1.000000	43250.471953	264.411333	-47.376361	720623.062500	1.000000	277.395583	-20.677750	68.836292	22.010111	0.388891
1.000000	43250.534453	271.191792	-15.547556	708226.812500	1.000000	278.193625	-20.695000	68.900208	22.018694	0.402280
1.000000	43250.544870	251.810833	-68.677139	728330.312500	1.000000	278.326625	-20.697500	68.910875	22.020111	0.404511
1.000000	43250.596953	275.997833	16.465833	704107.062500	1.000000	278.991417	-20.708583	68.964167	22.027250	0.415668
1.000000	43250.607370	267.205833	-37.509583	716445.437500	1.000000	279.124333	-20.710472	68.974833	22.028667	0.417900
1.000000	43250.669870	272.817583	-5.582944	705745.125000	1.000000	279.921792	-20.719806	69.038750	22.037194	0.431289
1.000000	43250.680286	259.634792	-59.191222	725286.875000	1.000000	280.054667	-20.721000	69.049417	22.038611	0.433520
1.000000	43250.732370	277.799458	26.429306	705044.187500	1.000000	280.718875	-20.725444	69.102708	22.045722	0.444678
1.000000	43250.742786	269.373000	-27.593333	712403.312500	1.000000	280.851708	-20.726028	69.113375	22.047139	0.446909
1.000000	43250.753203	226.681000	-78.845167	730591.812500	1.000000	280.984500	-20.726500	69.124042	22.048528	0.449141
1.000000	43250.805286	274.393500	4.389222	704330.437500	1.000000	281.648375	-20.727389	69.177333	22.055611	0.460298
1.000000	43250.815703	264.061833	-49.448333	721496.125000	1.000000	281.781125	-20.727278	69.188000	22.057028	0.462530
1.000000	43250.878203	271.199958	-17.648333	708880.937500	1.000000	282.577333	-20.724389	69.252000	22.065472	0.475919
1.000000	43250.888620	249.641125	-70.610028	728859.625000	1.000000	282.710000	-20.723556	69.262625	22.066861	0.478150
1.000000	43250.940703	276.009458	14.362167	704033.625000	1.000000	283.373125	-20.717861	69.315958	22.073889	0.489307
1.000000	43250.951120	267.048625	-39.596417	717341.687500	1.000000	283.505708	-20.716417	69.326625	22.075278	0.491539
1.000000	43251.013620	272.848458	-7.686306	706191.125000	1.000000	284.301000	-20.705639	69.390625	22.083694	0.504928
1.000000	43251.024036	258.745250	-61.222528	726016.750000	1.000000	284.433458	-20.703500	69.401292	22.085083	0.507159
1.000000	43251.076120	277.765708	24.328222	704772.187500	1.000000	285.095750	-20.691250	69.454583	22.092056	0.518317
1.000000	43251.086536	269.317792	-29.688500	713236.062500	1.000000	285.228167	-20.688472	69.465250	22.093444	0.520548
1.000000	43251.096953	217.833583	-80.151917	730809.625000	1.000000	285.360583	-20.685639	69.475917	22.094833	0.522780
1.000000	43251.149036	274.427333	2.284778	704540.500000	1.000000	286.022375	-20.669861	69.529250	22.101778	0.533937
1.000000	43251.159453	263.651708	-51.515806	722353.250000	1.000000	286.154667	-20.666389	69.539917	22.103167	0.536169
1.000000	43251.211536	279.802250	34.276778	706343.937500	1.000000	286.816000	-20.647611	69.593292	22.110083	0.547326
1.000000	43251.221953	271.200333	-19.748472	709573.500000	1.000000	286.948250	-20.643556	69.603958	22.111472	0.549558
1.000000	43251.232370	246.945917	-72.501333	729338.937500	1.000000	287.080417	-20.639389	69.614625	22.112861	0.551789
1.000000	43251.284453	276.027208	12.258056	704008.000000	1.000000	287.741208	-20.617111	69.667958	22.119778	0.562946
1.000000	43251.294870	266.860625	-41.680944	718240.750000	1.000000	287.873333	-20.612333	69.678625	22.121139	0.565178
1.000000	43251.357370	272.876292	-9.789361	706685.062500	1.000000	288.665625	-20.581694	69.742667	22.129389	0.578567
1.000000	43251.367786	257.686708	-63.241167	726709.937500	1.000000	288.797625	-20.576250	69.753333	22.130778	0.580798
1.000000	43251.419870	277.744083	22.226250	704538.812500	1.000000	289.457292	-20.547500	69.806667	22.137639	0.591956
1.000000	43251.430286	269.245833	-31.782361	714089.625000	1.000000	289.589167	-20.541444	69.817333	22.139000	0.594187
1.000000	43251.440703	206.601917	-81.141944	730968.375000	1.000000	289.721042	-20.535278	69.828042	22.140361	0.596419
1.000000	43251.492786	274.462083	0.180306	704802.000000	1.000000	290.380083	-20.503056	69.881375	22.147194	0.607576
1.000000	43251.503203	263.170458	-53.578000	723190.562500	1.000000	290.511833	-20.496306	69.892042	22.148556	0.609808
1.000000	43251.555286	279.706292	32.179611	705954.312500	1.000000	291.170333	-20.461111	69.945417	22.155389	0.620965
1.000000	43251.565703	271.191708	-21.847889	710301.875000	1.000000	291.302000	-20.453778	69.956083	22.156750	0.623197
1.000000	43251.576120	243.553125	-74.335917	729766.062500	1.000000	291.433625	-20.446361	69.966792	22.158111	0.625428
1.000000	43251.628203	276.050042	10.153639	704031.437500	1.000000	292.091417	-20.407722	70.020167	22.164889	0.636585
1.000000	43251.638620	266.637375	-43.762861	719138.687500	1.000000	292.222917	-20.399694	70.030833	22.166250	0.638817
1.000000	43251.701120	272.900167	-11.892083	707225.250000	1.000000	293.011542	-20.349528	70.094875	22.174361	0.652206
1.000000	43251.711536	256.419083	-65.244056	727363.187500	1.000000	293.142917	-20.340806	70.105542	22.175722	0.654437
1.000000	43251.763620	277.733125	20.123528	704346.500000	1.000000	293.799417	-20.295833	70.158958	22.182444	0.665595
1.000000	43251.774036	269.154833	-33.874778	714960.312500	1.000000	293.930625	-20.286528	70.169625	22.183806	0.667826
1.000000	43251.836536	274.496917	-1.924111	705114.687500	1.000000	294.717625	-20.228778	70.233708	22.191861	0.681215
1.000000	43251.846953	262.605208	-55.634000	724004.312500	1.000000	294.848708	-20.218806	70.244375	22.193194	0.683447
1.000000	43251.899036	279.629958	30.081000	705593.187500	1.000000	295.503792	-20.167528	70.297792	22.199889	0.694604
1.000000	43251.909453	271.172708	-23.946472	711063.125000	1.000000	295.634750	-20.156972	70.308458	22.201250	0.696836
1.000000	43251.919870	239.222208	-76.091333	730139.062500	1.000000	295.765667	-20.146333	70.319125	22.202583	0.699067
1.000000	43251.971953	276.077042	8.048944	704104.937500	1.000000	296.420000	-20.091694	70.372542	22.209250	0.710224
1.000000	43251.982370	266.373708	-45.841750	720031.437500	1.000000	296.550792	-20.080472	70.383208	22.210583	0.712456
1.000000	43252.044870	272.919167	-13.994361	707809.937500	1.000000	297.335083	-20.011167	70.447292	22.218556	0.725845
1.000000	43252.055286	254.889292	-67.227028	727973.437500	1.000000	297.465750	-19.999278	70.458000	22.219889	0.728076
1.000000	43252.107370	277.731458	18.020167	704197.375000	1.000000	298.118542	-19.938444	70.511417	22.226500	0.739234
1.000000	43252.117786	269.042292	-35.965556	715844.312500	1.000000	298.249042	-19.925972	70.522083	22.227833	0.741465
1.000000	43252.180286	274.531000	-4.028417	705478.062500	1.000000	299.031500	-19.849278	70.586208	22.235750	0.754854
1.000000	43252.190703	261.940083	-57.682583	724790.625000	1.000000	299.161833	-19.836167	70.596875	22.237083	0.757086
1.000000	43252.242786	279.570833	27.981111	705263.562500	1.000000	299.813083	-19.769167	70.650292	22.243667	0.768243
1.000000	43252.253203	271.141958	-26.044111	711854.187500	1.000000	299.943250	-19.755500	70.661000	22.244972	0.770475
1.000000	43252.263620	233.622542	-77.733472	730456.125000	1.000000	300.073375	-19.741722	70.671667	22.246278	0.772706
1.000000	43252.315703	276.107208	5.944056	704229.187500	1.000000	300.723792	-19.671472	70.725125	22.252833	0.783863
1.000000	43252.326120	266.063292	-47.917167	720915.000000	1.000000	300.853792	-19.657139	70.735792	22.254167	0.786095
1.000000	43252.388620	272.932292	-16.096139	708437.125000	1.000000	301.633292	-19.569194	70.799917	22.262000	0.799484
1.000000	43252.399036	253.026083	-69.184361	728537.937500	1.000000	301.763083	-19.554222	70.810625	22.263306	0.801715
1.000000	43252.451120	277.737833	15.916222	704093.250000	1.000000	302.411833	-19.477944	70.864042	22.269806	0.812873
1.000000	43252.461536	268.905208	-38.054472	716737.812500	1.000000	302.541500	-19.462417	70.874750	22.271111	0.815104
1.000000	43252.524036	274.563500	-6.132528	705891.250000	1.000000	303.319000	-19.367278	70.938875	22.278889	0.828493
1.000000	43252.534453	261.154917	-59.722222	725546.000000	1.000000	303.448500	-19.351111	70.949583	22.280194	0.830725
1.000000	43252.586536	279.526917	25.880139	704968.187500	1.000000	304.095542	-19.268889	71.003042	22.286667	0.841882
1.000000	43252.596953	271.097708	-28.140722	712671.875000	1.000000	304.224875	-19.252167	71.013708	22.287944	0.844114
1.000000	43252.607370	226.327042	-79.210472	730715.812500	1.000000	304.354167	-19.235361	71.024417	22.289250	0.846345
1.000000	43252.659453	276.139792	3.839056	704404.687500	1.000000	305.000333	-19.149944	71.077875	22.295667	0.857502
1.000000	43252.669870	265.698667	-49.988583	721785.437500	1.000000	305.129458	-19.132611	71.088583	22.296972	0.859734
1.000000	43252.732370	272.938417	-18.197361	709104.375000	1.000000	305.903792	-19.026611	71.152750	22.304667	0.873123
1.000000	43252.742786	250.732167	-71.108111	729054.062500	1.000000	306.032750	-19.008639	71.163417	22.305944	0.875354
1.000000	43252.794870	277.751083	13.811806	704035.812500	1.000000	306.677125	-18.917417	71.216917	22.312333	0.886512
1.000000	43252.805286	268.740250	-40.141306	717636.937500	1.000000	306.805917	-18.898889	71.227583	22.313611	0.888743
1.000000	43252.867786	274.593583	-8.236417	706353.187500	1.000000	307.578167	-18.785944	71.291750	22.321278	0.902132
1.000000	43252.878203	260.224167	-61.751028	726266.937500	1.000000	307.706750	-18.766833	71.302458	22.322528	0.904364
1.000000	43252.930286	279.496375	23.778194	704709.687500	1.000000	308.349417	-18.669861	71.355958	22.328889	0.915521
1.000000	43252.940703	271.038208	-30.236139	713512.750000	1.000000	308.477833	-18.650194	71.366625	22.330167	0.917753
1.000000	43253.003203	276.173833	1.733972	704631.687500	1.000000	309.247958	-18.530417	71.430833	22.337750	0.931141
1.000000	43253.013620	265.270833	-52.055306	722638.687500	1.000000	309.376208	-18.510139	71.441542	22.339000	0.933373
1.000000	43253.065703	281.512500	33.727833	706230.437500	1.000000	310.017042	-18.407500	71.495042	22.345306	0.944530
1.000000	43253.076120	272.936458	-20.297889	709809.312500	1.000000	310.145125	-18.386722	71.505708	22.346583	0.946762
1.000000	43253.086536	247.872958	-72.986806	729519.312500	1.000000	310.273208	-18.365861	71.516417	22.347833	0.948993
1.000000	43253.138620	277.770167	11.707000	704026.562500	1.000000	310.913083	-18.260194	71.569917	22.354111	0.960151
1.000000	43253.149036	268.543333	-42.225750	718537.625000	1.000000	311.041000	-18.238806	71.580625	22.355361	0.962382
1.000000	43253.211536	274.620375	-10.340000	706862.500000	1.000000	311.807792	-18.108722	71.644833	22.362861	0.975771
1.000000	43253.221953	259.114917	-63.766444	726950.000000	1.000000	311.935500	-18.086722	71.655542	22.364111	0.978003
1.000000	43253.274036	279.477625	21.675389	704490.500000	1.000000	312.573625	-17.975556	71.709042	22.370361	0.989160
1.000000	43253.284453	270.961375	-32.330222	714373.250000	1.000000	312.701167	-17.953083	71.719750	22.371583	0.991392
1.000000	43253.346953	276.208583	-0.371083	704910.062500	1.000000	313.465833	-17.816389	71.783958	22.379056	1.004780
1.000000	43253.357370	264.768750	-54.116556	723470.937500	1.000000	313.593167	-17.793333	71.794667	22.380278	1.007012
1.000000	43253.409453	281.421833	31.629639	705851.625000	1.000000	314.229500	-17.676722	71.848208	22.386472	1.018169
1.000000	43253.419870	272.925167	-22.397694	710549.187500	1.000000	314.356708	-17.653139	71.858875	22.387694	1.020401
1.000000	43253.430286	244.260375	-74.803722	729931.687500	1.000000	314.483875	-17.629500	71.869583	22.388944	1.022632
1.000000	43253.482370	277.794083	9.601889	704066.562500	1.000000	315.119250	-17.510000	71.923125	22.395111	1.033790
1.000000	43253.492786	268.309917	-44.307472	719435.937500	1.000000	315.246250	-17.485861	71.933833	22.396333	1.036021
1.000000	43253.555286	274.643000	-12.443194	707417.562500	1.000000	316.007625	-17.339278	71.998083	22.403694	1.049410
1.000000	43253.565703	257.784042	-65.765111	727592.125000	1.000000	316.134458	-17.314556	72.008792	22.404917	1.051642
1.000000	43253.617786	279.469125	19.571861	704312.937500	1.000000	316.768083	-17.189778	72.062333	22.411056	1.062799
1.000000	43253.628203	270.864917	-34.422778	715249.687500	1.000000	316.894708	-17.164583	72.073042	22.412250	1.065031
1.000000	43253.690703	276.243208	-2.476083	705239.375000	1.000000	317.654042	-17.011722	72.137292	22.419583	1.078419
1.000000	43253.701120	264.178792	-56.171278	724278.375000	1.000000	317.780500	-16.985944	72.148000	22.420778	1.080651
1.000000	43253.753203	281.350083	29.530056	705502.125000	1.000000	318.412375	-16.855972	72.201542	22.426861	1.091808
1.000000	43253.763620	272.903167	-24.496611	711321.000000	1.000000	318.538667	-16.829750	72.212250	22.428083	1.094040
1.000000	43253.774036	239.632167	-76.533861	730289.125000	1.000000	318.664958	-16.803444	72.222958	22.429278	1.096271
1.000000	43253.826120	277.821875	7.496528	704156.812500	1.000000	319.295958	-16.670694	72.276500	22.435333	1.107429
1.000000	43253.836536	268.034458	-46.386083	720327.875000	1.000000	319.422042	-16.643917	72.287208	22.436528	1.109660
1.000000	43253.899036	274.660458	-14.545944	708016.437500	1.000000	320.178208	-16.481583	72.351500	22.443750	1.123049
1.000000	43253.909453	256.174250	-67.742556	728190.312500	1.000000	320.304167	-16.454278	72.362208	22.444972	1.125281
1.000000	43253.961536	279.469542	17.467722	704179.062500	1.000000	320.933458	-16.316472	72.415750	22.450972	1.136438
1.000000	43253.971953	270.746125	-36.513667	716138.312500	1.000000	321.059250	-16.288694	72.426500	22.452167	1.138670
1.000000	43254.034453	276.276875	-4.580917	705619.125000	1.000000	321.813417	-16.120389	72.490750	22.459333	1.152058
1.000000	43254.044870	263.484042	-58.218250	725057.250000	1.000000	321.939042	-16.092056	72.501500	22.460528	1.154290
1.000000	43254.096953	281.295042	27.429250	705184.812500	1.000000	322.566708	-15.949333	72.555042	22.466472	1.165447
1.000000	43254.107370	272.868917	-26.594583	712121.687500	1.000000	322.692167	-15.920556	72.565792	22.467667	1.167679
1.000000	43254.169870	277.852708	5.391000	704297.937500	1.000000	323.444417	-15.746361	72.630083	22.474778	1.181068
1.000000	43254.180286	267.710417	-48.461056	721209.312500	1.000000	323.569708	-15.717056	72.640792	22.475972	1.183299
1.000000	43254.242786	274.671750	-16.648167	708657.125000	1.000000	324.320958	-15.539750	72.705083	22.483056	1.196688
1.000000	43254.253203	254.208208	-69.692500	728741.812500	1.000000	324.446083	-15.509944	72.715792	22.484222	1.198920
1.000000	43254.305286	279.477750	15.363028	704090.625000	1.000000	325.071375	-15.359778	72.769417	22.490111	1.210077
1.000000	43254.315703	270.601917	-38.602639	717035.250000	1.000000	325.196375	-15.329556	72.780125	22.491278	1.212309
1.000000	43254.378203	276.308750	-6.685583	706048.375000	1.000000	325.945792	-15.146528	72.844417	22.498306	1.225697
1.000000	43254.388620	262.663125	-60.255806	725804.000000	1.000000	326.070625	-15.115778	72.855167	22.499500	1.227929
1.000000	43254.440703	281.254667	25.327361	704902.500000	1.000000	326.694417	-14.960944	72.908750	22.505333	1.239086
1.000000	43254.451120	272.820750	-28.691444	712947.875000	1.000000	326.819083	-14.929750	72.919458	22.506500	1.241318
1.000000	43254.513620	277.885625	3.285361	704490.375000	1.000000	327.566792	-14.741194	72.983792	22.513472	1.254707
1.000000	43254.524036	267.330000	-50.531889	722076.375000	1.000000	327.691333	-14.709500	72.994542	22.514611	1.256938
1.000000	43254.586536	274.675792	-18.749778	709337.125000	1.000000	328.438125	-14.517972	73.058875	22.521583	1.270327
1.000000	43254.596953	251.780083	-71.606194	729244.000000	1.000000	328.562542	-14.485833	73.069583	22.522722	1.272559
1.000000	43254.649036	279.492542	13.257889	704049.312500	1.000000	329.184167	-14.323972	73.123208	22.528500	1.283716
1.000000	43254.659453	270.428833	-40.689444	717936.562500	1.000000	329.308458	-14.291389	73.133917	22.529639	1.285948
1.000000	43254.721953	276.337958	-8.790000	706525.875000	1.000000	330.053667	-14.094472	73.198250	22.536528	1.299336
1.000000	43254.732370	261.688708	-62.281917	726515.125000	1.000000	330.177792	-14.061417	73.209000	22.537667	1.301568
1.000000	43254.784453	281.227292	23.224556	704657.812500	1.000000	330.798167	-13.895139	73.262625	22.543389	1.312725
1.000000	43254.794870	272.756792	-30.787111	713796.187500	1.000000	330.922208	-13.861667	73.273333	22.544528	1.314957
1.000000	43254.857370	277.919875	1.179694	704734.187500	1.000000	331.665917	-13.659528	73.337708	22.551361	1.328346
1.000000	43254.867786	266.883583	-52.597806	722925.062500	1.000000	331.789792	-13.625583	73.348417	22.552500	1.330577
1.000000	43254.919870	283.223500	33.175222	706126.437500	1.000000	332.408958	-13.454972	73.402083	22.558167	1.341735
1.000000	43254.930286	274.671417	-20.850722	710053.937500	1.000000	332.532750	-13.420667	73.412792	22.559306	1.343966
1.000000	43254.940703	248.742875	-73.471083	729694.500000	1.000000	332.656542	-13.386278	73.423542	22.560444	1.346198
1.000000	43254.992786	279.512875	11.152389	704056.375000	1.000000	333.275083	-13.213361	73.477167	22.566083	1.357355
1.000000	43255.003203	270.222667	-42.773778	718838.187500	1.000000	333.398750	-13.178583	73.487875	22.567222	1.359587
1.000000	43255.065703	276.363667	-10.894056	707050.187500	1.000000	334.140417	-12.968611	73.552292	22.573972	1.372975
1.000000	43255.076120	260.525500	-64.293833	727187.437500	1.000000	334.263958	-12.933389	73.563000	22.575083	1.375207
1.000000	43255.128203	281.211250	21.120944	704453.000000	1.000000	334.881500	-12.756306	73.616667	22.580694	1.386364
1.000000	43255.138620	272.674917	-32.881389	714663.000000	1.000000	335.004958	-12.720722	73.627375	22.581806	1.388596
1.000000	43255.201120	277.954583	-0.925944	705029.187500	1.000000	335.745417	-12.505778	73.691792	22.588500	1.401985
1.000000	43255.211536	266.359583	-54.658000	723751.437500	1.000000	335.868792	-12.469750	73.702500	22.589611	1.404216
1.000000	43255.263620	283.137917	31.076000	705758.687500	1.000000	336.485375	-12.288639	73.756167	22.595167	1.415374
1.000000	43255.274036	274.657333	-22.950861	710804.812500	1.000000	336.608667	-12.252222	73.766917	22.596278	1.417605
1.000000	43255.336536	279.537833	9.046611	704113.000000	1.000000	337.348042	-12.032500	73.831292	22.602917	1.430994
1.000000	43255.346953	269.978583	-44.855278	719736.187500	1.000000	337.471250	-11.995667	73.842042	22.604028	1.433226
1.000000	43255.409453	276.384917	-12.997722	707619.750000	1.000000	338.210125	-11.773389	73.906458	22.610611	1.446614
1.000000	43255.419870	259.127000	-66.287972	727817.750000	1.000000	338.333250	-11.736139	73.917167	22.611722	1.448846
1.000000	43255.471953	281.205125	19.016639	704290.312500	1.000000	338.948583	-11.549000	73.970875	22.617194	1.460003
1.000000	43255.482370	272.572708	-34.974111	715544.625000	1.000000	339.071625	-11.511389	73.981583	22.618306	1.462235
1.000000	43255.544870	277.988958	-3.031500	705375.000000	1.000000	339.809667	-11.284528	74.046000	22.624861	1.475624
1.000000	43255.555286	265.743583	-56.711389	724551.812500	1.000000	339.932667	-11.246528	74.056750	22.625944	1.477855
1.000000	43255.607370	283.070667	28.975472	705421.062500	1.000000	340.547375	-11.055611	74.110417	22.631361	1.489013
1.000000	43255.617786	274.632125	-25.050111	711586.625000	1.000000	340.670292	-11.017250	74.121167	22.632444	1.491244
1.000000	43255.680286	279.566417	6.940583	704220.000000	1.000000	341.407667	-10.785917	74.185583	22.638944	1.504633
1.000000	43255.690703	269.690833	-46.933528	720626.500000	1.000000	341.530500	-10.747167	74.196333	22.640028	1.506865
1.000000	43255.753203	276.400750	-15.100917	708232.437500	1.000000	342.267542	-10.513500	74.260792	22.646500	1.520253
1.000000	43255.763620	257.431292	-68.259361	728403.062500	1.000000	342.390375	-10.474361	74.271500	22.647583	1.522485
1.000000	43255.815703	281.207625	16.911722	704171.812500	1.000000	343.004375	-10.277833	74.325208	22.652944	1.533642
1.000000	43255.826120	272.447417	-37.065083	716437.187500	1.000000	343.127167	-10.238361	74.335958	22.654000	1.535874
1.000000	43255.888620	278.022125	-5.136917	705770.875000	1.000000	343.863750	-10.000417	74.400417	22.660417	1.549263
1.000000	43255.899036	265.017583	-58.756583	725322.437500	1.000000	343.986500	-9.960583	74.411167	22.661472	1.551494
1.000000	43255.951120	283.019583	26.873750	705116.375000	1.000000	344.600167	-9.760583	74.464875	22.666806	1.562652
1.000000	43255.961536	274.594292	-27.148389	712396.312500	1.000000	344.722917	-9.720417	74.475583	22.667861	1.564883
1.000000	43256.024036	279.597792	4.834417	704377.937500	1.000000	345.459208	-9.478361	74.540042	22.674222	1.578272
1.000000	43256.034453	269.352583	-49.008056	721505.062500	1.000000	345.581917	-9.437833	74.550792	22.675278	1.580504
