#Observation-possible ephemerides over DATES
#Observation possible? (0=n,1=y)	Spacecraft RA (deg);		Spacecraft DEC (deg);	Spacecraft Elevation (?);	In Eclipse? (no=0,yes=1);	Moon RA (deg);	Moon Dec (deg);	Lunar Phase (per/full)
1.000000000000000000e+00 4.267765972221999982e+04 3.548088749999999436e+02 -1.429222222222222172e+01 6.852681875000000000e+05 1.000000000000000000e+00 2.831406666666666752e+02 -1.857366666666666788e+01 2.207111249999999529e+02 -1.578652777777777771e+01 1.996933352734172828e+00
1.000000000000000000e+00 4.267767013888666406e+04 3.457464166666666756e+02 4.000641666666666652e+01 6.776320625000000000e+05 1.000000000000000000e+00 2.832742499999999382e+02 -1.856808333333333394e+01 2.207214999999999634e+02 -1.578966666666666718e+01 1.994735412535613817e+00
1.000000000000000000e+00 4.267773263888666406e+04 3.513187916666666410e+02 9.962083333333332291e+00 6.783553125000000000e+05 1.000000000000000000e+00 2.840758749999999964e+02 -1.853252777777777638e+01 2.207835833333332971e+02 -1.580855555555555547e+01 1.981547771060503393e+00
1.000000000000000000e+00 4.267779513888666406e+04 3.558640416666665942e+02 -2.009105555555555611e+01 6.876416250000000000e+05 1.000000000000000000e+00 2.848779999999999859e+02 -1.849358333333333348e+01 2.208457083333333060e+02 -1.582741666666666625e+01 1.968360129570000838e+00
1.000000000000000000e+00 4.267780555555332830e+04 3.472083749999999327e+02 3.421525000000000460e+01 6.771968750000000000e+05 1.000000000000000000e+00 2.850117500000000064e+02 -1.848675000000000068e+01 2.208560833333333164e+02 -1.583058333333333323e+01 1.966162189411759798e+00
1.000000000000000000e+00 4.267786805555333558e+04 3.523077916666666169e+02 4.148249999999999993e+00 6.794083750000000000e+05 1.000000000000000000e+00 2.858144166666666592e+02 -1.844380555555555645e+01 2.209182083333333253e+02 -1.584941666666666649e+01 1.952974547950295570e+00
1.000000000000000000e+00 4.267787847221999982e+04 3.394251666666665983e+02 5.823799999999999955e+01 6.793792500000000000e+05 1.000000000000000000e+00 2.859482083333332980e+02 -1.843633333333333368e+01 2.209285833333333073e+02 -1.585255555555555596e+01 1.950776607634740367e+00
1.000000000000000000e+00 4.267793055555332830e+04 3.569897916666666333e+02 -2.588252777777777780e+01 6.902236250000000000e+05 1.000000000000000000e+00 2.866175416666666251e+02 -1.839744444444444227e+01 2.209803749999999809e+02 -1.586824999999999974e+01 1.939786906445515768e+00
1.000000000000000000e+00 4.267794097221999255e+04 3.484986249999999472e+02 2.841355555555555412e+01 6.769586875000000000e+05 1.000000000000000000e+00 2.867514166666666142e+02 -1.838938888888888812e+01 2.209907083333332878e+02 -1.587138888888888921e+01 1.937588966243583455e+00
1.000000000000000000e+00 4.267800347221999982e+04 3.532839583333333167e+02 -1.664138888888888834e+00 6.808174375000000000e+05 1.000000000000000000e+00 2.875550833333333003e+02 -1.833905555555555367e+01 2.210529166666666470e+02 -1.589019444444444318e+01 1.924401324736752850e+00
1.000000000000000000e+00 4.267801388888666406e+04 3.421880416666666065e+02 5.253647222222222268e+01 6.787217500000000000e+05 1.000000000000000000e+00 2.876890416666666965e+02 -1.833030555555555452e+01 2.210632499999999538e+02 -1.589333333333333265e+01 1.922203384503833767e+00
1.000000000000000000e+00 4.267806597221999255e+04 3.582175416666666479e+02 -3.166444444444444173e+01 6.929465625000000000e+05 1.000000000000000000e+00 2.883591249999999491e+02 -1.828527777777777885e+01 2.211150833333333026e+02 -1.590900000000000070e+01 1.911213683307619871e+00
1.000000000000000000e+00 4.267807638888666406e+04 3.496680833333332998e+02 2.260516666666666907e+01 6.769724375000000000e+05 1.000000000000000000e+00 2.884931666666666388e+02 -1.827597222222222229e+01 2.211254583333332846e+02 -1.591211111111111087e+01 1.909015743061188930e+00
1.000000000000000000e+00 4.267813888888666406e+04 3.542647499999999923e+02 -7.473833333333333329e+00 6.825707500000000000e+05 1.000000000000000000e+00 2.892977083333333326e+02 -1.821822222222222010e+01 2.211876249999999686e+02 -1.593088888888888910e+01 1.895828101563398871e+00
1.000000000000000000e+00 4.267814930555332830e+04 3.443427916666666420e+02 4.679169444444444537e+01 6.780608125000000000e+05 1.000000000000000000e+00 2.894318749999999909e+02 -1.820824999999999960e+01 2.211979999999999507e+02 -1.593402777777777857e+01 1.893630161370671416e+00
1.000000000000000000e+00 4.267821180555333558e+04 3.507531666666665728e+02 1.679286111111111168e+01 6.772838125000000000e+05 1.000000000000000000e+00 2.902368749999999409e+02 -1.814649999999999963e+01 2.212602083333333098e+02 -1.595277777777777750e+01 1.880442519886324160e+00
1.000000000000000000e+00 4.267827430555332830e+04 3.552680416666666474e+02 -1.327950000000000053e+01 6.846415625000000000e+05 1.000000000000000000e+00 2.910422499999999673e+02 -1.808133333333333326e+01 2.213224583333333157e+02 -1.597150000000000070e+01 1.867254878501857007e+00
1.000000000000000000e+00 4.267828472221999982e+04 3.461055833333332998e+02 4.101988888888888596e+01 6.774614375000000000e+05 1.000000000000000000e+00 2.911764999999999191e+02 -1.807013888888888786e+01 2.213328333333332978e+02 -1.597461111111111087e+01 1.865056938187772850e+00
1.000000000000000000e+00 4.267834722221999982e+04 3.517812500000000000e+02 1.097869444444444476e+01 6.779270000000000000e+05 1.000000000000000000e+00 2.919823333333333153e+02 -1.800100000000000122e+01 2.213950833333333321e+02 -1.599333333333333229e+01 1.851869296789052877e+00
1.000000000000000000e+00 4.267840972221999982e+04 3.563136666666666201e+02 -1.907977777777777817e+01 6.869882500000000000e+05 1.000000000000000000e+00 2.927884999999999422e+02 -1.792844444444444463e+01 2.214573333333333096e+02 -1.601202777777777797e+01 1.838681655325158593e+00
1.000000000000000000e+00 4.267842013888666406e+04 3.476045416666666483e+02 3.523066666666667146e+01 6.769889375000000000e+05 1.000000000000000000e+00 2.929229166666666515e+02 -1.791599999999999682e+01 2.214677083333332916e+02 -1.601513888888888815e+01 1.836483715040322373e+00
1.000000000000000000e+00 4.267848263888666406e+04 3.527744583333332571e+02 5.164305555555555927e+00 6.789229375000000000e+05 1.000000000000000000e+00 2.937294999999999732e+02 -1.783944444444444244e+01 2.215299583333333260e+02 -1.603383333333333383e+01 1.823296073572052256e+00
1.000000000000000000e+00 4.267849305555333558e+04 3.394904999999999404e+02 5.923213888888889045e+01 6.792769375000000000e+05 1.000000000000000000e+00 2.938639583333333007e+02 -1.782636111111111177e+01 2.215403333333333080e+02 -1.603694444444444756e+01 1.821098133378072914e+00
1.000000000000000000e+00 4.267854513888666406e+04 3.574251249999999800e+02 -2.487300000000000111e+01 6.895563125000000000e+05 1.000000000000000000e+00 2.945363749999999641e+02 -1.775949999999999918e+01 2.215922499999999786e+02 -1.605250000000000199e+01 1.810108432160603575e+00
1.000000000000000000e+00 4.267855555555332830e+04 3.489207499999999982e+02 2.943008333333333582e+01 6.767055625000000000e+05 1.000000000000000000e+00 2.946709166666666420e+02 -1.774583333333333357e+01 2.216026249999999891e+02 -1.605558333333333465e+01 1.807910491899612504e+00
1.000000000000000000e+00 4.267861805555333558e+04 3.537516249999999332e+02 -6.488611111111111107e-01 6.802778125000000000e+05 1.000000000000000000e+00 2.954782083333333276e+02 -1.766191666666666649e+01 2.216649166666666417e+02 -1.607424999999999926e+01 1.794722850432026284e+00
1.000000000000000000e+00 4.267862847221999982e+04 3.423936666666666042e+02 5.354038888888888437e+01 6.786096875000000000e+05 1.000000000000000000e+00 2.956127916666666238e+02 -1.764761111111111092e+01 2.216753333333333273e+02 -1.607733333333333192e+01 1.792524910261683146e+00
1.000000000000000000e+00 4.267868055555332830e+04 3.586324583333332612e+02 -3.065708333333333258e+01 6.922796250000000000e+05 1.000000000000000000e+00 2.962857916666666256e+02 -1.757458333333333300e+01 2.217272499999999980e+02 -1.609286111111110884e+01 1.781535209022788058e+00
1.000000000000000000e+00 4.267869097221999255e+04 3.501084999999999354e+02 2.362222222222222356e+01 6.766675625000000000e+05 1.000000000000000000e+00 2.964204166666665969e+02 -1.755972222222222356e+01 2.217376249999999800e+02 -1.609597222222222257e+01 1.779337268714455522e+00
1.000000000000000000e+00 4.267875347221999982e+04 3.547304166666666561e+02 -6.459500000000000242e+00 6.819826875000000000e+05 1.000000000000000000e+00 2.972283749999999714e+02 -1.746841666666666626e+01 2.217999583333333078e+02 -1.611455555555555819e+01 1.766149627333264194e+00
1.000000000000000000e+00 4.267876388888666406e+04 3.446360833333332607e+02 4.780138888888888715e+01 6.779298750000000000e+05 1.000000000000000000e+00 2.973630416666666179e+02 -1.745288888888888934e+01 2.218103333333332898e+02 -1.611766666666666836e+01 1.763951687034459370e+00
1.000000000000000000e+00 4.267882638888666406e+04 3.512062083333332794e+02 1.781000000000000227e+01 6.769226250000000000e+05 1.000000000000000000e+00 2.981713333333333367e+02 -1.735763888888888928e+01 2.218727083333332928e+02 -1.613625000000000043e+01 1.750764045561224780e+00
1.000000000000000000e+00 4.267888888888666406e+04 3.557284999999999400e+02 -1.226636111111111127e+01 6.840130625000000000e+05 1.000000000000000000e+00 2.989799166666666679e+02 -1.725902777777777786e+01 2.219350416666666490e+02 -1.615480555555555497e+01 1.737576404126934815e+00
1.000000000000000000e+00 4.267889930555332830e+04 3.464566249999999172e+02 4.203311111111111131e+01 6.773023125000000000e+05 1.000000000000000000e+00 2.991147083333332830e+02 -1.724227777777777959e+01 2.219454583333333062e+02 -1.615788888888888764e+01 1.735378463897730761e+00
1.000000000000000000e+00 4.267896180555333558e+04 3.522426249999999186e+02 1.199558333333333238e+01 6.775070625000000000e+05 1.000000000000000000e+00 2.999235833333333403e+02 -1.713972222222222186e+01 2.220078333333333376e+02 -1.617644444444444574e+01 1.722190822497190910e+00
1.000000000000000000e+00 4.267902430555332830e+04 3.567652083333333053e+02 -1.806805555555555642e+01 6.863298750000000000e+05 1.000000000000000000e+00 3.007327500000000100e+02 -1.703380555555555631e+01 2.220702083333333121e+02 -1.619497222222222277e+01 1.709003181031319096e+00
1.000000000000000000e+00 4.267903472221999982e+04 3.479950833333332980e+02 3.624602777777777618e+01 6.767926875000000000e+05 1.000000000000000000e+00 3.008676249999999754e+02 -1.701583333333333314e+01 2.220805833333333226e+02 -1.619805555555555543e+01 1.706805240740827401e+00
1.000000000000000000e+00 4.267909722221999982e+04 3.532405416666666156e+02 6.180694444444444713e+00 6.784442500000000000e+05 1.000000000000000000e+00 3.016771249999999895e+02 -1.690599999999999881e+01 2.221430000000000007e+02 -1.621655555555555495e+01 1.693617599311147082e+00
1.000000000000000000e+00 4.267910763888666406e+04 3.395227916666665919e+02 6.022405555555555878e+01 6.791854375000000000e+05 1.000000000000000000e+00 3.018120416666666301e+02 -1.688738888888888923e+01 2.221534166666666579e+02 -1.621963888888888761e+01 1.691419659078879922e+00
1.000000000000000000e+00 4.267915972221999982e+04 3.578632916666666688e+02 -2.386297222222222203e+01 6.888805625000000000e+05 1.000000000000000000e+00 3.024868333333332657e+02 -1.679283333333333417e+01 2.222054166666666504e+02 -1.623502777777778050e+01 1.680429957887088488e+00
1.000000000000000000e+00 4.267917013888666406e+04 3.493388750000000300e+02 3.044669444444444295e+01 6.764640625000000000e+05 1.000000000000000000e+00 3.026217916666666383e+02 -1.677366666666666717e+01 2.222158333333333076e+02 -1.623811111111111316e+01 1.678232017633696671e+00
1.000000000000000000e+00 4.267923263888666406e+04 3.542192916666666633e+02 3.668055555555555514e-01 6.797429375000000000e+05 1.000000000000000000e+00 3.034317916666665838e+02 -1.665658333333333019e+01 2.222782499999999857e+02 -1.625658333333333161e+01 1.665044376145560667e+00
1.000000000000000000e+00 4.267924305555333558e+04 3.425792916666666201e+02 5.454313888888889039e+01 6.785088750000000000e+05 1.000000000000000000e+00 3.035668333333333067e+02 -1.663674999999999926e+01 2.222886666666666144e+02 -1.625966666666666782e+01 1.662846435881417673e+00
1.000000000000000000e+00 4.267929513888666406e+04 3.590514166666666256e+02 -2.964913888888888849e+01 6.916006875000000000e+05 1.000000000000000000e+00 3.042420416666666370e+02 -1.653619444444444753e+01 2.223407083333332821e+02 -1.627502777777777609e+01 1.651856734687812134e+00
1.000000000000000000e+00 4.267930555555332830e+04 3.505460833333332857e+02 2.463944444444444315e+01 6.763740625000000000e+05 1.000000000000000000e+00 3.043771249999999782e+02 -1.651580555555555563e+01 2.223510833333332926e+02 -1.627811111111110876e+01 1.649658794460804323e+00
1.000000000000000000e+00 4.267936805555333558e+04 3.551966249999999832e+02 -5.444777777777778383e+00 6.813967500000000000e+05 1.000000000000000000e+00 3.051876249999999118e+02 -1.639155555555555566e+01 2.224135416666666458e+02 -1.629652777777777928e+01 1.636471152973231646e+00
1.000000000000000000e+00 4.267937847221999982e+04 3.449165416666666601e+02 4.881047222222221649e+01 6.778106875000000000e+05 1.000000000000000000e+00 3.053227499999999850e+02 -1.637052777777777735e+01 2.224239583333333030e+02 -1.629961111111111194e+01 1.634273212764161043e+00
1.000000000000000000e+00 4.267944097221999255e+04 3.516573333333333267e+02 1.882738888888888695e+01 6.765720625000000000e+05 1.000000000000000000e+00 3.061335416666665878e+02 -1.624244444444444468e+01 2.224864583333333030e+02 -1.631800000000000139e+01 1.621085571272824044e+00
1.000000000000000000e+00 4.267950347221999982e+04 3.561900833333332912e+02 -1.125277777777777821e+01 6.833838750000000000e+05 1.000000000000000000e+00 3.069445833333332416e+02 -1.611105555555555569e+01 2.225489166666666563e+02 -1.633638888888888729e+01 1.607897929842498241e+00
1.000000000000000000e+00 4.267951388888666406e+04 3.467990833333332716e+02 4.304605555555555441e+01 6.771553750000000000e+05 1.000000000000000000e+00 3.070797916666666083e+02 -1.608883333333333354e+01 2.225593333333333135e+02 -1.633947222222221995e+01 1.605699989584163045e+00
1.000000000000000000e+00 4.267957638888666406e+04 3.527027916666665988e+02 1.301277777777777800e+01 6.770965625000000000e+05 1.000000000000000000e+00 3.078910833333333130e+02 -1.595361111111111008e+01 2.226218749999999886e+02 -1.635783333333333545e+01 1.592512348183199311e+00
1.000000000000000000e+00 4.267963888888666406e+04 3.572185833333333562e+02 -1.705586111111111336e+01 6.856676250000000000e+05 1.000000000000000000e+00 3.087026249999999550e+02 -1.581513888888888886e+01 2.226843749999999886e+02 -1.637616666666666632e+01 1.579324706730971029e+00
1.000000000000000000e+00 4.267964930555332830e+04 3.483796666666666511e+02 3.726130555555555901e+01 6.766088750000000000e+05 1.000000000000000000e+00 3.088379166666666151e+02 -1.579175000000000040e+01 2.226947916666666458e+02 -1.637924999999999898e+01 1.577126766470267283e+00
1.000000000000000000e+00 4.267971180555333558e+04 3.537060416666666356e+02 7.197444444444444756e+00 6.779733125000000000e+05 1.000000000000000000e+00 3.096497083333332512e+02 -1.564949999999999974e+01 2.227573333333332926e+02 -1.639755555555555588e+01 1.563939125028887211e+00
1.000000000000000000e+00 4.267972222221999982e+04 3.395185833333332539e+02 6.121352777777777732e+01 6.791051875000000000e+05 1.000000000000000000e+00 3.097850416666666433e+02 -1.562547222222222310e+01 2.227677499999999782e+02 -1.640061111111111103e+01 1.561741184745431443e+00
1.000000000000000000e+00 4.267977430555332830e+04 3.583041666666666174e+02 -2.285244444444444412e+01 6.881974375000000000e+05 1.000000000000000000e+00 3.104617499999999382e+02 -1.550399999999999956e+01 2.228198749999999677e+02 -1.641588888888888675e+01 1.550751483558286514e+00
1.000000000000000000e+00 4.267978472221999982e+04 3.497528333333332853e+02 3.146336111111110867e+01 6.762349375000000000e+05 1.000000000000000000e+00 3.105970833333332735e+02 -1.547944444444444478e+01 2.228302916666666533e+02 -1.641891666666666794e+01 1.548553543293169854e+00
1.000000000000000000e+00 4.267984722221999982e+04 3.546869166666666047e+02 1.382861111111111097e+00 6.792138125000000000e+05 1.000000000000000000e+00 3.114094166666666297e+02 -1.533022222222222197e+01 2.228928749999999752e+02 -1.643722222222222129e+01 1.535365901828130264e+00
1.000000000000000000e+00 4.267985763888666406e+04 3.427432083333332571e+02 5.554455555555555435e+01 6.784198750000000000e+05 1.000000000000000000e+00 3.115447916666665833e+02 -1.530502777777777901e+01 2.229032916666666324e+02 -1.644024999999999892e+01 1.533167961608820073e+00
1.000000000000000000e+00 4.267990972221999982e+04 3.594742083333333085e+02 -2.864063888888888698e+01 6.909108125000000000e+05 1.000000000000000000e+00 3.122219166666666297e+02 -1.517777777777777715e+01 2.229554166666666504e+02 -1.645550000000000068e+01 1.522178260403879824e+00
1.000000000000000000e+00 4.267992013888666406e+04 3.509807083333332685e+02 2.565683333333333138e+01 6.760926250000000000e+05 1.000000000000000000e+00 3.123573749999999336e+02 -1.515208333333333357e+01 2.229658749999999543e+02 -1.645852777777777831e+01 1.519980320148546893e+00
1.000000000000000000e+00 4.267998263888666406e+04 3.556632916666666233e+02 -4.429638888888889348e+00 6.808141250000000000e+05 1.000000000000000000e+00 3.131702083333333348e+02 -1.499594444444444363e+01 2.230284583333333046e+02 -1.647677777777777663e+01 1.506792678691851739e+00
1.000000000000000000e+00 4.267999305555333558e+04 3.451832083333333117e+02 4.981886111111111148e+01 6.777038125000000000e+05 1.000000000000000000e+00 3.133056666666666388e+02 -1.496961111111111187e+01 2.230388749999999902e+02 -1.647983333333333178e+01 1.504594738460042880e+00
1.000000000000000000e+00 4.268005555555332830e+04 3.521064166666665756e+02 1.984499999999999886e+01 6.762328750000000000e+05 1.000000000000000000e+00 3.141187916666665956e+02 -1.480977777777777860e+01 2.231014999999999873e+02 -1.649805555555555614e+01 1.491407097018174088e+00
1.000000000000000000e+00 4.268011805555333558e+04 3.566526666666666188e+02 -1.023877777777777709e+01 6.827551875000000000e+05 1.000000000000000000e+00 3.149321249999999850e+02 -1.464680555555555586e+01 2.231641249999999843e+02 -1.651624999999999943e+01 1.478219455579149688e+00
1.000000000000000000e+00 4.268012847221999982e+04 3.471322916666666174e+02 4.405863888888888624e+01 6.770212500000000000e+05 1.000000000000000000e+00 3.150677083333332575e+02 -1.461936111111111103e+01 2.231745416666666415e+02 -1.651930555555555458e+01 1.476021515269931861e+00
1.000000000000000000e+00 4.268019097221999255e+04 3.531616249999999582e+02 1.403027777777777807e+01 6.766964375000000000e+05 1.000000000000000000e+00 3.158813333333333162e+02 -1.445274999999999999e+01 2.232371666666666385e+02 -1.653747222222222391e+01 1.462833873814601393e+00
1.000000000000000000e+00 4.268025347221999982e+04 3.576736249999999586e+02 -1.604322222222222294e+01 6.850026875000000000e+05 1.000000000000000000e+00 3.166952083333333121e+02 -1.428302777777777877e+01 2.232998333333332823e+02 -1.655566666666666720e+01 1.449646232417254543e+00
1.000000000000000000e+00 4.268026388888666406e+04 3.487578749999999559e+02 3.827649999999999864e+01 6.764381250000000000e+05 1.000000000000000000e+00 3.168308749999999918e+02 -1.425444444444444514e+01 2.233102916666666431e+02 -1.655869444444444483e+01 1.447448292128905800e+00
1.000000000000000000e+00 4.268032638888666406e+04 3.541707916666666733e+02 8.214499999999999247e+00 6.775113125000000000e+05 1.000000000000000000e+00 3.176450833333332753e+02 -1.408116666666666639e+01 2.233729166666666401e+02 -1.657683333333333309e+01 1.434260650679099358e+00
1.000000000000000000e+00 4.268033680555333558e+04 3.394741666666666333e+02 6.220025000000000404e+01 6.790366875000000000e+05 1.000000000000000000e+00 3.177807916666666301e+02 -1.405197222222222209e+01 2.233833749999999725e+02 -1.657986111111111072e+01 1.432062710434780950e+00
1.000000000000000000e+00 4.268038888888666406e+04 3.587475416666666206e+02 -2.184141666666666382e+01 6.875082500000000000e+05 1.000000000000000000e+00 3.184595416666666097e+02 -1.390480555555555675e+01 2.234356249999999875e+02 -1.659497222222222135e+01 1.421073009218275063e+00
1.000000000000000000e+00 4.268039930555332830e+04 3.501622916666665901e+02 3.248005555555555901e+01 6.760190625000000000e+05 1.000000000000000000e+00 3.185952916666666397e+02 -1.387511111111111184e+01 2.234460416666666163e+02 -1.659799999999999898e+01 1.418875069009608358e+00
1.000000000000000000e+00 4.268046180555333558e+04 3.551543333333333408e+02 2.399249999999999883e+00 6.786915625000000000e+05 1.000000000000000000e+00 3.194100833333333185e+02 -1.369522222222222219e+01 2.235087499999999636e+02 -1.661611111111111327e+01 1.405687427568806047e+00
1.000000000000000000e+00 4.268047222221999982e+04 3.428834583333333512e+02 5.654449999999999932e+01 6.783431250000000000e+05 1.000000000000000000e+00 3.195459166666666420e+02 -1.366494444444444412e+01 2.235192083333332960e+02 -1.661911111111110984e+01 1.403489487280593861e+00
1.000000000000000000e+00 4.268052430555332830e+04 3.599005833333333157e+02 -2.763158333333333516e+01 6.902111875000000000e+05 1.000000000000000000e+00 3.202251666666666097e+02 -1.351230555555555490e+01 2.235714583333333110e+02 -1.663419444444444295e+01 1.392499786115926952e+00
1.000000000000000000e+00 4.268053472221999982e+04 3.514121666666666215e+02 2.667433333333333323e+01 6.758241250000000000e+05 1.000000000000000000e+00 3.203610416666666652e+02 -1.348152777777777800e+01 2.235819166666666433e+02 -1.663719444444444306e+01 1.390301845834781114e+00
1.000000000000000000e+00 4.268059722221999982e+04 3.561302916666666079e+02 -3.414138888888888612e+00 6.802360625000000000e+05 1.000000000000000000e+00 3.211764583333333007e+02 -1.329513888888888928e+01 2.236446249999999907e+02 -1.665527777777777629e+01 1.377114204414468857e+00
1.000000000000000000e+00 4.268060763888666406e+04 3.454349583333332703e+02 5.082644444444444787e+01 6.776097500000000000e+05 1.000000000000000000e+00 3.213124166666666497e+02 -1.326380555555555496e+01 2.236550833333333230e+02 -1.665827777777777641e+01 1.374916264142279632e+00
1.000000000000000000e+00 4.268067013888666406e+04 3.525533333333332848e+02 2.086283333333333445e+01 6.759061250000000000e+05 1.000000000000000000e+00 3.221281666666665728e+02 -1.307394444444444481e+01 2.237178333333333171e+02 -1.667633333333333567e+01 1.361728622699167834e+00
1.000000000000000000e+00 4.268073263888666406e+04 3.571161666666666292e+02 -9.224361111111111455e+00 6.821282500000000000e+05 1.000000000000000000e+00 3.229442916666665724e+02 -1.288116666666666710e+01 2.237805833333332828e+02 -1.669436111111111032e+01 1.348540981215710310e+00
1.000000000000000000e+00 4.268074305555333558e+04 3.474556666666666160e+02 4.507083333333333997e+01 6.769004375000000000e+05 1.000000000000000000e+00 3.230803333333333285e+02 -1.284875000000000078e+01 2.237910416666666436e+02 -1.669736111111111043e+01 1.346343040985611639e+00
1.000000000000000000e+00 4.268080555555332830e+04 3.536189999999999714e+02 1.504802777777777756e+01 6.763076250000000000e+05 1.000000000000000000e+00 3.238968749999999659e+02 -1.265258333333333418e+01 2.238537916666666092e+02 -1.671538888888888863e+01 1.333155399520281170e+00
1.000000000000000000e+00 4.268086805555333558e+04 3.581302499999999895e+02 -1.503008333333333368e+01 6.843363125000000000e+05 1.000000000000000000e+00 3.247137083333333294e+02 -1.245352777777777753e+01 2.239165833333333069e+02 -1.673336111111111180e+01 1.319967758073270492e+00
1.000000000000000000e+00 4.268087847221999982e+04 3.491293333333332498e+02 3.929149999999999920e+01 6.762811250000000000e+05 1.000000000000000000e+00 3.248498749999999404e+02 -1.242008333333333248e+01 2.239270416666666392e+02 -1.673636111111111191e+01 1.317769817834016921e+00
1.000000000000000000e+00 4.268094097221999255e+04 3.546347499999999400e+02 9.231888888888889255e+00 6.770591875000000000e+05 1.000000000000000000e+00 3.256671666666666169e+02 -1.221772222222222304e+01 2.239898333333333085e+02 -1.675433333333333508e+01 1.304582176418062067e+00
1.000000000000000000e+00 4.268095138888666406e+04 3.393851666666666347e+02 6.318383333333333240e+01 6.789802500000000000e+05 1.000000000000000000e+00 3.258034166666665783e+02 -1.218369444444444483e+01 2.240002916666666408e+02 -1.675733333333333164e+01 1.302384236134552120e+00
1.000000000000000000e+00 4.268100347221999982e+04 3.591932499999999777e+02 -2.082988888888888823e+01 6.868142500000000000e+05 1.000000000000000000e+00 3.264848333333332562e+02 -1.201249999999999929e+01 2.240526666666666529e+02 -1.677227777777777717e+01 1.291394534893515411e+00
1.000000000000000000e+00 4.268101388888666406e+04 3.505669999999999504e+02 3.349677777777777976e+01 6.758170000000000000e+05 1.000000000000000000e+00 3.266211666666666247e+02 -1.197802777777777727e+01 2.240631249999999568e+02 -1.677527777777777729e+01 1.289196594673471585e+00
1.000000000000000000e+00 4.268107638888666406e+04 3.556214583333332939e+02 3.416027777777777885e+00 6.781773750000000000e+05 1.000000000000000000e+00 3.274392499999999586e+02 -1.176958333333333329e+01 2.241259583333333012e+02 -1.679319444444444542e+01 1.276008953209245123e+00
1.000000000000000000e+00 4.268108680555333558e+04 3.429978750000000218e+02 5.754277777777777914e+01 6.782790000000000000e+05 1.000000000000000000e+00 3.275756666666666206e+02 -1.173455555555555385e+01 2.241364166666666620e+02 -1.679619444444444554e+01 1.273811012999724657e+00
1.000000000000000000e+00 4.268114930555332830e+04 3.518402916666665874e+02 2.769200000000000017e+01 6.755693750000000000e+05 1.000000000000000000e+00 3.283942499999999427e+02 -1.152288888888888962e+01 2.241992499999999779e+02 -1.681411111111111012e+01 1.260623371526374381e+00
1.000000000000000000e+00 4.268121180555333558e+04 3.565975416666666433e+02 -2.398194444444444517e+00 6.796636875000000000e+05 1.000000000000000000e+00 3.292132916666666347e+02 -1.130847222222222292e+01 2.242621249999999691e+02 -1.683200000000000074e+01 1.247435730076015492e+00
1.000000000000000000e+00 4.268122222221999982e+04 3.456705833333332976e+02 5.183311111111111558e+01 6.775290625000000000e+05 1.000000000000000000e+00 3.293498333333332653e+02 -1.127247222222222334e+01 2.242725833333333014e+02 -1.683497222222221978e+01 1.245237789846496801e+00
1.000000000000000000e+00 4.268128472221999982e+04 3.529978749999999650e+02 2.188086111111111265e+01 6.755925625000000000e+05 1.000000000000000000e+00 3.301694166666666206e+02 -1.105491666666666717e+01 2.243354583333332926e+02 -1.685283333333333644e+01 1.232050148431256487e+00
1.000000000000000000e+00 4.268134722221999982e+04 3.575804583333332971e+02 -8.209499999999998465e+00 6.815042500000000000e+05 1.000000000000000000e+00 3.309894583333332889e+02 -1.083472222222222214e+01 2.243983333333333121e+02 -1.687069444444444599e+01 1.218862506933960033e+00
1.000000000000000000e+00 4.268135763888666406e+04 3.477684166666666101e+02 4.608258333333333923e+01 6.767935000000000000e+05 1.000000000000000000e+00 3.311261666666666201e+02 -1.079775000000000063e+01 2.244088333333332912e+02 -1.687366666666666859e+01 1.216664566678318682e+00
1.000000000000000000e+00 4.268142013888666406e+04 3.540747916666666697e+02 1.606605555555555753e+01 6.759311875000000000e+05 1.000000000000000000e+00 3.319467499999999518e+02 -1.057447222222222116e+01 2.244717083333332823e+02 -1.689147222222222311e+01 1.203476925217360716e+00
1.000000000000000000e+00 4.268148263888666406e+04 3.585882916666665778e+02 -1.401652777777777814e+01 6.836698125000000000e+05 1.000000000000000000e+00 3.327678749999999468e+02 -1.034858333333333391e+01 2.245346249999999770e+02 -1.690930555555555515e+01 1.190289283775499696e+00
1.000000000000000000e+00 4.268149305555333558e+04 3.494935416666666583e+02 4.030633333333332757e+01 6.761384375000000000e+05 1.000000000000000000e+00 3.329047916666666538e+02 -1.031069444444444549e+01 2.245451249999999845e+02 -1.691225000000000023e+01 1.188091343520892407e+00
1.000000000000000000e+00 4.268155555555332830e+04 3.550977499999999623e+02 1.024961111111110945e+01 6.766180625000000000e+05 1.000000000000000000e+00 3.337264999999999873e+02 -1.008183333333333387e+01 2.246080416666666508e+02 -1.693005555555555830e+01 1.174903702081972812e+00
1.000000000000000000e+00 4.268156597221999255e+04 3.392466249999999377e+02 6.416391666666666538e+01 6.789363125000000000e+05 1.000000000000000000e+00 3.338635416666666629e+02 -1.004344444444444484e+01 2.246185416666666299e+02 -1.693299999999999983e+01 1.172705761866583707e+00
1.000000000000000000e+00 4.268161805555333558e+04 3.596411666666666065e+02 -1.981786111111111026e+01 6.861165625000000000e+05 1.000000000000000000e+00 3.345487916666666592e+02 -9.850444444444443448e+00 2.246709999999999638e+02 -1.694780555555555424e+01 1.161716060604203626e+00
1.000000000000000000e+00 4.268162847221999982e+04 3.509666666666665833e+02 3.451347222222221944e+01 6.756295625000000000e+05 1.000000000000000000e+00 3.346859166666666852e+02 -9.811638888888889909e+00 2.246814583333332962e+02 -1.695077777777777683e+01 1.159518120425853116e+00
1.000000000000000000e+00 4.268169097221999255e+04 3.560882083333333412e+02 4.433166666666666700e+00 6.776723125000000000e+05 1.000000000000000000e+00 3.355088749999999322e+02 -9.577361111111111214e+00 2.247444166666666376e+02 -1.696852777777777632e+01 1.146330478958573096e+00
1.000000000000000000e+00 4.268170138888666406e+04 3.430840416666666215e+02 5.853922222222222160e+01 6.782280625000000000e+05 1.000000000000000000e+00 3.356460833333333085e+02 -9.538083333333332803e+00 2.247549166666666451e+02 -1.697147222222222140e+01 1.144132538698875434e+00
1.000000000000000000e+00 4.268176388888666406e+04 3.522647916666666106e+02 2.870974999999999966e+01 6.753291875000000000e+05 1.000000000000000000e+00 3.364697499999999764e+02 -9.300944444444445125e+00 2.248178749999999582e+02 -1.698919444444444693e+01 1.130944897237047053e+00
1.000000000000000000e+00 4.268182638888666406e+04 3.570649583333332657e+02 -1.381888888888888944e+00 6.790981875000000000e+05 1.000000000000000000e+00 3.372940416666666579e+02 -9.061416666666668007e+00 2.248808749999999748e+02 -1.700688888888888783e+01 1.117757255803727645e+00
1.000000000000000000e+00 4.268183680555333558e+04 3.458888333333333094e+02 5.283880555555555958e+01 6.774621250000000000e+05 1.000000000000000000e+00 3.374314583333333530e+02 -9.021277777777777729e+00 2.248913749999999538e+02 -1.700986111111111043e+01 1.115559315531127194e+00
1.000000000000000000e+00 4.268189930555332830e+04 3.534399166666666474e+02 2.289911111111111097e+01 6.752930625000000000e+05 1.000000000000000000e+00 3.382564999999999600e+02 -8.779000000000001691e+00 2.249543749999999420e+02 -1.702752777777777737e+01 1.102371674086412012e+00
1.000000000000000000e+00 4.268196180555333558e+04 3.580455000000000041e+02 -7.194194444444444336e+00 6.808844375000000000e+05 1.000000000000000000e+00 3.390822499999999877e+02 -8.534388888888889468e+00 2.250173749999999586e+02 -1.704519444444444787e+01 1.089184032580827521e+00
1.000000000000000000e+00 4.268197222221999982e+04 3.480698333333332926e+02 4.709377777777778107e+01 6.767010000000000000e+05 1.000000000000000000e+00 3.392199166666666201e+02 -8.493416666666666615e+00 2.250278749999999661e+02 -1.704813888888888940e+01 1.086986092394235159e+00
1.000000000000000000e+00 4.268203472221999982e+04 3.545289166666665892e+02 1.708436111111111089e+01 6.755680000000000000e+05 1.000000000000000000e+00 3.400464583333333053e+02 -8.246166666666665535e+00 2.250909166666666295e+02 -1.706577777777777882e+01 1.073798450935493198e+00
1.000000000000000000e+00 4.268209722221999982e+04 3.590476666666666574e+02 -1.300249999999999950e+01 6.830043750000000000e+05 1.000000000000000000e+00 3.408737499999999159e+02 -7.996666666666667034e+00 2.251539583333333212e+02 -1.708338888888888718e+01 1.060610809474362703e+00
1.000000000000000000e+00 4.268210763888666406e+04 3.498500416666666410e+02 4.132091666666666896e+01 6.760106875000000000e+05 1.000000000000000000e+00 3.410117083333332744e+02 -7.954861111111111605e+00 2.251644583333333003e+02 -1.708633333333333226e+01 1.058412869244729881e+00
1.000000000000000000e+00 4.268217013888666406e+04 3.555597083333332762e+02 1.126763888888888943e+01 6.761889375000000000e+05 1.000000000000000000e+00 3.418398750000000064e+02 -7.702833333333333421e+00 2.252275416666666388e+02 -1.710394444444444417e+01 1.045225227775020693e+00
1.000000000000000000e+00 4.268218055555332830e+04 3.390529166666666470e+02 6.514000000000000057e+01 6.789051250000000000e+05 1.000000000000000000e+00 3.419779583333333335e+02 -7.660611111111111704e+00 2.252380416666666463e+02 -1.710686111111111174e+01 1.043027287538641490e+00
1.000000000000000000e+00 4.268224305555333558e+04 3.513609583333333148e+02 3.553011111111111120e+01 6.754573125000000000e+05 1.000000000000000000e+00 3.428070416666666347e+02 -7.406083333333334018e+00 2.253011249999999848e+02 -1.712444444444444613e+01 1.029839646085292992e+00
1.000000000000000000e+00 4.268230555555332830e+04 3.565545416666665801e+02 5.450638888888889255e+00 6.771775625000000000e+05 1.000000000000000000e+00 3.436369166666665933e+02 -7.149472222222222229e+00 2.253642083333333233e+02 -1.714199999999999946e+01 1.016652004642396356e+00
1.000000000000000000e+00 4.268231597221999255e+04 3.431392083333333289e+02 5.953358333333333263e+01 6.781905625000000000e+05 1.000000000000000000e+00 3.437753333333333217e+02 -7.106499999999999595e+00 2.253747083333333308e+02 -1.714491666666666703e+01 1.014454064353298435e+00
1.000000000000000000e+00 4.268237847221999982e+04 3.526855416666666656e+02 2.972758333333333169e+01 6.751041875000000000e+05 1.000000000000000000e+00 3.446062083333333135e+02 -6.847500000000000142e+00 2.254378333333333160e+02 -1.716247222222222035e+01 1.001266422915706888e+00
1.000000000000000000e+00 4.268244097221999255e+04 3.575324583333332384e+02 -3.651666666666666394e-01 6.785407500000000000e+05 1.000000000000000000e+00 3.454379583333333130e+02 -6.586500000000000021e+00 2.255009583333333012e+02 -1.717997222222222220e+01 9.880787815145477548e-01
1.000000000000000000e+00 4.268245138888666406e+04 3.460881666666666092e+02 5.384336111111111478e+01 6.774093750000000000e+05 1.000000000000000000e+00 3.455766666666666538e+02 -6.542833333333333279e+00 2.255114583333333087e+02 -1.718288888888888977e+01 9.858808412124232534e-01
1.000000000000000000e+00 4.268251388888666406e+04 3.538792916666666315e+02 2.391752777777777794e+01 6.750085625000000000e+05 1.000000000000000000e+00 3.464094999999999800e+02 -6.279555555555555557e+00 2.255745833333332939e+02 -1.720038888888888806e+01 9.726931997837390265e-01
1.000000000000000000e+00 4.268257638888666406e+04 3.585111249999999359e+02 -6.178500000000000547e+00 6.802700000000000000e+05 1.000000000000000000e+00 3.472432499999999322e+02 -6.014416666666666522e+00 2.256377499999999543e+02 -1.721786111111110884e+01 9.595055583089646678e-01
1.000000000000000000e+00 4.268258680555333558e+04 3.483590416666665988e+02 4.810436111111111046e+01 6.766234375000000000e+05 1.000000000000000000e+00 3.473822916666666174e+02 -5.970055555555555671e+00 2.256482916666666370e+02 -1.722077777777777641e+01 9.573076181055858447e-01
1.000000000000000000e+00 4.268264930555332830e+04 3.549812083333333135e+02 1.810291666666666899e+01 6.752190000000000000e+05 1.000000000000000000e+00 3.482171666666666283e+02 -5.702749999999999986e+00 2.257114166666666222e+02 -1.723822222222222322e+01 9.441199765904630947e-01
1.000000000000000000e+00 4.268271180555333558e+04 3.595082499999999186e+02 -1.198799999999999955e+01 6.823412500000000000e+05 1.000000000000000000e+00 3.490530416666666156e+02 -5.433666666666667311e+00 2.257746249999999861e+02 -1.725566666666666649e+01 9.309323351537347468e-01
1.000000000000000000e+00 4.268272222221999982e+04 3.501982916666665915e+02 4.233519444444444702e+01 6.758984375000000000e+05 1.000000000000000000e+00 3.491924583333332635e+02 -5.388666666666667382e+00 2.257851249999999652e+02 -1.725855555555555654e+01 9.287343949363033868e-01
1.000000000000000000e+00 4.268278472221999982e+04 3.560205416666666451e+02 1.228597222222222207e+01 6.757728125000000000e+05 1.000000000000000000e+00 3.500294999999999845e+02 -5.117555555555554747e+00 2.258483333333333292e+02 -1.727597222222222229e+01 9.155467534670673757e-01
1.000000000000000000e+00 4.268285763888666406e+04 3.517495000000000118e+02 3.654666666666666686e+01 6.753010000000000000e+05 1.000000000000000000e+00 3.510074166666666429e+02 -4.799194444444444763e+00 2.259220833333333189e+02 -1.729625000000000057e+01 9.001611717628584808e-01
1.000000000000000000e+00 4.268292013888666406e+04 3.570202916666666511e+02 6.468472222222222179e+00 6.766941250000000000e+05 1.000000000000000000e+00 3.518468333333332794e+02 -4.524527777777778148e+00 2.259852916666666545e+02 -1.731363888888888880e+01 8.869735303437638052e-01
1.000000000000000000e+00 4.268293055555332830e+04 3.431602499999999623e+02 6.052563888888888499e+01 6.781668125000000000e+05 1.000000000000000000e+00 3.519868333333332657e+02 -4.478611111111111320e+00 2.259958333333333087e+02 -1.731652777777777885e+01 8.847755900684399766e-01
1.000000000000000000e+00 4.268299305555333558e+04 3.531022499999999695e+02 3.074544444444444480e+01 6.748952500000000000e+05 1.000000000000000000e+00 3.528275833333332798e+02 -4.202138888888889312e+00 2.260590833333333194e+02 -1.733386111111110850e+01 8.715879486185184044e-01
1.000000000000000000e+00 4.268305555555332830e+04 3.579999583333333248e+02 6.519166666666666998e-01 6.779925000000000000e+05 1.000000000000000000e+00 3.536694583333332957e+02 -3.924194444444444319e+00 2.261223333333333017e+02 -1.735119444444444525e+01 8.584003071678673047e-01
1.000000000000000000e+00 4.268306597221999255e+04 3.462669999999999391e+02 5.484663888888889005e+01 6.773711250000000000e+05 1.000000000000000000e+00 3.538098749999999768e+02 -3.877722222222222292e+00 2.261328749999999559e+02 -1.735408333333333530e+01 8.562023669478456833e-01
1.000000000000000000e+00 4.268312847221999982e+04 3.543157916666665983e+02 2.493608333333333249e+01 6.747398125000000000e+05 1.000000000000000000e+00 3.546531666666666069e+02 -3.598111111111111260e+00 2.261961249999999666e+02 -1.737138888888889099e+01 8.430147254542079693e-01
1.000000000000000000e+00 4.268319097221999255e+04 3.589772916666666447e+02 -5.162361111111111178e+00 6.796622500000000000e+05 1.000000000000000000e+00 3.554976666666666461e+02 -3.317111111111110677e+00 2.262594166666666524e+02 -1.738866666666666561e+01 8.298270840254444725e-01
1.000000000000000000e+00 4.268320138888666406e+04 3.486351249999999595e+02 4.911424999999999841e+01 6.765611250000000000e+05 1.000000000000000000e+00 3.556385416666666401e+02 -3.270166666666666444e+00 2.262699583333333067e+02 -1.739155555555555566e+01 8.276291437752585356e-01
1.000000000000000000e+00 4.268326388888666406e+04 3.554315833333333217e+02 1.912166666666666615e+01 6.748851250000000000e+05 1.000000000000000000e+00 3.564845416666665869e+02 -2.987638888888888733e+00 2.263332499999999641e+02 -1.740880555555555276e+01 8.144415023341358140e-01
1.000000000000000000e+00 4.268332638888666406e+04 3.599699166666666201e+02 -1.097305555555555578e+01 6.816818125000000000e+05 1.000000000000000000e+00 3.573317916666666179e+02 -2.703888888888889230e+00 2.263965416666666499e+02 -1.742605555555555696e+01 8.012538608583712474e-01
1.000000000000000000e+00 4.268333680555333558e+04 3.505377499999999600e+02 4.334913888888888778e+01 6.758021875000000000e+05 1.000000000000000000e+00 3.574731249999999818e+02 -2.656472222222222346e+00 2.264071249999999793e+02 -1.742891666666666950e+01 7.990559206363854194e-01
1.000000000000000000e+00 4.268339930555332830e+04 3.564801249999999868e+02 1.330458333333333343e+01 6.753706875000000000e+05 1.000000000000000000e+00 3.583219583333332707e+02 -2.371361111111111253e+00 2.264704166666666367e+02 -1.744613888888888908e+01 7.858682792010354135e-01
1.000000000000000000e+00 4.268347222221999982e+04 3.521319583333332162e+02 3.756308333333333138e+01 6.751611250000000000e+05 1.000000000000000000e+00 3.593139583333332894e+02 -2.037305555555555259e+00 2.265443333333332987e+02 -1.746622222222222121e+01 7.704826974863911992e-01
1.000000000000000000e+00 4.268359722221999982e+04 2.079291666666666316e+00 -2.257799999999999940e+01 6.866106875000000000e+05 1.000000000000000000e+00 1.019041666666666623e+00 -1.461472222222222284e+00 2.266710416666666390e+02 -1.750055555555555387e+01 7.441074145279564789e-01
1.000000000000000000e+00 4.268373263888666406e+04 3.244999999999999662e+00 -2.836877777777777965e+01 6.894065000000000000e+05 1.000000000000000000e+00 2.872749999999999471e+00 -8.335555555555556051e-01 2.268083749999999839e+02 -1.753763888888888900e+01 7.155341914383138713e-01
1.000000000000000000e+00 4.268394097221999255e+04 4.325833333333333197e-01 -9.957638888888888928e+00 6.810273125000000000e+05 1.000000000000000000e+00 5.738708333333332412e+00 1.391666666666666607e-01 2.270197916666666345e+02 -1.759455555555555506e+01 6.715753865664882971e-01
1.000000000000000000e+00 4.268407638888666406e+04 1.451916666666666300e+00 -1.576477777777777689e+01 6.833156875000000000e+05 1.000000000000000000e+00 7.611208333333332909e+00 7.747222222222223120e-01 2.271573333333332982e+02 -1.763141666666666652e+01 6.430021634045073320e-01
1.000000000000000000e+00 4.268421180555333558e+04 2.523124999999999396e+00 -2.156566666666666876e+01 6.858791250000000000e+05 1.000000000000000000e+00 9.491625000000000867e+00 1.411999999999999922e+00 2.272948749999999620e+02 -1.766819444444444542e+01 6.144289402471987405e-01
1.000000000000000000e+00 4.268434722221999982e+04 3.672124999999999861e+00 -2.735847222222222541e+01 6.886567500000000000e+05 1.000000000000000000e+00 1.138024999999999842e+01 2.050249999999999684e+00 2.274324999999999761e+02 -1.770488888888888823e+01 5.858557170718333706e-01
1.000000000000000000e+00 4.268448263888666406e+04 4.932833333333332959e+00 -3.314080555555555208e+01 6.915770000000000000e+05 1.000000000000000000e+00 1.327737499999999748e+01 2.688666666666666760e+00 2.275702083333333121e+02 -1.774147222222222453e+01 5.572824939297388314e-01
1.000000000000000000e+00 4.268455555555332830e+04 8.961249999999999494e-01 -8.941805555555555785e+00 6.803790625000000000e+05 1.000000000000000000e+00 1.430245833333333216e+01 3.032222222222222374e+00 2.276443749999999682e+02 -1.776113888888889036e+01 5.418969122588314091e-01
1.000000000000000000e+00 4.268469097221999255e+04 1.908749999999999725e+00 -1.475027777777777693e+01 6.826195000000000000e+05 1.000000000000000000e+00 1.621312499999999801e+01 3.669333333333333336e+00 2.277821666666666545e+02 -1.779758333333333553e+01 5.133236891111336853e-01
1.000000000000000000e+00 4.268482638888666406e+04 2.969249999999999279e+00 -2.055277777777777715e+01 6.851469375000000000e+05 1.000000000000000000e+00 1.813287499999999852e+01 4.304555555555555024e+00 2.279200416666666342e+02 -1.783391666666666708e+01 4.847504659446627562e-01
1.000000000000000000e+00 4.268496180555333558e+04 4.102541666666666309e+00 -2.634755555555555517e+01 6.879025000000000000e+05 1.000000000000000000e+00 2.006195833333332956e+01 4.937027777777777793e+00 2.280579583333332891e+02 -1.787016666666666609e+01 4.561772427947121122e-01
1.000000000000000000e+00 4.268503472221999982e+04 3.778749999999999609e-01 -2.111472222222222417e+00 6.778911250000000000e+05 1.000000000000000000e+00 2.110462499999999508e+01 5.276138888888889156e+00 2.281322499999999422e+02 -1.788966666666666683e+01 4.407916610955934233e-01
1.000000000000000000e+00 4.268509722221999982e+04 5.340916666666665868e+00 -3.213230555555555412e+01 6.908161250000000000e+05 1.000000000000000000e+00 2.200058333333333138e+01 5.565888888888888886e+00 2.281959583333332944e+02 -1.790633333333333255e+01 4.276040196632999169e-01
1.000000000000000000e+00 4.268517013888666406e+04 1.360458333333333103e+00 -7.925500000000000433e+00 6.797382500000000000e+05 1.000000000000000000e+00 2.304845833333332905e+01 5.902694444444445132e+00 2.282702916666666226e+02 -1.792577777777777825e+01 4.122184379599754811e-01
1.000000000000000000e+00 4.268530555555332830e+04 2.366958333333333275e+00 -1.373527777777777636e+01 6.819275625000000000e+05 1.000000000000000000e+00 2.500199999999999534e+01 6.524250000000000327e+00 2.284083749999999782e+02 -1.796177777777777607e+01 3.836452147991804007e-01
1.000000000000000000e+00 4.268544097221999255e+04 3.417541666666666700e+00 -1.953938888888889025e+01 6.844153750000000000e+05 1.000000000000000000e+00 2.696545833333332709e+01 7.139916666666667133e+00 2.285464999999999520e+02 -1.799769444444444488e+01 3.550719916322222502e-01
1.000000000000000000e+00 4.268557638888666406e+04 4.536124999999999297e+00 -2.533605555555555355e+01 6.871450000000000000e+05 1.000000000000000000e+00 2.893891666666666040e+01 7.748777777777777764e+00 2.286847083333332762e+02 -1.803352777777778115e+01 3.264987685200403944e-01
1.000000000000000000e+00 4.268564930555332830e+04 8.451250000000000151e-01 -1.093694444444444303e+00 6.773222500000000000e+05 1.000000000000000000e+00 3.000570833333333098e+01 8.073499999999999233e+00 2.287591666666666299e+02 -1.805277777777777715e+01 3.111131868060186823e-01
1.000000000000000000e+00 4.268571180555333558e+04 5.753458333333333563e+00 -3.112313888888888869e+01 6.900480000000000000e+05 1.000000000000000000e+00 3.092241666666665623e+01 8.349944444444444613e+00 2.288229999999999791e+02 -1.806925000000000026e+01 2.979255453452770985e-01
1.000000000000000000e+00 4.268578472221999982e+04 1.825458333333333183e+00 -6.908750000000000391e+00 6.791063125000000000e+05 1.000000000000000000e+00 3.199466666666666015e+01 8.670138888888887507e+00 2.288974999999999795e+02 -1.808844444444444477e+01 2.825399636580809282e-01
1.000000000000000000e+00 4.268592013888666406e+04 2.826499999999999346e+00 -1.271983333333333377e+01 6.812411875000000000e+05 1.000000000000000000e+00 3.399366666666666248e+01 9.257611111111110347e+00 2.290358749999999759e+02 -1.812402777777777985e+01 2.539667405120433763e-01
1.000000000000000000e+00 4.268605555555332830e+04 3.867833333333333012e+00 -1.852544444444444238e+01 6.836859375000000000e+05 1.000000000000000000e+00 3.600270833333333087e+01 9.835055555555555884e+00 2.291742916666666758e+02 -1.815949999999999775e+01 2.253935173317402896e-01
1.000000000000000000e+00 4.268612847221999982e+04 3.337083333333333290e-01 5.742972222222221923e+00 6.754302500000000000e+05 1.000000000000000000e+00 3.708866666666666845e+01 1.014149999999999885e+01 2.292488749999999982e+02 -1.817855555555555824e+01 2.100079356698158206e-01
1.000000000000000000e+00 4.268619097221999255e+04 4.972624999999998963e+00 -2.432399999999999807e+01 6.863857500000000000e+05 1.000000000000000000e+00 3.802174999999999727e+01 1.040150000000000041e+01 2.293128333333333160e+02 -1.819486111111111271e+01 1.968202941801423522e-01
1.000000000000000000e+00 4.268626388888666406e+04 1.312458333333333060e+00 -7.552777777777777701e-02 6.767660625000000000e+05 1.000000000000000000e+00 3.911304166666666049e+01 1.070163888888888870e+01 2.293874166666666383e+02 -1.821388888888888857e+01 1.814347125042765352e-01
1.000000000000000000e+00 4.268632638888666406e+04 6.170166666666665911e+00 -3.011333333333333329e+01 6.892740625000000000e+05 1.000000000000000000e+00 4.005066666666665753e+01 1.095605555555555455e+01 2.294513749999999561e+02 -1.823016666666666552e+01 1.682470710409692816e-01
1.000000000000000000e+00 4.268639930555332830e+04 2.291041666666666199e+00 -5.891583333333333172e+00 6.784843750000000000e+05 1.000000000000000000e+00 4.114716666666666356e+01 1.124941666666666507e+01 2.295260416666666572e+02 -1.824911111111111239e+01 1.528614893793691920e-01
1.000000000000000000e+00 4.268653472221999982e+04 3.287166666666666348e+00 -1.170388888888888879e+01 6.805618125000000000e+05 1.000000000000000000e+00 4.319091666666665930e+01 1.178388888888888886e+01 2.296647083333333228e+02 -1.828425000000000011e+01 1.242882661740591366e-01
1.000000000000000000e+00 4.268667013888666406e+04 4.319999999999999396e+00 -1.751099999999999923e+01 6.829598750000000000e+05 1.000000000000000000e+00 4.524395833333333172e+01 1.230419444444444466e+01 2.298034166666666351e+02 -1.831927777777777777e+01 9.571504301052015384e-02
1.000000000000000000e+00 4.268674305555333558e+04 7.990833333333333677e-01 6.762222222222222356e+00 6.749614375000000000e+05 1.000000000000000000e+00 4.635324999999999562e+01 1.257819444444444379e+01 2.298781666666666297e+02 -1.833811111111111103e+01 8.032946132490120794e-02
1.000000000000000000e+00 4.268680555555332830e+04 5.411874999999998437e+00 -2.331133333333333368e+01 6.856260625000000000e+05 1.000000000000000000e+00 4.730612499999999443e+01 1.280947222222222237e+01 2.299422499999999445e+02 -1.835422222222222288e+01 6.714181984619220500e-02
1.000000000000000000e+00 4.268687847221999982e+04 1.779708333333333226e+00 9.430277777777777981e-01 6.762238125000000000e+05 1.000000000000000000e+00 4.842016666666666680e+01 1.307499999999999929e+01 2.300169999999999959e+02 -1.837300000000000111e+01 5.175623815800548672e-02
1.000000000000000000e+00 4.268694097221999255e+04 6.590791666666666160e+00 -2.910286111111111396e+01 6.884956250000000000e+05 1.000000000000000000e+00 4.937699999999998823e+01 1.329883333333333262e+01 2.300810833333333107e+02 -1.838905555555555438e+01 3.856859673860420223e-02
1.000000000000000000e+00 4.268701388888666406e+04 2.757124999999999382e+00 -4.874000000000000554e+00 6.778737500000000000e+05 1.000000000000000000e+00 5.049558333333332882e+01 1.355547222222222281e+01 2.301559166666666272e+02 -1.840777777777777757e+01 2.318301501165715567e-02
1.000000000000000000e+00 4.268714930555332830e+04 3.748958333333332948e+00 -1.068747222222222248e+01 6.798906875000000000e+05 1.000000000000000000e+00 5.257912499999999767e+01 1.401880555555555574e+01 2.302948749999999620e+02 -1.844247222222222149e+01 5.390208139135418963e-03
1.000000000000000000e+00 4.268722222221999982e+04 2.564583333333332882e-01 1.360227777777777725e+01 6.737168750000000000e+05 1.000000000000000000e+00 5.370424999999998761e+01 1.426091666666666669e+01 2.303697083333333069e+02 -1.846111111111111214e+01 2.077578977376032948e-02
1.000000000000000000e+00 4.268728472221999982e+04 4.773916666666665698e+00 -1.649605555555555725e+01 6.822386875000000000e+05 1.000000000000000000e+00 5.467033333333332479e+01 1.446419444444444302e+01 2.304339166666666472e+02 -1.847705555555555534e+01 3.396343130393875837e-02
1.000000000000000000e+00 4.268735763888666406e+04 1.263791666666666424e+00 7.781833333333333158e+00 6.745096250000000000e+05 1.000000000000000000e+00 5.579937499999999773e+01 1.469636111111111099e+01 2.305087916666666672e+02 -1.849563888888889096e+01 4.934901297243436680e-02
1.000000000000000000e+00 4.268742013888666406e+04 5.853708333333332625e+00 -2.229811111111111188e+01 6.848674375000000000e+05 1.000000000000000000e+00 5.676870833333332200e+01 1.489094444444444321e+01 2.305729999999999791e+02 -1.851155555555555665e+01 6.253665443487559095e-02
1.000000000000000000e+00 4.268749305555333558e+04 2.246833333333333016e+00 1.961944444444444491e+00 6.756966250000000000e+05 1.000000000000000000e+00 5.790133333333332644e+01 1.511275000000000013e+01 2.306479166666666458e+02 -1.853008333333333368e+01 7.792223611619679413e-02
1.000000000000000000e+00 4.268755555555332830e+04 7.015124999999999389e+00 -2.809177777777777507e+01 6.877141875000000000e+05 1.000000000000000000e+00 5.887362499999998988e+01 1.529830555555555627e+01 2.307121666666666329e+02 -1.854594444444444434e+01 9.110987755111804587e-02
1.000000000000000000e+00 4.268762847221999982e+04 3.223624999999999741e+00 -3.855972222222222356e+00 6.772757500000000000e+05 1.000000000000000000e+00 6.000958333333333172e+01 1.550941666666666663e+01 2.307871249999999748e+02 -1.856441666666666634e+01 1.064954592647571335e-01
1.000000000000000000e+00 4.268776388888666406e+04 4.211666666666666003e+00 -9.670611111111110603e+00 6.792291875000000000e+05 1.000000000000000000e+00 6.212341666666667095e+01 1.588569444444444478e+01 2.309263749999999504e+02 -1.859863888888888894e+01 1.350686823951680049e-01
1.000000000000000000e+00 4.268783680555333558e+04 7.140416666666665746e-01 1.462252777777777801e+01 6.733616250000000000e+05 1.000000000000000000e+00 6.326374999999999460e+01 1.607966666666666811e+01 2.310013749999999675e+02 -1.861702777777777840e+01 1.504542641211506493e-01
1.000000000000000000e+00 4.268789930555332830e+04 5.229458333333332654e+00 -1.548058333333333358e+01 6.815236250000000000e+05 1.000000000000000000e+00 6.424224999999998431e+01 1.624099999999999966e+01 2.310657083333333048e+02 -1.863277777777777899e+01 1.636419056020273488e-01
1.000000000000000000e+00 4.268797222221999982e+04 1.727708333333333179e+00 8.801722222222222669e+00 6.740758750000000000e+05 1.000000000000000000e+00 6.538495833333331575e+01 1.642344444444444562e+01 2.311407499999999970e+02 -1.865111111111110986e+01 1.790274872723171262e-01
1.000000000000000000e+00 4.268803472221999982e+04 6.297958333333332881e+00 -2.128433333333333621e+01 6.841112500000000000e+05 1.000000000000000000e+00 6.636529166666666413e+01 1.657480555555555668e+01 2.312050833333333060e+02 -1.866680555555555543e+01 1.922151287459997471e-01
1.000000000000000000e+00 4.268810763888666406e+04 2.713708333333332945e+00 2.981222222222222218e+00 6.751856250000000000e+05 1.000000000000000000e+00 6.750995833333332996e+01 1.674544444444444480e+01 2.312801666666666165e+02 -1.868511111111111234e+01 2.076007103896380102e-01
1.000000000000000000e+00 4.268817013888666406e+04 7.442958333333332455e+00 -2.708005555555555688e+01 6.869311875000000000e+05 1.000000000000000000e+00 6.849179166666665708e+01 1.688658333333333417e+01 2.313445416666666290e+02 -1.870074999999999932e+01 2.207883518347850127e-01
1.000000000000000000e+00 4.268824305555333558e+04 3.690374999999999517e+00 -2.837555555555555831e+00 6.766915000000000000e+05 1.000000000000000000e+00 6.963799999999997681e+01 1.704516666666666680e+01 2.314196666666666147e+02 -1.871897222222222013e+01 2.361739335571005072e-01
1.000000000000000000e+00 4.268831597221999255e+04 9.720833333333331328e-02 2.146241666666666603e+01 6.727694375000000000e+05 1.000000000000000000e+00 7.078487499999998533e+01 1.719719444444444534e+01 2.314947916666666288e+02 -1.873716666666666697e+01 2.515595152791230138e-01
1.000000000000000000e+00 4.268837847221999982e+04 4.675249999999999240e+00 -8.653305555555556694e+00 6.785786250000000000e+05 1.000000000000000000e+00 7.176833333333331666e+01 1.732222222222222285e+01 2.315592083333333164e+02 -1.875274999999999892e+01 2.647471567617346033e-01
1.000000000000000000e+00 4.268845138888666406e+04 1.170124999999999860e+00 1.564299999999999891e+01 6.730266875000000000e+05 1.000000000000000000e+00 7.291604166666665776e+01 1.746188888888888968e+01 2.316343749999999773e+02 -1.877088888888888718e+01 2.801327384305036805e-01
1.000000000000000000e+00 4.268851388888666406e+04 5.686458333333332504e+00 -1.446461111111111109e+01 6.808161875000000000e+05 1.000000000000000000e+00 7.390004166666665242e+01 1.757624999999999815e+01 2.316988333333333117e+02 -1.878644444444444517e+01 2.933203798821708563e-01
1.000000000000000000e+00 4.268858680555333558e+04 2.190708333333332813e+00 9.821944444444444144e+00 6.736612500000000000e+05 1.000000000000000000e+00 7.504816666666665981e+01 1.770336111111111066e+01 2.317740416666666476e+02 -1.880452777777777840e+01 3.087059616168389975e-01
1.000000000000000000e+00 4.268864930555332830e+04 6.744499999999999496e+00 -2.027002777777777709e+01 6.833589375000000000e+05 1.000000000000000000e+00 7.603229166666665151e+01 1.780688888888888854e+01 2.318385416666666288e+02 -1.882000000000000028e+01 3.218936030458218189e-01
1.000000000000000000e+00 4.268872222221999982e+04 3.180250000000000021e+00 4.000861111111110979e+00 6.746919375000000000e+05 1.000000000000000000e+00 7.718033333333332280e+01 1.792133333333333312e+01 2.319137499999999648e+02 -1.883805555555555600e+01 3.372791847158737033e-01
1.000000000000000000e+00 4.268878472221999982e+04 7.874041666666666828e+00 -2.606772222222222268e+01 6.861480625000000000e+05 1.000000000000000000e+00 7.816420833333333462e+01 1.801397222222222183e+01 2.319782499999999743e+02 -1.885347222222222285e+01 3.504668262071861107e-01
1.000000000000000000e+00 4.268885763888666406e+04 4.157375000000000043e+00 -1.818750000000000089e+00 6.761223125000000000e+05 1.000000000000000000e+00 7.931170833333332837e+01 1.811561111111111089e+01 2.320535416666666322e+02 -1.887147222222222354e+01 3.658524078973142135e-01
1.000000000000000000e+00 4.268893055555332830e+04 5.398749999999998828e-01 2.248299999999999699e+01 6.725338125000000000e+05 1.000000000000000000e+00 8.045870833333331973e+01 1.821036111111111211e+01 2.321288333333333185e+02 -1.888941666666666563e+01 3.812379895798994056e-01
1.000000000000000000e+00 4.268899305555333558e+04 5.139583333333332504e+00 -7.635527777777777025e+00 6.779402500000000000e+05 1.000000000000000000e+00 8.144137499999999363e+01 1.828602777777777888e+01 2.321933749999999748e+02 -1.890477777777777746e+01 3.944256310028663171e-01
1.000000000000000000e+00 4.268906597221999255e+04 1.624583333333333268e+00 1.666372222222221922e+01 6.727128125000000000e+05 1.000000000000000000e+00 8.258708333333332519e+01 1.836788888888888849e+01 2.322687083333332794e+02 -1.892266666666666808e+01 4.098112127423211848e-01
1.000000000000000000e+00 4.268912847221999982e+04 6.144874999999999865e+00 -1.344816666666666727e+01 6.801177500000000000e+05 1.000000000000000000e+00 8.356841666666664992e+01 1.843250000000000099e+01 2.323332916666666392e+02 -1.893799999999999883e+01 4.229988541791935841e-01
1.000000000000000000e+00 4.268920138888666406e+04 2.652749999999999275e+00 1.084241666666666681e+01 6.732665625000000000e+05 1.000000000000000000e+00 8.471233333333331927e+01 1.850141666666666751e+01 2.324086666666666190e+02 -1.895583333333333087e+01 4.383844358837934996e-01
1.000000000000000000e+00 4.268926388888666406e+04 7.193124999999999325e+00 -1.925513888888889014e+01 6.826118750000000000e+05 1.000000000000000000e+00 8.569195833333331791e+01 1.855494444444444468e+01 2.324732916666666256e+02 -1.897111111111111015e+01 4.515720773489134143e-01
1.000000000000000000e+00 4.268933680555333558e+04 3.646374999999999922e+00 5.020861111111111441e+00 6.742166250000000000e+05 1.000000000000000000e+00 8.683362499999999784e+01 1.861091666666666811e+01 2.325486666666666338e+02 -1.898888888888889070e+01 4.669576590606508981e-01
1.000000000000000000e+00 4.268939930555332830e+04 8.308208333333332973e+00 -2.505477777777777959e+01 6.853661875000000000e+05 1.000000000000000000e+00 8.781104166666665378e+01 1.865338888888888746e+01 2.326133333333333155e+02 -1.900411111111111140e+01 4.801453005125643769e-01
1.000000000000000000e+00 4.268947222221999982e+04 4.624458333333333115e+00 -7.995277777777777262e-01 6.755693125000000000e+05 1.000000000000000000e+00 8.895000000000000284e+01 1.869647222222222283e+01 2.326887499999999704e+02 -1.902183333333333337e+01 4.955308821876464598e-01
