SCD 1                   
1 22490U 93009B   18093.91082573  .00000238  00000-0  15168-4 0  9992
2 22490  24.9703 313.4440 0043074 163.6685 313.9949 14.44518276327402
TECHSAT 1B (GO-32)      
1 25397U 98043D   18094.51651790 -.00000008  00000-0  15433-4 0  9995
2 25397  98.6439  36.1990 0000693 171.9622 188.1567 14.23642670 25245
SCD 2                   
1 25504U 98060A   18094.51684568  .00000252  00000-0  20236-4 0  9990
2 25504  24.9948 154.6866 0017073 199.5341 293.3243 14.44037234 27096
LANDSAT 7               
1 25682U 99020A   18094.21477438 -.00000034  00000-0  24991-5 0  9999
2 25682  98.1747 165.7945 0001073 102.8882 257.2440 14.57127880  8979
DLR-TUBSAT              
1 25757U 99029B   18094.36157472 -.00000001  00000-0  11142-4 0  9997
2 25757  98.4082  11.3410 0014802 126.3627 233.8922 14.51380280998705
QUIKSCAT                
1 25789U 99034A   18094.46050491 -.00000022  00000-0  89695-5 0  9994
2 25789  98.6052 283.4741 0000483 125.9028 234.2198 14.27321757978747
TERRA                   
1 25994U 99068A   18094.15801806  .00000174  00000-0  48580-4 0  9993
2 25994  98.2097 170.0845 0000839  78.9484 281.1813 14.57092549973044
MAROC-TUBSAT            
1 27004U 01056D   18093.93691557 -.00000036  00000-0  86140-5 0  9995
2 27004  99.3971 231.3594 0019077 303.1027 165.8634 13.70127816815867
AQUA                    
1 27424U 02022A   18094.55528642  .00000100  00000-0  32328-4 0  9997
2 27424  98.2044  36.8852 0000990 335.4050 204.7951 14.57107797846709
IRS-P6 (RESOURCESAT-1)  
1 28051U 03046A   18094.37824866 -.00000056  00000-0 -40509-5 0  9991
2 28051  98.5572 172.3921 0056340 253.3809 106.1167 14.34143871750995
SHIYAN 1 (SY-1)         
1 28220U 04012A   18094.47692468  .00000290  00000-0  28504-4 0  9993
2 28220  97.7367  52.8061 0010632 240.7975 119.2185 14.99500355760071
FORMOSAT-2 (ROCSAT 2)   
1 28254U 04018A   18094.46944716  .00000107  00000-0  10000-3 0  9999
2 28254  98.8365 150.1890 0002742  93.9784 325.3700 14.00729207709379
AURA                    
1 28376U 04026A   18094.18305863  .00000100  00000-0  32147-4 0  9996
2 28376  98.2038  38.6828 0000597  68.5151 291.6111 14.57110291729695
IRS-P5 (CARTOSAT-1)     
1 28649U 05017A   18094.47765874  .00000123  00000-0  21345-4 0  9997
2 28649  97.8281 168.8020 0002757 135.0777 225.0659 14.83474135699162
SINAH 1                 
1 28893U 05043D   18093.93062365 -.00000012  00000-0  65662-5 0  9991
2 28893  97.9103 243.7662 0014237 320.5844  39.4320 14.61469641662911
EROS B                  
1 29079U 06014A   18094.48990807  .00001583  00000-0  71410-4 0  9999
2 29079  97.3767 214.5985 0001971 219.3777 210.8037 15.22462785662698
RESURS-DK 1             
1 29228U 06021A   18094.48962141  .00000043  00000-0  10694-4 0  9990
2 29228  69.9347  76.8549 0007799 260.8087  99.2192 15.02300917651849
ARIRANG-2 (KOMPSAT-2)   
1 29268U 06031A   18094.46943334  .00000120  00000-0  32908-4 0  9994
2 29268  98.0753 352.6088 0017873 165.2389 194.9357 14.62342014623560
LAPAN-TUBSAT            
1 29709U 07001A   18094.44775743  .00000028  00000-0  99587-5 0  9991
2 29709  97.7457  64.1195 0011747 215.5365 144.5080 14.82116740607123
CARTOSAT-2 (IRS-P7)     
1 29710U 07001B   18094.43368087  .00000107  00000-0  21422-4 0  9991
2 29710  97.8833 155.4286 0000833  49.8726 310.2555 14.78706144606230
HAIYANG-1B              
1 31113U 07010A   18094.45861024 -.00000001  00000-0  16001-4 0  9993
2 31113  98.5155 149.0929 0015123  69.2037 291.0767 14.30193773573103
COSMO-SKYMED 1          
1 31598U 07023A   18094.48166500  .00000326  00000-0  47572-4 0  9990
2 31598  97.8921 279.0603 0001755  77.0956 283.0460 14.82149691585593
TERRASAR-X              
1 31698U 07026A   18093.73368817 -.00000036  00000-0  14781-5 0  9992
2 31698  97.4459 102.2420 0002075  71.2088  46.8187 15.19149149598985
WORLDVIEW-1 (WV-1)      
1 32060U 07041A   18094.50652225  .00000688  00000-0  30905-4 0  9995
2 32060  97.3817 215.1708 0001227 128.1818 294.3134 15.24458019586636
YAOGAN 3                
1 32289U 07055A   18094.46649542  .00000306  00000-0  46538-4 0  9992
2 32289  98.0060 100.8282 0001954  92.7303 267.4132 14.80886861561842
COSMO-SKYMED 2          
1 32376U 07059A   18094.51544033 -.00000337  00000-0 -35767-4 0  9996
2 32376  97.8918 279.0897 0001469  80.5921 279.5446 14.82152560558348
RADARSAT-2              
1 32382U 07061A   18094.47058593 -.00000005  00000-0  15097-4 0  9997
2 32382  98.5766 102.8134 0001232  90.6407  30.1750 14.29982868537923
CARTOSAT-2A             
1 32783U 08021A   18094.41137954  .00000262  00000-0  42622-4 0  9990
2 32783  97.8851 155.5355 0014679  95.2968 264.9926 14.78706870536176
JASON-2 (OSTM)          
1 33105U 08032A   18093.96717773 -.00000062  00000-0  77416-6 0  9993
2 33105  66.0406 230.7450 0007728 272.8502 193.8119 12.87627198457961
RAPIDEYE 2              
1 33312U 08040A   18094.49289206 -.00000006  00000-0  59185-5 0  9996
2 33312  97.7903 172.3223 0013743 119.0277 241.2316 14.79871591518458
RAPIDEYE 5              
1 33313U 08040B   18094.51628653  .00000034  00000-0  11236-4 0  9997
2 33313  97.7997 170.7114 0016903   5.4091 354.7304 14.79870801518401
RAPIDEYE 1              
1 33314U 08040C   18094.50481260  .00000028  00000-0  10517-4 0  9992
2 33314  97.7913 172.0209 0024795 134.0784 226.2481 14.79872179518449
RAPIDEYE 3              
1 33315U 08040D   18094.47304977  .00000020  00000-0  93665-5 0  9996
2 33315  97.8029 170.4423 0013701  75.5430 284.7301 14.79871574518405
RAPIDEYE 4              
1 33316U 08040E   18094.46050654  .00000040  00000-0  12011-4 0  9993
2 33316  97.8060 170.1213 0012336  25.9126 334.2702 14.79869502518391
HUANJING 1A (HJ-1A)     
1 33320U 08041A   18094.44857022  .00000104  00000-0  21969-4 0  9994
2 33320  97.8959 158.7210 0026477 161.5567 198.6610 14.76904927515776
HUANJING 1B (HJ-1B)     
1 33321U 08041B   18094.43858725  .00000128  00000-0  25297-4 0  9999
2 33321  97.9014 160.1549 0034451 179.4157 180.7099 14.76993406515768
GEOEYE 1                
1 33331U 08042A   18094.30857436  .00000033  00000-0  15267-4 0  9996
2 33331  98.1362 169.8979 0010598  69.6996 290.5342 14.64236917511703
THEOS                   
1 33396U 08049A   18094.51456319  .00000246  00000-0  13617-3 0  9994
2 33396  98.7368 163.2301 0001286  99.9942 318.3655 14.20016969492826
COSMO-SKYMED 3          
1 33412U 08054A   18094.50276695  .00000020  00000-0  90656-5 0  9995
2 33412  97.8915 279.0777 0001538  83.5763 276.5603 14.82152400510802
YAOGAN 4                
1 33446U 08061A   18094.47785834  .00000052  00000-0  14201-4 0  9992
2 33446  97.6203  79.7048 0017402  75.3569 284.9569 14.76751582503011
GOSAT (IBUKI)           
1 33492U 09002A   18094.44134371  .00000035  00000-0  14772-4 0  9994
2 33492  98.1407 209.0280 0001761  78.8828 281.2573 14.67509716492547
YAOGAN 6                
1 34839U 09021A   18094.36770916  .00000444  00000-0  19680-4 0  9990
2 34839  97.1032 136.3226 0028759  10.5605 349.6232 15.26104781496982
DEIMOS-1                
1 35681U 09041A   18094.47061258  .00000101  00000-0  23983-4 0  9993
2 35681  97.9197 344.5692 0002804  94.4522 265.7034 14.71723972465982
DUBAISAT-1              
1 35682U 09041B   18094.48700135  .00000068  00000-0  19538-4 0  9992
2 35682  97.7642 305.9569 0010544 308.8156  51.2110 14.68660622464963
OCEANSAT-2              
1 35931U 09051A   18093.85800651  .00000091  00000-0  34365-4 0  9995
2 35931  98.3022 189.7846 0002854  44.8736 315.2689 14.50849933451506
WORLDVIEW-2 (WV-2)      
1 35946U 09055A   18094.21842836  .00000008  00000-0  17325-4 0  9992
2 35946  98.4729 172.0157 0000893 221.4600 138.6537 14.37587157445325
SMOS                    
1 36036U 09059A   18094.06708066  .00000068  00000-0  35525-4 0  9994
2 36036  98.4451 282.6153 0001367  97.6596 262.4748 14.39767461442468
YAOGAN 7                
1 36110U 09069A   18094.46830295  .00000092  00000-0  21610-4 0  9999
2 36110  98.2433 263.2039 0022933 263.9236  95.9376 14.75116508447829
TANDEM-X                
1 36605U 10030A   18093.47695975  .00001534  00000-0  76199-4 0  9996
2 36605  97.4443 101.9856 0002052  53.9922 101.0490 15.19165557431684
CARTOSAT-2B             
1 36795U 10035A   18094.44818686  .00000026  00000-0  10581-4 0  9993
2 36795  97.8830 155.3136 0015138 161.8291 198.3463 14.78687540417227
YAOGAN 10               
1 36834U 10038A   18094.42526222  .00000036  00000-0  11429-4 0  9993
2 36834  97.9495  93.0118 0001734  80.2527 279.8884 14.80844639413584
COSMO-SKYMED 4          
1 37216U 10060A   18094.46480811  .00000035  00000-0  10912-4 0  9995
2 37216  97.8915 279.0385 0001588  74.8133 285.3256 14.82151227400886
HAIYANG 2A              
1 37781U 11043A   18094.44841870 -.00000487  00000-0 -43627-3 0  9999
2 37781  99.3262 105.8293 0000620  36.9249 323.1944 13.78715754334114
RASAT                   
1 37791U 11044D   18094.50361263  .00000013  00000-0  11575-4 0  9992
2 37791  98.1243 188.0008 0020551 286.0298  73.8642 14.64656628354414
MEGHA-TROPIQUES         
1 37838U 11058A   18093.61701290  .00000339  00000-0  42400-4 0  9990
2 37838  19.9766 194.0937 0009901   7.4726 352.5825 14.09679325334137
SRMSAT                  
1 37841U 11058D   18094.44719262  .00000295  00000-0  16967-4 0  9994
2 37841  19.9711 172.0748 0012079  41.2086  54.1537 14.10602381334452
YAOGAN 13               
1 37941U 11072A   18094.37293948  .00000471  00000-0  26586-4 0  9995
2 37941  97.5018  24.4051 0001030  89.6562  58.8286 15.17874426351834
PLEIADES 1A             
1 38012U 11076F   18094.48792568 -.00000013  00000-0  69636-5 0  9990
2 38012  98.2043 170.3646 0001625  82.9657 277.1729 14.58546618335329
ZIYUAN 1-02C (ZY 1-02C) 
1 38038U 11079A   18094.42900437  .00000042  00000-0  29090-4 0  9991
2 38038  98.3017 153.2089 0001260  60.3556 299.7757 14.35466976329285
ZIYUAN 3 (ZY 3)         
1 38046U 12001A   18094.43927289  .00000650  00000-0  32247-4 0  9994
2 38046  97.4999 166.1123 0003549 107.4139 307.8461 15.21259314346236
RISAT-1                 
1 38248U 12017A   18094.41452694  .00000119  00000-0  11399-4 0  9991
2 38248  97.5738 103.4337 0005921 112.8627  22.3100 15.09461587327164
ARIRANG-3 (KOMPSAT-3)   
1 38338U 12025B   18094.42726575  .00000036  00000-0  16641-4 0  9996
2 38338  98.1678  33.4836 0010735 132.5183 227.6928 14.61636890313728
KANOPUS-V 1             
1 38707U 12039A   18094.52176106  .00000069  00000-0  65385-5 0  9997
2 38707  97.4554  14.0335 0001938  74.6084  39.2857 15.18816319316318
EXACTVIEW-1 (ADS-1B)    
1 38709U 12039C   18094.45115483 -.00000005  00000-0  18452-4 0  9995
2 38709  99.1301  86.5724 0011562 133.6970 226.5165 14.23969254296287
SPOT 6                  
1 38755U 12047A   18094.43627487 -.00000019  00000-0  56895-5 0  9994
2 38755  98.1812 163.0461 0001310  92.3491 267.7861 14.58552243296398
PLEIADES 1B             
1 39019U 12068A   18094.45405812 -.00000025  00000-0  44211-5 0  9995
2 39019  98.1694 170.3962 0001503  83.9174 276.2196 14.58568353284173
GOKTURK 2               
1 39030U 12073A   18094.46688022  .00000041  00000-0  14137-4 0  9991
2 39030  97.9638 347.0775 0000952 135.7120 224.4166 14.72704542283427
LANDSAT 8               
1 39084U 13008A   18094.17939626  .00000056  00000-0  22364-4 0  9993
2 39084  98.1869 165.3920 0001230  95.0946 265.0393 14.57121402273436
SARAL                   
1 39086U 13009A   18093.90951209 -.00000017  00000-0  98461-5 0  9997
2 39086  98.5407 281.9583 0002219 101.9614 258.1819 14.32011418266714
GAOFEN 1                
1 39150U 13018A   18094.45034773 -.00000894  00000-0 -12060-3 0  9991
2 39150  97.9286 178.4193 0019002 192.1115 167.9688 14.76504622266226
VNREDSAT 1              
1 39160U 13021B   18094.48492828  .00000055  00000-0  19687-4 0  9998
2 39160  98.0497 168.8343 0001706  80.7787 279.3609 14.62986079262190
ARIRANG-5 (KOMPSAT-5)   
1 39227U 13042A   18094.38115808 -.00000019  00000-0  29333-5 0  9995
2 39227  97.6119 279.9546 0002011  89.9398  26.2195 15.04518383253474
YAOGAN 18               
1 39363U 13059A   18094.47929668  .00000574  00000-0  31412-4 0  9996
2 39363  97.3542 160.6090 0001784 112.1673 296.0643 15.18053065245510
SKYSAT-1                
1 39418U 13066C   18094.40596396 -.00000427  00000-0 -30404-4 0  9995
2 39418  97.6788 178.5840 0023181  28.5274 331.7193 14.98649173238695
DUBAISAT-2              
1 39419U 13066D   18094.45661591 -.00000365  00000-0 -29063-4 0  9991
2 39419  97.6440 164.9799 0014717  22.9081 337.2796 14.93810010237988
GPM-CORE                
1 39574U 14009C   18093.90054460  .00003200  00000-0  50724-4 0  9998
2 39574  65.0104  11.2643 0011258 285.0645  74.9256 15.55535308232741
SENTINEL-1A             
1 39634U 14016A   18094.48161044  .00000016  00000-0  13055-4 0  9992
2 39634  98.1817 102.9497 0001459  72.8023 287.3333 14.59198917213171
KAZEOSAT 1              
1 39731U 14024A   18094.50050905 -.00000006  00000-0  11374-4 0  9997
2 39731  98.3906 174.2537 0001266  82.2105 277.9229 14.42022046206878
ALOS-2                  
1 39766U 14029A   18094.40967757 -.00000393  00000-0 -45743-4 0  9998
2 39766  97.9188 192.5564 0001512  87.3728 272.7658 14.79467089208665
KAZEOSAT 2              
1 40010U 14033A   18094.44809598  .00000051  00000-0  13018-4 0  9998
2 40010  97.8742 356.7781 0017913  50.2670 310.0112 14.82108020205081
HODOYOSHI-4             
1 40011U 14033B   18094.43335226  .00000110  00000-0  20874-4 0  9994
2 40011  97.8611 352.3863 0028185  45.7588 314.5937 14.80986181204869
DEIMOS-2                
1 40013U 14033D   18094.49335898 -.00000221  00000-0 -19776-4 0  9991
2 40013  97.8680   0.1095 0002682  83.9323 276.2228 14.84835083205436
HODOYOSHI-3             
1 40015U 14033F   18094.16181917  .00000143  00000-0  26470-4 0  9998
2 40015  97.8433 345.3691 0038307  55.5704 304.9119 14.78359265204478
SPOT 7                  
1 40053U 14034A   18094.47051783 -.00000011  00000-0  75232-5 0  9998
2 40053  98.1939 163.0980 0001114  83.4109 276.7227 14.58545690200330
SKYSAT-2                
1 40072U 14037D   18094.38752185  .00000065  00000-0  15859-4 0  9992
2 40072  98.3615 222.5205 0005931 188.9282 171.1819 14.81075881202084
WORLDVIEW-3 (WV-3)      
1 40115U 14048A   18094.16274949  .00000088  00000-0  16493-4 0  9995
2 40115  97.8428 175.4392 0001832  76.8431 283.3004 14.85006502197283
YAOGAN 21               
1 40143U 14053A   18094.49203914  .00000786  00000-0  34351-4 0  9990
2 40143  97.2767 165.1210 0010337 241.7082 174.7756 15.24916950198799
YAOGAN 22               
1 40275U 14063A   18094.45940175 -.00000044  00000-0  00000+0 0  9997
2 40275 100.4291 208.0790 0007040 128.2287 231.9460 13.15326609165939
ASNARO                  
1 40298U 14070A   18094.52831201  .00000946  00000-0  47609-4 0  9998
2 40298  97.4690 177.7728 0001541  92.6733 323.3849 15.19612480189108
HODOYOSHI-1             
1 40299U 14070B   18094.48796296  .00000638  00000-0  30245-4 0  9994
2 40299  97.3798 177.5611 0013846 143.0715  49.1000 15.22800036189267
QSAT-EOS                
1 40301U 14070D   18094.41463142  .00001579  00000-0  66493-4 0  9991
2 40301  97.3632 174.6786 0027548 149.2351 275.0269 15.24499471189184
YAOGAN 23               
1 40305U 14071A   18094.46528841  .00000554  00000-0  30561-4 0  9998
2 40305  97.4540  32.5125 0001480  68.8390  66.9892 15.17944247187615
YAOGAN 24               
1 40310U 14072A   18094.49038618  .00000032  00000-0  11887-4 0  9997
2 40310  98.0296 217.9877 0016344 207.6039 152.4301 14.77196662181724
CBERS 4                 
1 40336U 14079A   18094.43139907 -.00001186  00000-0 -39775-3 0  9997
2 40336  98.4192 167.8074 0000810  83.2181 276.9096 14.35474505174195
RESURS P2               
1 40360U 14087A   18094.50854345  .00000645  00000-0  22951-4 0  9997
2 40360  97.2672 188.0835 0009614 174.5853 241.5367 15.32506440182991
YAOGAN 26               
1 40362U 14088A   18094.46417914  .00000910  00000-0  37449-4 0  9995
2 40362  97.3270 173.4723 0005450   5.2563  49.3449 15.26622393182190
SMAP                    
1 40376U 15003A   18094.39708658  .00000009  00000-0  10862-4 0  9997
2 40376  98.1233 102.8055 0001411  48.0439 312.0893 14.63376715169481
KOMPSAT-3A              
1 40536U 15014A   18094.44230292  .00000718  00000-0  45203-4 0  9991
2 40536  97.5114  33.8666 0011127  57.8420  80.8045 15.12272550167062
SENTINEL-2A             
1 40697U 15028A   18094.43827912  .00000004  00000-0  18195-4 0  9992
2 40697  98.5716 170.2091 0001145  86.2220 273.9095 14.30815036145348
CARBONITE 1 (CBNT-1)    
1 40718U 15032D   18094.46386978  .00000016  00000-0  10001-4 0  9997
2 40718  97.9382 346.2353 0015579 284.9870  74.9621 14.74590589147172
YAOGAN 27               
1 40878U 15040A   18094.48538051 -.00000044  00000-0  00000+0 0  9991
2 40878 100.3512 154.5832 0007739 263.2570  96.7663 13.15958641125132
LAPAN-A2                
1 40931U 15052B   18094.02931841  .00000661  00000-0  30322-5 0  9998
2 40931   6.0017 318.8607 0012955  37.4633 322.6506 14.76570237136022
YAOGAN 28               
1 41026U 15064A   18094.51890256  .00001042  00000-0  38153-4 0  9998
2 41026  97.3475 223.6730 0011509  14.5895  54.3521 15.30231210134300
YAOGAN 29               
1 41038U 15069A   18094.37159037 -.00000015  00000-0  48574-5 0  9994
2 41038  97.9327  77.6293 0001726  45.8642 314.2731 14.80355077127162
KENT RIDGE 1            
1 41167U 15077B   18093.97756706  .00000661  00000-0  36060-6 0  9991
2 41167  14.9780 225.4729 0011222  46.9667  77.1249 15.08871329126921
TELEOS 1                
1 41169U 15077D   18094.56587963  .00001201  00000-0  32457-4 0  9991
2 41169  14.9780 216.4824 0010403  61.0596 103.1591 15.09811502127051
JASON-3                 
1 41240U 16002A   18093.92132330 -.00000070  00000-0 -40077-4 0  9995
2 41240  66.0392 238.2810 0007777 271.7801  88.2323 12.80931471103384
SENTINEL-3A             
1 41335U 16011A   18094.47860171 -.00000002  00000-0  17433-4 0  9996
2 41335  98.6305 162.7486 0001165  90.1687 269.9626 14.26734181110893
SENTINEL-1B             
1 41456U 16025A   18094.37827145 -.00000086  00000-0 -85403-5 0  9994
2 41456  98.1812 102.6728 0001456  80.1131 280.0230 14.59197263103328
ZIYUAN 3-2 (ZY 3-2)     
1 41556U 16033A   18094.42871618  .00000537  00000-0  27112-4 0  9995
2 41556  97.4341 173.1803 0001890  86.6323 334.5565 15.21268060102522
NUSAT-1 (FRESCO)        
1 41557U 16033B   18094.30855941  .00001274  00000-0  49071-4 0  9991
2 41557  97.4381 178.6611 0015252  62.6258 297.6531 15.28142606102876
NUSAT-2 (BATATA)        
1 41558U 16033C   18094.30819763  .00001271  00000-0  49219-4 0  9995
2 41558  97.4409 178.7469 0014698  61.7766 298.4955 15.27975263102867
CARTOSAT-2C             
1 41599U 16040A   18094.40597222  .00000282  00000-0  16577-4 0  9994
2 41599  97.4182 156.8545 0014943 134.5600  50.5699 15.19241414 98862
SKYSAT-C1               
1 41601U 16040C   18094.50472317  .00000532  00000-0  25933-4 0  9990
2 41601  97.5755 167.9108 0001914 103.3074 313.1405 15.22679023 99065
LAPAN-A3                
1 41603U 16040E   18094.44671591  .00000030  00000-0  45998-5 0  9997
2 41603  97.4197 157.2771 0014511 132.5990 278.1419 15.19532159 98880
BIROS                   
1 41604U 16040F   18094.22669382  .00000436  00000-0  22584-4 0  9994
2 41604  97.4212 158.2090 0013954 125.6652 234.5885 15.21277690 98929
SKYSAT-C4               
1 41771U 16058B   18094.27582539  .00000452  00000-0  22286-4 0  9998
2 41771  97.3583 167.0063 0001384  92.8337 308.0387 15.22795792 85975
SKYSAT-C5               
1 41772U 16058C   18094.28974588  .00000484  00000-0  23635-4 0  9993
2 41772  97.3578 166.7653 0002621 120.5069 279.8204 15.22792285 85963
SKYSAT-C2               
1 41773U 16058D   18094.51568383  .00000488  00000-0  23785-4 0  9992
2 41773  97.3588 167.3083 0001733  81.7825 334.8791 15.22836543 86005
SKYSAT-C3               
1 41774U 16058E   18094.26400883  .00000501  00000-0  24387-4 0  9990
2 41774  97.3589 167.0305 0000990 103.0423 299.9921 15.22779333 85960
ALSAT 1B                
1 41785U 16059C   18094.45927902  .00000003  00000-0  10058-4 0  9997
2 41785  98.1240 157.4612 0030783 328.0897  31.8441 14.63279944 81172
PATHFINDER 1            
1 41787U 16059E   18094.35234178  .00000020  00000-0  13260-4 0  9991
2 41787  98.1250 157.6646 0030213 327.1638  32.7685 14.63588503 81179
WORLDVIEW-4 (WV-4)      
1 41848U 16067A   18094.26306419  .00000071  00000-0  14590-4 0  9999
2 41848  97.9156 171.9187 0003300 162.6702 197.4626 14.85109232 75459
GOKTURK 1A              
1 41875U 16073A   18094.42894844  .00000047  00000-0  18409-4 0  9994
2 41875  98.1257 350.2763 0001433  78.8506 281.2862 14.62774688 70874
RESOURCESAT-2A          
1 41877U 16074A   18094.43640602  .00000015  00000-0  26859-4 0  9992
2 41877  98.6754 170.6741 0001441 117.1585 242.9740 14.21644384 68663
CARTOSAT-2D             
1 41948U 17008A   18094.14199639  .00000406  00000-0  22482-4 0  9998
2 41948  97.4529 156.8689 0005209 287.3451  72.7214 15.19247531 62697
SENTINEL-2B             
1 42063U 17013A   18094.47320673 -.00000007  00000-0  13824-4 0  9991
2 42063  98.5716 170.2362 0001447  91.2217 268.9134 14.30814712 56265
ZHUHAI-1 02 (CAS 4B)    
1 42759U 17034B   18094.36218750  .00000127  00000-0  21439-4 0  9999
2 42759  43.0189 128.5362 0009186 357.1921 185.4934 15.09235050 44296
NUSAT-3 (MILANESAT)     
1 42760U 17034C   18094.52880727  .00000057  00000-0  17174-4 0  9991
2 42760  43.0170 128.0822 0008010   2.8874 156.0068 15.09084612 44322
ZHUHAI-1 01 (CAS 4A)    
1 42761U 17034D   18094.40502102  .00000083  00000-0  18684-4 0  9993
2 42761  43.0189 128.1172 0009499 358.4384 136.4600 15.09310575 44290
CARTOSAT-2E             
1 42767U 17036C   18094.15174338  .00000402  00000-0  22219-4 0  9993
2 42767  97.4083 154.2717 0008073 336.9549  23.1322 15.19293207 43260
FORMOSAT-5              
1 42920U 17049A   18094.46593367 -.00000034  00000-0  28808-5 0  9992
2 42920  98.3646 171.1844 0009124 277.2648  82.7510 14.50799414 32296
SENTINEL-5P             
1 42969U 17064A   18094.24821853 -.00000007  00000-0  17562-4 0  9996
2 42969  98.7303  34.9615 0001016  70.8193 289.3119 14.19563767 24510
SKYSAT-C11              
1 42987U 17068A   18094.37769383  .00000535  00000-0  27028-4 0  9996
2 42987  97.3938 209.6327 0009635 336.6566  23.4231 15.21260166 23446
SKYSAT-C10              
1 42988U 17068B   18094.36963950  .00000533  00000-0  26923-4 0  9993
2 42988  97.3940 209.5269 0004537   4.4560 355.6715 15.21266383 23448
SKYSAT-C9               
1 42989U 17068C   18094.35811437  .00000538  00000-0  27216-4 0  9996
2 42989  97.3955 209.8756 0003640  43.5463 316.6060 15.21174605 23466
SKYSAT-C8               
1 42990U 17068D   18094.34774794  .00000536  00000-0  27064-4 0  9990
2 42990  97.3957 209.7435 0006338  32.2229 327.9393 15.21234263 23455
SKYSAT-C7               
1 42991U 17068E   18094.46607887  .00000535  00000-0  27002-4 0  9993
2 42991  97.3948 209.8849 0007457  43.6504 316.5321 15.21292215 23479
SKYSAT-C6               
1 42992U 17068F   18094.26021182  .00000548  00000-0  27582-4 0  9997
2 42992  97.3957 209.8568 0013455  82.7305 277.5459 15.21254405 23451
NUSAT-4 (ADA)           
1 43195U 18015D   18094.41804468  .00000988  00000-0  44748-4 0  9990
2 43195  97.3392 224.9118 0019148  55.3275 346.7717 15.23024582  9303
NUSAT-5 (MARYAM)        
1 43204U 18015K   18094.41754186  .00001074  00000-0  48382-4 0  9997
2 43204  97.3387 224.9113 0019598  54.7319 346.7223 15.23038126  8900
