#Observation-possible ephemerides over DATES
#Observation possible? (0=n,1=y)	Spacecraft RA (deg);		Spacecraft DEC (deg);	Spacecraft Elevation (?);	In Eclipse? (no=0,yes=1);	Moon RA (deg);	Moon Dec (deg);	Lunar Phase (per/full)
1.000000000000000000e+00 4.264795833333110932e+04 3.313009999999999309e+02 -4.495936111111111444e+01 6.949176250000000000e+05 1.000000000000000000e+00 2.524089583333333167e+02 -1.721000000000000085e+01 1.925337916666666729e+02 -5.373583333333332490e+00 1.989571880657448721e+00
1.000000000000000000e+00 4.264796527777555457e+04 3.243135833333333267e+02 -8.923194444444444429e+00 6.860799375000000000e+05 1.000000000000000000e+00 2.524946249999999850e+02 -1.722005555555555389e+01 1.925401249999999891e+02 -5.376249999999999751e+00 1.988104080258435769e+00
1.000000000000000000e+00 4.264797222221999982e+04 3.187562499999999659e+02 2.723791666666666700e+01 6.861572500000000000e+05 1.000000000000000000e+00 2.525803333333333001e+02 -1.723005555555555546e+01 1.925464583333333053e+02 -5.378916666666666124e+00 1.986636279917874504e+00
1.000000000000000000e+00 4.264802777777555457e+04 3.297634583333332898e+02 -3.887208333333333599e+01 6.932322500000000000e+05 1.000000000000000000e+00 2.532663749999999823e+02 -1.730888888888889099e+01 1.925972083333333273e+02 -5.400194444444444741e+00 1.974893877053954583e+00
1.000000000000000000e+00 4.264803472221999982e+04 3.234856249999999704e+02 -2.782666666666666622e+00 6.853363125000000000e+05 1.000000000000000000e+00 2.533521666666666476e+02 -1.731858333333333277e+01 1.926035416666666720e+02 -5.402861111111111114e+00 1.973426076677540442e+00
1.000000000000000000e+00 4.264804166666444507e+04 3.176322083333333239e+02 3.336250000000000426e+01 6.870538125000000000e+05 1.000000000000000000e+00 2.534379999999999598e+02 -1.732822222222222308e+01 1.926098749999999882e+02 -5.405499999999999972e+00 1.971958276311762681e+00
1.000000000000000000e+00 4.264809722221999982e+04 3.284807083333332685e+02 -3.276636111111110949e+01 6.915283125000000000e+05 1.000000000000000000e+00 2.541252083333333189e+02 -1.740419444444444252e+01 1.926606249999999818e+02 -5.426777777777777700e+00 1.960215873414257848e+00
1.000000000000000000e+00 4.264810416666444507e+04 3.226669166666666229e+02 3.359222222222222332e+00 6.849125000000000000e+05 1.000000000000000000e+00 2.542111666666666565e+02 -1.741352777777777661e+01 1.926669583333332980e+02 -5.429444444444444962e+00 1.958748073080200047e+00
1.000000000000000000e+00 4.264811111110889033e+04 3.163266249999999218e+02 3.947511111111111148e+01 6.880594375000000000e+05 1.000000000000000000e+00 2.542971249999999657e+02 -1.742283333333333317e+01 1.926732916666666711e+02 -5.432083333333333819e+00 1.957280272647933028e+00
1.000000000000000000e+00 4.264816666666444507e+04 3.273722916666666265e+02 -2.664794444444444466e+01 6.898892500000000000e+05 1.000000000000000000e+00 2.549854583333333267e+02 -1.749588888888888860e+01 1.927240416666666647e+02 -5.453361111111111548e+00 1.945537869792654639e+00
1.000000000000000000e+00 4.264817361110888305e+04 3.218367916666666133e+02 9.501111111111111285e+00 6.848126875000000000e+05 1.000000000000000000e+00 2.550715416666666613e+02 -1.750486111111111143e+01 1.927304166666666561e+02 -5.456027777777777921e+00 1.944070069394334466e+00
1.000000000000000000e+00 4.264818055555332830e+04 3.147551666666666392e+02 4.556963888888888903e+01 6.890975625000000000e+05 1.000000000000000000e+00 2.551576666666666426e+02 -1.751377777777777922e+01 1.927367499999999723e+02 -5.458666666666666778e+00 1.942602269016787453e+00
1.000000000000000000e+00 4.264823611110889033e+04 3.263841666666666583e+02 -2.052055555555555344e+01 6.883920000000000000e+05 1.000000000000000000e+00 2.558471249999999486e+02 -1.758394444444444460e+01 1.927874999999999659e+02 -5.479944444444444507e+00 1.930859866151888538e+00
1.000000000000000000e+00 4.264824305555333558e+04 3.209735833333332948e+02 1.564149999999999885e+01 6.850228125000000000e+05 1.000000000000000000e+00 2.559333749999999839e+02 -1.759252777777777510e+01 1.927938333333333105e+02 -5.482611111111110880e+00 1.929392065809451662e+00
1.000000000000000000e+00 4.264830555555332830e+04 3.254777083333332826e+02 -1.438691666666666613e+01 6.871033750000000000e+05 1.000000000000000000e+00 2.567102499999999736e+02 -1.766830555555555549e+01 1.928509583333333239e+02 -5.506499999999999950e+00 1.916181862492409627e+00
1.000000000000000000e+00 4.264831249999777356e+04 3.200522499999999013e+02 2.177869444444444369e+01 6.855116875000000000e+05 1.000000000000000000e+00 2.567966666666666242e+02 -1.767655555555555580e+01 1.928572916666666401e+02 -5.509166666666666323e+00 1.914714062163683117e+00
1.000000000000000000e+00 4.264836805555333558e+04 3.315179583333332971e+02 -4.429066666666666663e+01 6.949015625000000000e+05 1.000000000000000000e+00 2.574882916666666119e+02 -1.774108333333333576e+01 1.929080416666666338e+02 -5.530416666666666536e+00 1.902971659282335803e+00
1.000000000000000000e+00 4.264837499999778083e+04 3.246235416666665969e+02 -8.248999999999998778e+00 6.860766875000000000e+05 1.000000000000000000e+00 2.575747916666666697e+02 -1.774897222222222481e+01 1.929144166666666536e+02 -5.533083333333332909e+00 1.901503858839849181e+00
1.000000000000000000e+00 4.264838194444221881e+04 3.190418333333333294e+02 2.791052777777777649e+01 6.862323125000000000e+05 1.000000000000000000e+00 2.576613333333332889e+02 -1.775683333333333280e+01 1.929207499999999698e+02 -5.535722222222221767e+00 1.900036058511353376e+00
1.000000000000000000e+00 4.264843749999777356e+04 3.300136249999999905e+02 -3.820127777777778277e+01 6.932015625000000000e+05 1.000000000000000000e+00 2.583540833333332785e+02 -1.781841666666666768e+01 1.929715416666666385e+02 -5.556972222222221980e+00 1.888293655564238449e+00
1.000000000000000000e+00 4.264844444444221881e+04 3.237976666666666574e+02 -2.108388888888888868e+00 6.853498125000000000e+05 1.000000000000000000e+00 2.584407499999999231e+02 -1.782591666666666796e+01 1.929778749999999832e+02 -5.559638888888888353e+00 1.886825855248751349e+00
1.000000000000000000e+00 4.264845138888666406e+04 3.179009999999999536e+02 3.403405555555555395e+01 6.871245625000000000e+05 1.000000000000000000e+00 2.585274166666666247e+02 -1.783341666666666470e+01 1.929842083333333278e+02 -5.562305555555555614e+00 1.885358054908671921e+00
1.000000000000000000e+00 4.264850694444221881e+04 3.287534166666666238e+02 -3.209419444444444736e+01 6.914903750000000000e+05 1.000000000000000000e+00 2.592213333333332912e+02 -1.789197222222222194e+01 1.930349999999999682e+02 -5.583527777777777423e+00 1.873615651977777574e+00
1.000000000000000000e+00 4.264851388888666406e+04 3.229787083333332589e+02 4.033444444444444166e+00 6.849431250000000000e+05 1.000000000000000000e+00 2.593081250000000182e+02 -1.789911111111111097e+01 1.930413333333333128e+02 -5.586194444444443796e+00 1.872147851599167634e+00
1.000000000000000000e+00 4.264852083333110932e+04 3.165709999999999695e+02 4.014511111111111319e+01 6.881182500000000000e+05 1.000000000000000000e+00 2.593949583333333067e+02 -1.790622222222222248e+01 1.930477083333333326e+02 -5.588861111111111057e+00 1.870680051275939615e+00
1.000000000000000000e+00 4.264857638888666406e+04 3.276605833333333067e+02 -2.597488888888888781e+01 6.898510625000000000e+05 1.000000000000000000e+00 2.600899583333332998e+02 -1.796174999999999855e+01 1.930984999999999729e+02 -5.610083333333332867e+00 1.858937648386995045e+00
1.000000000000000000e+00 4.264858333333110932e+04 3.221460833333333085e+02 1.017516666666666580e+01 6.848590000000000000e+05 1.000000000000000000e+00 2.601769166666666138e+02 -1.796852777777777632e+01 1.931048333333333176e+02 -5.612749999999999240e+00 1.857469848027445414e+00
1.000000000000000000e+00 4.264859027777555457e+04 3.149633333333333098e+02 4.623725000000000307e+01 6.891363750000000000e+05 1.000000000000000000e+00 2.602638749999999845e+02 -1.797524999999999906e+01 1.931111666666666338e+02 -5.615388888888888097e+00 1.856002047660685550e+00
1.000000000000000000e+00 4.264864583333110932e+04 3.266831249999999613e+02 -1.984694444444444272e+01 6.883597500000000000e+05 1.000000000000000000e+00 2.609600416666665978e+02 -1.802774999999999750e+01 1.931619583333333310e+02 -5.636638888888888310e+00 1.844259644746309768e+00
1.000000000000000000e+00 4.264865277777555457e+04 3.212777916666666442e+02 1.631525000000000247e+01 6.850817500000000000e+05 1.000000000000000000e+00 2.610471249999999941e+02 -1.803413888888889005e+01 1.931683333333333223e+02 -5.639277777777777168e+00 1.842791844345587071e+00
1.000000000000000000e+00 4.264871527777555457e+04 3.257837499999999409e+02 -1.371294444444444416e+01 6.870820625000000000e+05 1.000000000000000000e+00 2.618314583333332735e+02 -1.808988888888888624e+01 1.932254583333333073e+02 -5.663166666666667126e+00 1.829581641056428509e+00
1.000000000000000000e+00 4.264872222221999982e+04 3.203483333333333007e+02 2.245194444444444315e+01 6.855785000000000000e+05 1.000000000000000000e+00 2.619187083333333135e+02 -1.809588888888888647e+01 1.932318333333332987e+02 -5.665833333333333499e+00 1.828113840694886472e+00
1.000000000000000000e+00 4.264877777777555457e+04 3.317392499999999700e+02 -4.362177777777777976e+01 6.948812500000000000e+05 1.000000000000000000e+00 2.626169583333332866e+02 -1.814252777777777581e+01 1.932826249999999675e+02 -5.687055555555556197e+00 1.816371437816220125e+00
1.000000000000000000e+00 4.264878472221999982e+04 3.249338333333332685e+02 -7.574805555555554903e+00 6.860699375000000000e+05 1.000000000000000000e+00 2.627043333333332953e+02 -1.814816666666666478e+01 1.932889583333333121e+02 -5.689694444444445054e+00 1.814903637480368870e+00
1.000000000000000000e+00 4.264879166666444507e+04 3.193258749999999964e+02 2.858305555555555699e+01 6.863011250000000000e+05 1.000000000000000000e+00 2.627916666666666288e+02 -1.815377777777777624e+01 1.932953333333333035e+02 -5.692361111111111427e+00 1.813435837135001005e+00
1.000000000000000000e+00 4.264884722221999982e+04 3.302667499999999450e+02 -3.753038888888888636e+01 6.931667500000000000e+05 1.000000000000000000e+00 2.634910416666666606e+02 -1.819730555555555540e+01 1.933461249999999723e+02 -5.713583333333333236e+00 1.801693434191586451e+00
1.000000000000000000e+00 4.264885416666444507e+04 3.241097500000000196e+02 -1.434138888888888852e+00 6.853595625000000000e+05 1.000000000000000000e+00 2.635785416666666379e+02 -1.820258333333333312e+01 1.933524999999999636e+02 -5.716222222222222094e+00 1.800225633787848167e+00
1.000000000000000000e+00 4.264886111110889033e+04 3.181675416666666365e+02 3.470550000000000068e+01 6.871883750000000000e+05 1.000000000000000000e+00 2.636660416666666151e+02 -1.820780555555555580e+01 1.933588333333333082e+02 -5.718888888888889355e+00 1.798757833440034926e+00
1.000000000000000000e+00 4.264891666666444507e+04 3.290281666666666638e+02 -3.142200000000000060e+01 6.914485000000000000e+05 1.000000000000000000e+00 2.643665416666666488e+02 -1.824819444444444372e+01 1.934096666666666522e+02 -5.740083333333333648e+00 1.787015430546286421e+00
1.000000000000000000e+00 4.264892361110888305e+04 3.232903749999999832e+02 4.707638888888888928e+00 6.849696250000000000e+05 1.000000000000000000e+00 2.644541666666666515e+02 -1.825305555555555515e+01 1.934159999999999684e+02 -5.742750000000000021e+00 1.785547630182871215e+00
1.000000000000000000e+00 4.264893055555332830e+04 3.168120833333333053e+02 4.081494444444444269e+01 6.881693750000000000e+05 1.000000000000000000e+00 2.645417916666665974e+02 -1.825788888888888906e+01 1.934223749999999598e+02 -5.745388888888888879e+00 1.784079829829632313e+00
1.000000000000000000e+00 4.264898611110889033e+04 3.279502499999999827e+02 -2.530180555555555699e+01 6.898091250000000000e+05 1.000000000000000000e+00 2.652433749999999577e+02 -1.829513888888888928e+01 1.934731666666666570e+02 -5.766611111111110688e+00 1.772337426909291747e+00
1.000000000000000000e+00 4.264899305555333558e+04 3.224549166666666338e+02 1.084916666666666707e+01 6.849008125000000000e+05 1.000000000000000000e+00 2.653311249999999291e+02 -1.829963888888888945e+01 1.934795416666666483e+02 -5.769249999999999545e+00 1.770869626577704858e+00
1.000000000000000000e+00 4.264899999999778083e+04 3.151665416666666601e+02 4.690461111111110881e+01 6.891669375000000000e+05 1.000000000000000000e+00 2.654188749999999573e+02 -1.830405555555555708e+01 1.934858749999999645e+02 -5.771916666666666806e+00 1.769401826217164242e+00
1.000000000000000000e+00 4.264905555555332830e+04 3.269830833333332976e+02 -1.917333333333333556e+01 6.883238750000000000e+05 1.000000000000000000e+00 2.661215416666666442e+02 -1.833813888888888854e+01 1.935367083333333369e+02 -5.793111111111111100e+00 1.757659423329833936e+00
1.000000000000000000e+00 4.264906249999777356e+04 3.215812499999999545e+02 1.698891666666666822e+01 6.851356250000000000e+05 1.000000000000000000e+00 2.662094583333333162e+02 -1.834222222222222243e+01 1.935430833333333283e+02 -5.795777777777777473e+00 1.756191622949038411e+00
1.000000000000000000e+00 4.264911805555333558e+04 3.337396249999999895e+02 -4.902191666666666237e+01 6.965025000000000000e+05 1.000000000000000000e+00 2.669130833333333044e+02 -1.837344444444444491e+01 1.935939166666666722e+02 -5.816972222222221767e+00 1.744449220047071814e+00
1.000000000000000000e+00 4.264912499999778083e+04 3.260904583333332880e+02 -1.303897222222222219e+01 6.870571875000000000e+05 1.000000000000000000e+00 2.670011249999999450e+02 -1.837716666666666754e+01 1.936002499999999884e+02 -5.819611111111110624e+00 1.742981419683546029e+00
1.000000000000000000e+00 4.264913194444221881e+04 3.206433333333332598e+02 2.312513888888889113e+01 6.856397500000000000e+05 1.000000000000000000e+00 2.670891249999999673e+02 -1.838086111111111265e+01 1.936066249999999798e+02 -5.822277777777777885e+00 1.741513619297011539e+00
1.000000000000000000e+00 4.264918749999777356e+04 3.319647083333333057e+02 -4.295272222222222780e+01 6.948563750000000000e+05 1.000000000000000000e+00 2.677938333333332821e+02 -1.840886111111111134e+01 1.936574583333333237e+02 -5.843472222222222179e+00 1.729771216405284084e+00
1.000000000000000000e+00 4.264919444444221881e+04 3.252444583333332844e+02 -6.900666666666666949e+00 6.860595625000000000e+05 1.000000000000000000e+00 2.678820000000000050e+02 -1.841219444444444164e+01 1.936637916666666683e+02 -5.846111111111111036e+00 1.728303416030840367e+00
1.000000000000000000e+00 4.264920138888666406e+04 3.196082916666666733e+02 2.925550000000000139e+01 6.863636875000000000e+05 1.000000000000000000e+00 2.679701666666666711e+02 -1.841547222222222047e+01 1.936701666666666597e+02 -5.848749999999999893e+00 1.726835615718541828e+00
1.000000000000000000e+00 4.264925694444221881e+04 3.305226666666666233e+02 -3.685938888888888698e+01 6.931276875000000000e+05 1.000000000000000000e+00 2.686759166666666374e+02 -1.844024999999999892e+01 1.937210000000000036e+02 -5.869944444444445075e+00 1.715093212807767165e+00
1.000000000000000000e+00 4.264926388888666406e+04 3.244219166666666183e+02 -7.599444444444444224e-01 6.853655000000000000e+05 1.000000000000000000e+00 2.687642083333333289e+02 -1.844319444444444400e+01 1.937273749999999950e+02 -5.872611111111111448e+00 1.713625412390631819e+00
1.000000000000000000e+00 4.264927083333110932e+04 3.184317083333332334e+02 3.537683333333333735e+01 6.872452500000000000e+05 1.000000000000000000e+00 2.688524999999999636e+02 -1.844605555555555654e+01 1.937337083333333112e+02 -5.875250000000000306e+00 1.712157612064576728e+00
1.000000000000000000e+00 4.264932638888666406e+04 3.293048749999999814e+02 -3.074975000000000236e+01 6.914025625000000000e+05 1.000000000000000000e+00 2.695593333333333135e+02 -1.846761111111111120e+01 1.937845833333333019e+02 -5.896444444444443711e+00 1.700415209169864106e+00
1.000000000000000000e+00 4.264933333333110932e+04 3.236017916666666565e+02 5.381777777777777771e+00 6.849920625000000000e+05 1.000000000000000000e+00 2.696477499999999736e+02 -1.847013888888888644e+01 1.937909583333332932e+02 -5.899083333333332568e+00 1.698947408791984914e+00
1.000000000000000000e+00 4.264934027777555457e+04 3.170497083333332853e+02 4.148458333333333314e+01 6.882129375000000000e+05 1.000000000000000000e+00 2.697361666666665769e+02 -1.847261111111111020e+01 1.937972916666666379e+02 -5.901722222222222314e+00 1.697479608445261468e+00
1.000000000000000000e+00 4.264939583333110932e+04 3.282412916666666547e+02 -2.462875000000000014e+01 6.897633125000000000e+05 1.000000000000000000e+00 2.704440416666665783e+02 -1.849091666666666711e+01 1.938481666666666285e+02 -5.922916666666666607e+00 1.685737205483160972e+00
1.000000000000000000e+00 4.264940277777555457e+04 3.227633333333332644e+02 1.152313888888888904e+01 6.849380625000000000e+05 1.000000000000000000e+00 2.705325833333333208e+02 -1.849300000000000210e+01 1.938544999999999732e+02 -5.925555555555555465e+00 1.684269405157003963e+00
1.000000000000000000e+00 4.264940972221999982e+04 3.153644999999999641e+02 4.757163888888889147e+01 6.891893750000000000e+05 1.000000000000000000e+00 2.706211250000000064e+02 -1.849508333333333354e+01 1.938608749999999645e+02 -5.928222222222222726e+00 1.682801604806009488e+00
1.000000000000000000e+00 4.264946527777555457e+04 3.272839166666666415e+02 -1.849972222222222484e+01 6.882842500000000000e+05 1.000000000000000000e+00 2.713300416666666024e+02 -1.851011111111111163e+01 1.939117499999999552e+02 -5.949388888888889504e+00 1.671059201905580105e+00
1.000000000000000000e+00 4.264947222221999982e+04 3.218839583333332826e+02 1.766255555555555290e+01 6.851844375000000000e+05 1.000000000000000000e+00 2.714187083333333135e+02 -1.851180555555555429e+01 1.939181249999999750e+02 -5.952027777777778361e+00 1.669591401492626748e+00
1.000000000000000000e+00 4.264953472221999982e+04 3.263977083333332985e+02 -1.236505555555555524e+01 6.870285625000000000e+05 1.000000000000000000e+00 2.722173333333332721e+02 -1.852519444444444474e+01 1.939753333333333103e+02 -5.975861111111111512e+00 1.656381198303438218e+00
1.000000000000000000e+00 4.264954166666444507e+04 3.209371249999999236e+02 2.379825000000000301e+01 6.856953125000000000e+05 1.000000000000000000e+00 2.723061249999999518e+02 -1.852649999999999864e+01 1.939817083333333017e+02 -5.978500000000000369e+00 1.654913397901743410e+00
1.000000000000000000e+00 4.264959722221999982e+04 3.321942083333332789e+02 -4.228347222222222257e+01 6.948268125000000000e+05 1.000000000000000000e+00 2.730169583333332639e+02 -1.853525000000000134e+01 1.940325833333333208e+02 -5.999666666666667147e+00 1.643170994994467282e+00
1.000000000000000000e+00 4.264960416666444507e+04 3.255554166666666447e+02 -6.226555555555555621e+00 6.860453750000000000e+05 1.000000000000000000e+00 2.731058749999999691e+02 -1.853616666666667001e+01 1.940389583333333121e+02 -6.002305555555555117e+00 1.641703194673548305e+00
1.000000000000000000e+00 4.264961111110889033e+04 3.198889999999999532e+02 2.992783333333333573e+01 6.864199375000000000e+05 1.000000000000000000e+00 2.731947916666666174e+02 -1.853705555555555762e+01 1.940452916666666283e+02 -6.004944444444444862e+00 1.640235394254710100e+00
1.000000000000000000e+00 4.264966666666444507e+04 3.307812916666666183e+02 -3.618830555555555151e+01 6.930841250000000000e+05 1.000000000000000000e+00 2.739066249999999627e+02 -1.854250000000000043e+01 1.940962083333332941e+02 -6.026111111111110752e+00 1.628492991389136835e+00
1.000000000000000000e+00 4.264967361110888305e+04 3.247341249999999491e+02 -8.577777777777777224e-02 6.853675000000000000e+05 1.000000000000000000e+00 2.739956666666666365e+02 -1.854300000000000281e+01 1.941025416666666388e+02 -6.028777777777778013e+00 1.627025191026465256e+00
1.000000000000000000e+00 4.264968055555332830e+04 3.186934583333332967e+02 3.604802777777777578e+01 6.872951250000000000e+05 1.000000000000000000e+00 2.740847083333333103e+02 -1.854344444444444662e+01 1.941089166666666586e+02 -6.031416666666666870e+00 1.625557390607859531e+00
1.000000000000000000e+00 4.264973611110889033e+04 3.295834166666666079e+02 -3.007747222222222305e+01 6.913524375000000000e+05 1.000000000000000000e+00 2.747975833333333071e+02 -1.854558333333333664e+01 1.941597916666666492e+02 -6.052555555555555244e+00 1.613814987729981443e+00
1.000000000000000000e+00 4.264974305555333558e+04 3.239130416666666292e+02 6.055888888888889099e+00 6.850102500000000000e+05 1.000000000000000000e+00 2.748867083333333312e+02 -1.854566666666666919e+01 1.941661666666666690e+02 -6.055222222222221617e+00 1.612347187411383054e+00
1.000000000000000000e+00 4.264974999999778083e+04 3.172837083333332657e+02 4.215402777777777743e+01 6.882488750000000000e+05 1.000000000000000000e+00 2.749758749999999736e+02 -1.854569444444444670e+01 1.941725416666666604e+02 -6.057861111111111363e+00 1.610879386985919703e+00
1.000000000000000000e+00 4.264980555555332830e+04 3.285336249999999154e+02 -2.395569444444444329e+01 6.897135000000000000e+05 1.000000000000000000e+00 2.756897083333332716e+02 -1.854447222222222535e+01 1.942234166666666511e+02 -6.078999999999999737e+00 1.599136984132556671e+00
1.000000000000000000e+00 4.264981249999777356e+04 3.230712500000000205e+02 1.219705555555555598e+01 6.849706875000000000e+05 1.000000000000000000e+00 2.757789999999999395e+02 -1.854413888888889161e+01 1.942297916666666424e+02 -6.081638888888888594e+00 1.597669183759582001e+00
1.000000000000000000e+00 4.264987499999778083e+04 3.275856249999999363e+02 -1.782613888888888809e+01 6.882407500000000000e+05 1.000000000000000000e+00 2.765830833333333203e+02 -1.853919444444444764e+01 1.942870833333332996e+02 -6.105444444444444230e+00 1.584458980490918822e+00
1.000000000000000000e+00 4.264988194444221881e+04 3.221858749999999532e+02 1.833616666666666717e+01 6.852281250000000000e+05 1.000000000000000000e+00 2.766725000000000136e+02 -1.853841666666667010e+01 1.942934166666666442e+02 -6.108083333333333087e+00 1.582991180136597897e+00
1.000000000000000000e+00 4.264993749999777356e+04 3.341167499999999109e+02 -4.768891666666666396e+01 6.964815000000000000e+05 1.000000000000000000e+00 2.773881250000000023e+02 -1.853080555555555620e+01 1.943443333333333101e+02 -6.129222222222221461e+00 1.571248777252903794e+00
1.000000000000000000e+00 4.264994444444221881e+04 3.267054583333332971e+02 -1.169113888888888830e+01 6.869961875000000000e+05 1.000000000000000000e+00 2.774776249999999891e+02 -1.852966666666666740e+01 1.943507083333333014e+02 -6.131861111111110318e+00 1.569780976842066078e+00
1.000000000000000000e+00 4.264995138888666406e+04 3.212297499999999673e+02 2.447133333333333027e+01 6.857451250000000000e+05 1.000000000000000000e+00 2.775671666666665942e+02 -1.852849999999999753e+01 1.943570833333332928e+02 -6.134500000000000064e+00 1.568313176460061742e+00
1.000000000000000000e+00 4.265000694444221881e+04 3.324274999999998954e+02 -4.161408333333333331e+01 6.947924375000000000e+05 1.000000000000000000e+00 2.782837499999999977e+02 -1.851749999999999829e+01 1.944079999999999586e+02 -6.155638888888889326e+00 1.556570773563288546e+00
1.000000000000000000e+00 4.265001388888666406e+04 3.258665833333332671e+02 -5.552472222222221809e+00 6.860273125000000000e+05 1.000000000000000000e+00 2.783733749999999532e+02 -1.851594444444444321e+01 1.944143749999999500e+02 -6.158277777777778184e+00 1.555102973205757522e+00
1.000000000000000000e+00 4.265002083333110932e+04 3.201679583333332744e+02 3.060011111111111148e+01 6.864698125000000000e+05 1.000000000000000000e+00 2.784630416666666406e+02 -1.851433333333333309e+01 1.944207083333333230e+02 -6.160916666666667041e+00 1.553635172860653890e+00
1.000000000000000000e+00 4.265007638888666406e+04 3.310424999999999613e+02 -3.551716666666666811e+01 6.930359375000000000e+05 1.000000000000000000e+00 2.791805416666666702e+02 -1.849994444444444497e+01 1.944716666666666072e+02 -6.182055555555555415e+00 1.541892769935508056e+00
1.000000000000000000e+00 4.265008333333110932e+04 3.250463749999999550e+02 5.883611111111111125e-01 6.853655000000000000e+05 1.000000000000000000e+00 2.792702916666666511e+02 -1.849794444444444608e+01 1.944780416666666554e+02 -6.184694444444444272e+00 1.540424969606936312e+00
1.000000000000000000e+00 4.265009027777555457e+04 3.189526249999999550e+02 3.671911111111111126e+01 6.873380625000000000e+05 1.000000000000000000e+00 2.793600416666666320e+02 -1.849591666666666612e+01 1.944843749999999716e+02 -6.187333333333333130e+00 1.538957169227420652e+00
1.000000000000000000e+00 4.265014583333110932e+04 3.298637499999999818e+02 -2.940519444444444375e+01 6.912980000000000000e+05 1.000000000000000000e+00 2.800784999999999627e+02 -1.847811111111110804e+01 1.945353333333333126e+02 -6.208472222222222392e+00 1.527214766292768422e+00
1.000000000000000000e+00 4.265015277777555457e+04 3.242240416666666647e+02 6.729972222222222022e+00 6.850241250000000000e+05 1.000000000000000000e+00 2.801683749999999691e+02 -1.847569444444444287e+01 1.945417083333333039e+02 -6.211111111111111249e+00 1.525746965971110702e+00
1.000000000000000000e+00 4.265015972221999982e+04 3.175139166666666597e+02 4.282327777777778266e+01 6.882772500000000000e+05 1.000000000000000000e+00 2.802582499999999754e+02 -1.847324999999999662e+01 1.945480416666666486e+02 -6.213750000000000107e+00 1.524279165630745503e+00
1.000000000000000000e+00 4.265021527777555457e+04 3.288271666666666420e+02 -2.328261111111110893e+01 6.896595625000000000e+05 1.000000000000000000e+00 2.809775833333332571e+02 -1.845202777777777570e+01 1.945989999999999895e+02 -6.234861111111110965e+00 1.512536762676529367e+00
1.000000000000000000e+00 4.265022222221999982e+04 3.233786249999999995e+02 1.287094444444444541e+01 6.849985625000000000e+05 1.000000000000000000e+00 2.810675416666666138e+02 -1.844919444444444423e+01 1.946053749999999809e+02 -6.237499999999999822e+00 1.511068962359786827e+00
1.000000000000000000e+00 4.265028472221999982e+04 3.278881250000000023e+02 -1.715255555555555489e+01 6.881933125000000000e+05 1.000000000000000000e+00 2.818777916666666670e+02 -1.842166666666666686e+01 1.946626666666666381e+02 -6.261277777777777942e+00 1.497858759092272951e+00
1.000000000000000000e+00 4.265029166666444507e+04 3.224869166666666729e+02 1.900969444444444534e+01 6.852665625000000000e+05 1.000000000000000000e+00 2.819678749999999923e+02 -1.841838888888889159e+01 1.946690416666666579e+02 -6.263916666666666799e+00 1.496390958651633518e+00
1.000000000000000000e+00 4.265034722221999982e+04 3.343137916666666456e+02 -4.702197222222222450e+01 6.964632500000000000e+05 1.000000000000000000e+00 2.826889166666666142e+02 -1.839063888888888698e+01 1.947199999999999704e+02 -6.285027777777777658e+00 1.484648555770492040e+00
1.000000000000000000e+00 4.265035416666444507e+04 3.270137499999999591e+02 -1.101725000000000065e+01 6.869598750000000000e+05 1.000000000000000000e+00 2.827791250000000218e+02 -1.838700000000000045e+01 1.947263749999999902e+02 -6.287666666666666515e+00 1.483180755405790308e+00
1.000000000000000000e+00 4.265036111110889033e+04 3.215210833333333085e+02 2.514433333333333209e+01 6.857891875000000000e+05 1.000000000000000000e+00 2.828692916666666406e+02 -1.838327777777777783e+01 1.947327499999999816e+02 -6.290277777777777857e+00 1.481712955038623658e+00
1.000000000000000000e+00 4.265041666666444507e+04 3.326644166666666251e+02 -4.094452777777777186e+01 6.947530000000000000e+05 1.000000000000000000e+00 2.835912083333332703e+02 -1.835211111111111393e+01 1.947837083333332941e+02 -6.311388888888888715e+00 1.469970552185526635e+00
1.000000000000000000e+00 4.265042361110888305e+04 3.261779999999999973e+02 -4.878416666666667290e+00 6.860053125000000000e+05 1.000000000000000000e+00 2.836814999999999714e+02 -1.834802777777777649e+01 1.947900833333332855e+02 -6.314027777777777573e+00 1.468502751839662057e+00
1.000000000000000000e+00 4.265043055555332830e+04 3.204450833333332866e+02 3.127230555555555469e+01 6.865133125000000000e+05 1.000000000000000000e+00 2.837717916666666724e+02 -1.834388888888888758e+01 1.947964583333332769e+02 -6.316666666666666430e+00 1.467034951446982927e+00
1.000000000000000000e+00 4.265048611110889033e+04 3.313061666666665701e+02 -3.484594444444444861e+01 6.929830625000000000e+05 1.000000000000000000e+00 2.844945833333332530e+02 -1.830925000000000225e+01 1.948474166666666179e+02 -6.337777777777777288e+00 1.455292548562466148e+00
1.000000000000000000e+00 4.265049305555333558e+04 3.253585416666666674e+02 1.262472222222222218e+00 6.853593125000000000e+05 1.000000000000000000e+00 2.845849999999999227e+02 -1.830472222222222456e+01 1.948537916666666092e+02 -6.340416666666666146e+00 1.453824748134178835e+00
1.000000000000000000e+00 4.265049999999778083e+04 3.192091249999999718e+02 3.739005555555555560e+01 6.873739375000000000e+05 1.000000000000000000e+00 2.846753749999999741e+02 -1.830013888888888829e+01 1.948601666666666290e+02 -6.343055555555555003e+00 1.452356947827553757e+00
1.000000000000000000e+00 4.265055555555332830e+04 3.301457916666666392e+02 -2.873286111111110941e+01 6.912390000000000000e+05 1.000000000000000000e+00 2.853989999999999441e+02 -1.826205555555555549e+01 1.949111249999999700e+02 -6.364138888888888346e+00 1.440614544873496383e+00
1.000000000000000000e+00 4.265056249999777356e+04 3.245347499999999172e+02 7.403999999999999915e+00 6.850335625000000000e+05 1.000000000000000000e+00 2.854894999999999641e+02 -1.825708333333333400e+01 1.949174999999999613e+02 -6.366777777777777203e+00 1.439146744524558263e+00
1.000000000000000000e+00 4.265056944444221881e+04 3.177402083333333280e+02 4.349230555555555355e+01 6.882980625000000000e+05 1.000000000000000000e+00 2.855799999999999841e+02 -1.825208333333333499e+01 1.949238749999999527e+02 -6.369416666666666060e+00 1.437678944172057660e+00
1.000000000000000000e+00 4.265062499999778083e+04 3.291218749999999886e+02 -2.260955555555555563e+01 6.896013750000000000e+05 1.000000000000000000e+00 2.863044583333332866e+02 -1.821052777777777720e+01 1.949748749999999688e+02 -6.390500000000000291e+00 1.425936541269543945e+00
1.000000000000000000e+00 4.265063194444221881e+04 3.236854583333332585e+02 1.354477777777777803e+01 6.850216875000000000e+05 1.000000000000000000e+00 2.863950833333332753e+02 -1.820511111111111191e+01 1.949812499999999602e+02 -6.393138888888889149e+00 1.424468740941297273e+00
1.000000000000000000e+00 4.265069444444221881e+04 3.281914583333332871e+02 -1.647899999999999920e+01 6.881417500000000000e+05 1.000000000000000000e+00 2.872109583333332807e+02 -1.815463888888888633e+01 1.950385833333332926e+02 -6.416861111111111349e+00 1.411258537625385889e+00
1.000000000000000000e+00 4.265070138888666406e+04 3.227871249999999463e+02 1.968319444444444599e+01 6.852997500000000000e+05 1.000000000000000000e+00 2.873016666666666197e+02 -1.814880555555555475e+01 1.950449583333333123e+02 -6.419500000000000206e+00 1.409790737265472771e+00
1.000000000000000000e+00 4.265075694444221881e+04 3.345161249999999882e+02 -4.635477777777777675e+01 6.964396250000000000e+05 1.000000000000000000e+00 2.880276666666666188e+02 -1.810063888888889139e+01 1.950959583333333285e+02 -6.440555555555556033e+00 1.398048334327498976e+00
1.000000000000000000e+00 4.265076388888666406e+04 3.273225416666666092e+02 -1.034338888888888874e+01 6.869195000000000000e+05 1.000000000000000000e+00 2.881184583333333080e+02 -1.809441666666666393e+01 1.951023333333333198e+02 -6.443194444444444891e+00 1.396580534004666196e+00
1.000000000000000000e+00 4.265077083333110932e+04 3.218111249999999472e+02 2.581727777777777888e+01 6.858274375000000000e+05 1.000000000000000000e+00 2.882092499999999973e+02 -1.808813888888888854e+01 1.951087083333333112e+02 -6.445833333333333748e+00 1.395112733617848821e+00
1.000000000000000000e+00 4.265082638888666406e+04 3.329048750000000041e+02 -4.027486111111110745e+01 6.947085000000000000e+05 1.000000000000000000e+00 2.889360416666665969e+02 -1.803647222222222268e+01 1.951597083333332989e+02 -6.466916666666667091e+00 1.383370330781760416e+00
1.000000000000000000e+00 4.265083333333110932e+04 3.264895833333332575e+02 -4.204388888888889397e+00 6.859793125000000000e+05 1.000000000000000000e+00 2.890269166666666365e+02 -1.802980555555555497e+01 1.951660833333332903e+02 -6.469555555555555948e+00 1.381902530338693591e+00
1.000000000000000000e+00 4.265084027777555457e+04 3.207202916666666397e+02 3.194438888888888783e+01 6.865503750000000000e+05 1.000000000000000000e+00 2.891178333333332944e+02 -1.802311111111110975e+01 1.951724583333333101e+02 -6.472166666666666401e+00 1.380434729981504294e+00
1.000000000000000000e+00 4.265089583333110932e+04 3.315722499999999968e+02 -3.417466666666666697e+01 6.929253125000000000e+05 1.000000000000000000e+00 2.898453749999999900e+02 -1.796794444444444139e+01 1.952235000000000014e+02 -6.493249999999999744e+00 1.368692327075236470e+00
1.000000000000000000e+00 4.265090277777555457e+04 3.256707083333332662e+02 1.936555555555555586e+00 6.853489375000000000e+05 1.000000000000000000e+00 2.899363749999999413e+02 -1.796086111111111094e+01 1.952298749999999927e+02 -6.495888888888888602e+00 1.367224526697957465e+00
1.000000000000000000e+00 4.265090972221999982e+04 3.194628333333333217e+02 3.806086111111110881e+01 6.874029375000000000e+05 1.000000000000000000e+00 2.900273749999999495e+02 -1.795372222222222192e+01 1.952362499999999841e+02 -6.498499999999999943e+00 1.365756726378161146e+00
1.000000000000000000e+00 4.265096527777555457e+04 3.304294999999999618e+02 -2.806050000000000111e+01 6.911754375000000000e+05 1.000000000000000000e+00 2.907557083333333026e+02 -1.789505555555555461e+01 1.952872500000000002e+02 -6.519583333333333286e+00 1.354014323465699388e+00
1.000000000000000000e+00 4.265097222221999982e+04 3.248451666666666142e+02 8.078027777777776919e+00 6.850385625000000000e+05 1.000000000000000000e+00 2.908467916666666042e+02 -1.788752777777777681e+01 1.952936249999999916e+02 -6.522194444444444628e+00 1.352546523157997616e+00
1.000000000000000000e+00 4.265097916666444507e+04 3.179623750000000086e+02 4.416113888888888539e+01 6.883113750000000000e+05 1.000000000000000000e+00 2.909378749999999627e+02 -1.787994444444444397e+01 1.952999999999999829e+02 -6.524833333333333485e+00 1.351078722766482443e+00
1.000000000000000000e+00 4.265103472221999982e+04 3.294177499999999554e+02 -2.193647222222222126e+01 6.895388125000000000e+05 1.000000000000000000e+00 2.916669583333332980e+02 -1.781777777777777771e+01 1.953510416666666742e+02 -6.545888888888888424e+00 1.339336319825275901e+00
1.000000000000000000e+00 4.265104166666444507e+04 3.239917083333332926e+02 1.421861111111111065e+01 6.850399375000000000e+05 1.000000000000000000e+00 2.917581249999999500e+02 -1.780983333333333363e+01 1.953574166666666656e+02 -6.548527777777777281e+00 1.337868519463823791e+00
1.000000000000000000e+00 4.265110416666444507e+04 3.284954999999999359e+02 -1.580547222222222281e+01 6.880860000000000000e+05 1.000000000000000000e+00 2.925791249999999764e+02 -1.773613888888888823e+01 1.954148333333333198e+02 -6.572194444444444450e+00 1.324658316271184022e+00
1.000000000000000000e+00 4.265111111110889033e+04 3.230863749999999754e+02 2.035666666666666913e+01 6.853276250000000000e+05 1.000000000000000000e+00 2.926704166666665969e+02 -1.772774999999999679e+01 1.954212083333333112e+02 -6.574833333333333307e+00 1.323190515895599662e+00
1.000000000000000000e+00 4.265116666666444507e+04 3.347234583333332694e+02 -4.568733333333332780e+01 6.964104375000000000e+05 1.000000000000000000e+00 2.934008749999999850e+02 -1.765891666666666637e+01 1.954722499999999741e+02 -6.595888888888888246e+00 1.311448112922583675e+00
1.000000000000000000e+00 4.265117361110888305e+04 3.276317083333332789e+02 -9.669527777777776834e+00 6.868750625000000000e+05 1.000000000000000000e+00 2.934922499999999559e+02 -1.765011111111110864e+01 1.954786249999999939e+02 -6.598499999999999588e+00 1.309980312611598086e+00
1.000000000000000000e+00 4.265118055555332830e+04 3.220997916666665901e+02 2.649016666666666708e+01 6.858598750000000000e+05 1.000000000000000000e+00 2.935835833333333085e+02 -1.764127777777777695e+01 1.954849999999999852e+02 -6.601138888888888445e+00 1.308512512208587220e+00
1.000000000000000000e+00 4.265123611110889033e+04 3.331486666666666565e+02 -3.960505555555555901e+01 6.946586250000000000e+05 1.000000000000000000e+00 2.943147916666666219e+02 -1.756894444444444403e+01 1.955360416666666481e+02 -6.622166666666666757e+00 1.296770109297336715e+00
1.000000000000000000e+00 4.265124305555333558e+04 3.268013750000000073e+02 -3.530361111111111061e+00 6.859491250000000000e+05 1.000000000000000000e+00 2.944062083333332680e+02 -1.755969444444444605e+01 1.955424166666666395e+02 -6.624805555555555614e+00 1.295302308951405523e+00
1.000000000000000000e+00 4.265124999999778083e+04 3.209934999999999263e+02 3.261641666666666595e+01 6.865811250000000000e+05 1.000000000000000000e+00 2.944976666666666461e+02 -1.755041666666666700e+01 1.955487916666666308e+02 -6.627444444444445359e+00 1.293834508588417753e+00
1.000000000000000000e+00 4.265130555555332830e+04 3.318406249999999886e+02 -3.350330555555555634e+01 6.928625000000000000e+05 1.000000000000000000e+00 2.952295416666666483e+02 -1.747458333333333158e+01 1.955998749999999973e+02 -6.648472222222221895e+00 1.282092105704794482e+00
1.000000000000000000e+00 4.265131249999777356e+04 3.259827916666665715e+02 2.610611111111110993e+00 6.853343125000000000e+05 1.000000000000000000e+00 2.953210833333332630e+02 -1.746491666666666731e+01 1.956062499999999886e+02 -6.651111111111111640e+00 1.280624305325967160e+00
1.000000000000000000e+00 4.265131944444221881e+04 3.197136666666666542e+02 3.873152777777777800e+01 6.874249375000000000e+05 1.000000000000000000e+00 2.954126249999999914e+02 -1.745519444444444446e+01 1.956126249999999800e+02 -6.653722222222222982e+00 1.279156504966176167e+00
1.000000000000000000e+00 4.265137499999778083e+04 3.307147916666666561e+02 -2.738811111111111174e+01 6.911071875000000000e+05 1.000000000000000000e+00 2.961452083333333007e+02 -1.737586111111111009e+01 1.956636666666666429e+02 -6.674750000000000405e+00 1.267414102063665560e+00
1.000000000000000000e+00 4.265138194444221881e+04 3.251552499999999668e+02 8.752000000000000668e+00 6.850390000000000000e+05 1.000000000000000000e+00 2.962367916666666474e+02 -1.736575000000000202e+01 1.956700416666666342e+02 -6.677388888888889262e+00 1.265946301706208699e+00
1.000000000000000000e+00 4.265138888888666406e+04 3.181802083333332689e+02 4.482972222222222314e+01 6.883171875000000000e+05 1.000000000000000000e+00 2.963284166666666124e+02 -1.735558333333333536e+01 1.956764583333333007e+02 -6.680000000000000604e+00 1.264478501313520242e+00
1.000000000000000000e+00 4.265144444444221881e+04 3.297147083333332489e+02 -2.126338888888889045e+01 6.894718125000000000e+05 1.000000000000000000e+00 2.970616666666666674e+02 -1.727274999999999849e+01 1.957274999999999920e+02 -6.701027777777778027e+00 1.252736098428274270e+00
1.000000000000000000e+00 4.265145138888666406e+04 3.242973333333333130e+02 1.489238888888888823e+01 6.850533750000000000e+05 1.000000000000000000e+00 2.971533749999999259e+02 -1.726219444444444306e+01 1.957338749999999834e+02 -6.703666666666666885e+00 1.251268298076469554e+00
1.000000000000000000e+00 4.265151388888666406e+04 3.288002916666666238e+02 -1.513191666666666713e+01 6.880259375000000000e+05 1.000000000000000000e+00 2.979789999999999850e+02 -1.716525000000000034e+01 1.957913333333333128e+02 -6.727305555555555650e+00 1.238058094859165292e+00
1.000000000000000000e+00 4.265152083333110932e+04 3.233846249999999714e+02 2.103008333333333368e+01 6.853501875000000000e+05 1.000000000000000000e+00 2.980707916666666506e+02 -1.715424999999999756e+01 1.957977500000000077e+02 -6.729944444444444507e+00 1.236590294421445302e+00
1.000000000000000000e+00 4.265157638888666406e+04 3.349356249999999591e+02 -4.501966666666666583e+01 6.963755000000000000e+05 1.000000000000000000e+00 2.988052916666666761e+02 -1.706475000000000009e+01 1.958488333333333173e+02 -6.750944444444444414e+00 1.224847891516536835e+00
1.000000000000000000e+00 4.265158333333110932e+04 3.279413333333333185e+02 -8.995694444444444215e+00 6.868264375000000000e+05 1.000000000000000000e+00 2.988971666666666920e+02 -1.705336111111111208e+01 1.958552083333333087e+02 -6.753555555555555756e+00 1.223380091140691128e+00
1.000000000000000000e+00 4.265159027777555457e+04 3.223870000000000005e+02 2.716300000000000026e+01 6.858864375000000000e+05 1.000000000000000000e+00 2.989889999999999759e+02 -1.704194444444444656e+01 1.958615833333333001e+02 -6.756194444444444613e+00 1.221912290840937665e+00
1.000000000000000000e+00 4.265164583333110932e+04 3.333956249999999386e+02 -3.893511111111110523e+01 6.946033750000000000e+05 1.000000000000000000e+00 2.997241666666666333e+02 -1.694894444444444304e+01 1.959126666666666665e+02 -6.777194444444444521e+00 1.210169887959408275e+00
1.000000000000000000e+00 4.265165277777555457e+04 3.271133333333332871e+02 -2.856361111111111128e+00 6.859146875000000000e+05 1.000000000000000000e+00 2.998161249999999995e+02 -1.693713888888888874e+01 1.959190416666666579e+02 -6.779833333333333378e+00 1.208702087580989737e+00
1.000000000000000000e+00 4.265165972221999982e+04 3.212646249999999668e+02 3.328833333333333400e+01 6.866054375000000000e+05 1.000000000000000000e+00 2.999080416666666338e+02 -1.692525000000000190e+01 1.959254583333333244e+02 -6.782444444444444720e+00 1.207234287215698476e+00
1.000000000000000000e+00 4.265171527777555457e+04 3.321111666666666338e+02 -3.283188888888889068e+01 6.927946250000000000e+05 1.000000000000000000e+00 3.006438333333333048e+02 -1.682877777777777695e+01 1.959765416666666340e+02 -6.803444444444444628e+00 1.195491884301217000e+00
1.000000000000000000e+00 4.265172222221999982e+04 3.262947499999999650e+02 3.284638888888888886e+00 6.853153750000000000e+05 1.000000000000000000e+00 3.007358333333333462e+02 -1.681652777777777885e+01 1.959829166666666538e+02 -6.806083333333333485e+00 1.194024083900825595e+00
1.000000000000000000e+00 4.265172916666444507e+04 3.199614583333332689e+02 3.940205555555555605e+01 6.874400000000000000e+05 1.000000000000000000e+00 3.008278749999999491e+02 -1.680422222222222217e+01 1.959893333333333203e+02 -6.808694444444443938e+00 1.192556283567186348e+00
1.000000000000000000e+00 4.265178472221999982e+04 3.310015833333333148e+02 -2.671569444444444485e+01 6.910340625000000000e+05 1.000000000000000000e+00 3.015642916666666338e+02 -1.670424999999999827e+01 1.960404166666666299e+02 -6.829694444444443846e+00 1.180813880654142389e+00
1.000000000000000000e+00 4.265179166666444507e+04 3.254649999999999750e+02 9.425972222222220864e+00 6.850348750000000000e+05 1.000000000000000000e+00 3.016563750000000255e+02 -1.669155555555555637e+01 1.960467916666666213e+02 -6.832305555555555188e+00 1.179346080264895180e+00
1.000000000000000000e+00 4.265179861110888305e+04 3.183934999999999604e+02 4.549808333333333366e+01 6.883156250000000000e+05 1.000000000000000000e+00 3.017484583333333035e+02 -1.667883333333333340e+01 1.960532083333333162e+02 -6.834944444444444045e+00 1.177878279924911009e+00
1.000000000000000000e+00 4.265185416666444507e+04 3.300126666666665756e+02 -2.059030555555555608e+01 6.894001875000000000e+05 1.000000000000000000e+00 3.024854999999999450e+02 -1.657536111111111055e+01 1.961042916666666542e+02 -6.855916666666666437e+00 1.166135876992816289e+00
1.000000000000000000e+00 4.265186111110889033e+04 3.246023333333333198e+02 1.556613888888889008e+01 6.850618125000000000e+05 1.000000000000000000e+00 3.025776666666666301e+02 -1.656225000000000236e+01 1.961107083333332923e+02 -6.858555555555555294e+00 1.164668076682878528e+00
1.000000000000000000e+00 4.265192361110888305e+04 3.291057083333333253e+02 -1.445838888888888896e+01 6.879615625000000000e+05 1.000000000000000000e+00 3.034074583333332953e+02 -1.644213888888888775e+01 1.961682083333333253e+02 -6.882138888888889028e+00 1.151457873374449603e+00
1.000000000000000000e+00 4.265193055555332830e+04 3.236818749999999909e+02 2.170347222222222072e+01 6.853673750000000000e+05 1.000000000000000000e+00 3.034997083333332739e+02 -1.642858333333333576e+01 1.961745833333333167e+02 -6.884777777777776997e+00 1.149990073077468145e+00
1.000000000000000000e+00 4.265198611110889033e+04 3.351523749999999495e+02 -4.435177777777777663e+01 6.963347500000000000e+05 1.000000000000000000e+00 3.042378749999999741e+02 -1.631855555555555526e+01 1.962257083333333014e+02 -6.905750000000000277e+00 1.138247670092094932e+00
1.000000000000000000e+00 4.265199305555333558e+04 3.282512916666666456e+02 -8.321888888888889113e+00 6.867735000000000000e+05 1.000000000000000000e+00 3.043302083333333599e+02 -1.630458333333333343e+01 1.962320833333332928e+02 -6.908361111111111619e+00 1.136779869750043748e+00
1.000000000000000000e+00 4.265199999999778083e+04 3.226727083333332757e+02 2.783580555555555591e+01 6.859071250000000000e+05 1.000000000000000000e+00 3.044225000000000136e+02 -1.629061111111111160e+01 1.962384999999999877e+02 -6.911000000000000476e+00 1.135312069412149905e+00
1.000000000000000000e+00 4.265205555555332830e+04 3.336457083333332889e+02 -3.826505555555555560e+01 6.945425000000000000e+05 1.000000000000000000e+00 3.051612499999999955e+02 -1.617711111111111322e+01 1.962896250000000009e+02 -6.931972222222222868e+00 1.123569666503599684e+00
1.000000000000000000e+00 4.265206249999777356e+04 3.274253749999999741e+02 -2.182388888888888712e+00 6.858760625000000000e+05 1.000000000000000000e+00 3.052536249999999995e+02 -1.616272222222222155e+01 1.962959999999999923e+02 -6.934583333333333321e+00 1.122101866150922556e+00
1.000000000000000000e+00 4.265206944444221881e+04 3.215336249999999723e+02 3.396016666666667305e+01 6.866234375000000000e+05 1.000000000000000000e+00 3.053460416666666788e+02 -1.614830555555555591e+01 1.963024166666666304e+02 -6.937194444444444663e+00 1.120634065770683696e+00
1.000000000000000000e+00 4.265212499999778083e+04 3.323838333333332571e+02 -3.216038888888888891e+01 6.927214375000000000e+05 1.000000000000000000e+00 3.060853749999999422e+02 -1.603136111111111006e+01 1.963535416666666720e+02 -6.958166666666667055e+00 1.108891662876003714e+00
1.000000000000000000e+00 4.265213194444221881e+04 3.266065833333332762e+02 3.958666666666666778e+00 6.852920000000000000e+05 1.000000000000000000e+00 3.061777916666666215e+02 -1.601652777777777814e+01 1.963599166666666633e+02 -6.960777777777778397e+00 1.107423862491739852e+00
1.000000000000000000e+00 4.265213888888666406e+04 3.202061249999999859e+02 4.007244444444445008e+01 6.874481875000000000e+05 1.000000000000000000e+00 3.062702499999999759e+02 -1.600169444444444622e+01 1.963663333333333014e+02 -6.963416666666667254e+00 1.105956062124917150e+00
1.000000000000000000e+00 4.265219444444221881e+04 3.312898333333332630e+02 -2.604325000000000045e+01 6.909560000000000000e+05 1.000000000000000000e+00 3.070101666666665778e+02 -1.588130555555555645e+01 1.964174583333333146e+02 -6.984361111111111242e+00 1.094213659220689250e+00
1.000000000000000000e+00 4.265220138888666406e+04 3.257743333333332885e+02 1.009991666666666710e+01 6.850261250000000000e+05 1.000000000000000000e+00 3.071027083333332826e+02 -1.586605555555555469e+01 1.964238749999999811e+02 -6.986972222222222584e+00 1.092745858911668089e+00
1.000000000000000000e+00 4.265220833333110932e+04 3.186020416666666506e+02 4.616616666666666191e+01 6.883068125000000000e+05 1.000000000000000000e+00 3.071952083333332553e+02 -1.585077777777777719e+01 1.964302499999999725e+02 -6.989611111111111441e+00 1.091278058511731208e+00
1.000000000000000000e+00 4.265226388888666406e+04 3.303116666666666106e+02 -1.991722222222222172e+01 6.893239375000000000e+05 1.000000000000000000e+00 3.079357083333333094e+02 -1.572697222222222280e+01 1.964814166666666324e+02 -7.010555555555555429e+00 1.079535655603385935e+00
1.000000000000000000e+00 4.265227083333110932e+04 3.249066249999999059e+02 1.623988888888888837e+01 6.850653125000000000e+05 1.000000000000000000e+00 3.080282916666666893e+02 -1.571130555555555475e+01 1.964877916666666522e+02 -7.013166666666666771e+00 1.078067855211372716e+00
1.000000000000000000e+00 4.265233333333110932e+04 3.294117916666666588e+02 -1.378486111111111079e+01 6.878926875000000000e+05 1.000000000000000000e+00 3.088619166666666160e+02 -1.556836111111111087e+01 1.965453749999999502e+02 -7.036722222222222101e+00 1.064857651973089014e+00
1.000000000000000000e+00 4.265234027777555457e+04 3.239780833333333021e+02 2.237683333333333380e+01 6.853791875000000000e+05 1.000000000000000000e+00 3.089545833333332894e+02 -1.555227777777777831e+01 1.965517499999999700e+02 -7.039361111111110958e+00 1.063389851624837457e+00
1.000000000000000000e+00 4.265239583333110932e+04 3.353734999999999786e+02 -4.368366666666666021e+01 6.962880000000000000e+05 1.000000000000000000e+00 3.096960833333333198e+02 -1.542199999999999882e+01 1.966029166666666299e+02 -7.060277777777777430e+00 1.051647448750430591e+00
1.000000000000000000e+00 4.265240277777555457e+04 3.285616249999999354e+02 -7.648055555555554719e+00 6.867162500000000000e+05 1.000000000000000000e+00 3.097888333333332298e+02 -1.540552777777777749e+01 1.966093333333332964e+02 -7.062916666666666288e+00 1.050179648309881530e+00
1.000000000000000000e+00 4.265240972221999982e+04 3.229568749999999682e+02 2.850852777777777902e+01 6.859220000000000000e+05 1.000000000000000000e+00 3.098815416666665783e+02 -1.538899999999999935e+01 1.966157083333332878e+02 -7.065527777777777629e+00 1.048711847955418497e+00
1.000000000000000000e+00 4.265246527777555457e+04 3.338986666666666565e+02 -3.759488888888888880e+01 6.944759375000000000e+05 1.000000000000000000e+00 3.106236249999999472e+02 -1.525536111111111026e+01 1.966668749999999761e+02 -7.086444444444444102e+00 1.036969445086425523e+00
1.000000000000000000e+00 4.265247222221999982e+04 3.277374999999999545e+02 -1.508416666666666739e+00 6.858330625000000000e+05 1.000000000000000000e+00 3.107164166666666461e+02 -1.523844444444444335e+01 1.966732916666666426e+02 -7.089083333333332959e+00 1.035501644750018269e+00
1.000000000000000000e+00 4.265247916666444507e+04 3.218003333333332421e+02 3.463191666666666890e+01 6.866350625000000000e+05 1.000000000000000000e+00 3.108092083333332880e+02 -1.522150000000000070e+01 1.966796666666666340e+02 -7.091694444444444301e+00 1.034033844345244813e+00
1.000000000000000000e+00 4.265253472221999982e+04 3.326585416666666788e+02 -3.148886111111111319e+01 6.926428750000000000e+05 1.000000000000000000e+00 3.115517916666665883e+02 -1.508447222222222273e+01 1.967308749999999691e+02 -7.112611111111110773e+00 1.022291441462924944e+00
1.000000000000000000e+00 4.265254166666444507e+04 3.269182916666666188e+02 4.632666666666667155e+00 6.852641875000000000e+05 1.000000000000000000e+00 3.116446666666665806e+02 -1.506716666666666704e+01 1.967372499999999604e+02 -7.115222222222222115e+00 1.020823641080146338e+00
1.000000000000000000e+00 4.265254861110888305e+04 3.204474583333333157e+02 4.074266666666666481e+01 6.874496250000000000e+05 1.000000000000000000e+00 3.117374999999999545e+02 -1.504980555555555455e+01 1.967436666666666270e+02 -7.117833333333332568e+00 1.019355840726017259e+00
1.000000000000000000e+00 4.265260416666444507e+04 3.315794999999999391e+02 -2.537080555555555605e+01 6.908729375000000000e+05 1.000000000000000000e+00 3.124806666666666501e+02 -1.490941666666666698e+01 1.967948749999999905e+02 -7.138777777777778333e+00 1.007613437829797176e+00
1.000000000000000000e+00 4.265261111110889033e+04 3.260832499999999641e+02 1.077386111111111155e+01 6.850126875000000000e+05 1.000000000000000000e+00 3.125735833333332607e+02 -1.489169444444444323e+01 1.968012499999999818e+02 -7.141388888888889674e+00 1.006145637473323307e+00
1.000000000000000000e+00 4.265261805555333558e+04 3.188056249999999636e+02 4.683402777777777715e+01 6.882906875000000000e+05 1.000000000000000000e+00 3.126664999999999281e+02 -1.487391666666666801e+01 1.968076666666666483e+02 -7.144000000000000128e+00 1.004677837112047945e+00
1.000000000000000000e+00 4.265267361110888305e+04 3.306115833333333285e+02 -1.924413888888889090e+01 6.892429375000000000e+05 1.000000000000000000e+00 3.134101666666666688e+02 -1.473019444444444481e+01 1.968588333333333367e+02 -7.164916666666666600e+00 9.929354342039330428e-01
1.000000000000000000e+00 4.265268055555332830e+04 3.252101666666666233e+02 1.691361111111110915e+01 6.850638125000000000e+05 1.000000000000000000e+00 3.135031666666665728e+02 -1.471205555555555478e+01 1.968652499999999748e+02 -7.167527777777777942e+00 9.914676338594720084e-01
1.000000000000000000e+00 4.265274305555333558e+04 3.297184999999999491e+02 -1.311133333333333262e+01 6.878193125000000000e+05 1.000000000000000000e+00 3.143403749999999945e+02 -1.454683333333333373e+01 1.969228750000000048e+02 -7.191055555555555756e+00 9.782574305274626125e-01
1.000000000000000000e+00 4.265274999999778083e+04 3.242731666666666683e+02 2.305013888888888829e+01 6.853856250000000000e+05 1.000000000000000000e+00 3.144334166666666306e+02 -1.452825000000000166e+01 1.969292499999999961e+02 -7.193666666666667098e+00 9.767896302261795949e-01
1.000000000000000000e+00 4.265280555555332830e+04 3.355988333333332889e+02 -4.301538888888888579e+01 6.962350625000000000e+05 1.000000000000000000e+00 3.151780833333332907e+02 -1.437825000000000131e+01 1.969804583333333028e+02 -7.214555555555556055e+00 9.650472273188689387e-01
1.000000000000000000e+00 4.265281249999777356e+04 3.288722916666666265e+02 -6.974250000000000504e+00 6.866545625000000000e+05 1.000000000000000000e+00 3.152712083333332771e+02 -1.435933333333333373e+01 1.969868749999999977e+02 -7.217166666666666508e+00 9.635794269589689209e-01
1.000000000000000000e+00 4.265281944444221881e+04 3.232394583333332889e+02 2.918119444444444710e+01 6.859310625000000000e+05 1.000000000000000000e+00 3.153642916666665883e+02 -1.434036111111111111e+01 1.969932916666666642e+02 -7.219777777777777850e+00 9.621116265653379962e-01
1.000000000000000000e+00 4.265287499999778083e+04 3.341544999999999845e+02 -3.692461111111111194e+01 6.944035625000000000e+05 1.000000000000000000e+00 3.161094999999999686e+02 -1.418708333333333371e+01 1.970444999999999709e+02 -7.240666666666666806e+00 9.503692236724182729e-01
1.000000000000000000e+00 4.265288194444221881e+04 3.280497083333333421e+02 -8.344722222222222818e-01 6.857856250000000000e+05 1.000000000000000000e+00 3.162026666666666301e+02 -1.416772222222222233e+01 1.970508749999999907e+02 -7.243277777777778148e+00 9.489014233146723098e-01
1.000000000000000000e+00 4.265288888888666406e+04 3.220647083333332716e+02 3.530358333333332865e+01 6.866403750000000000e+05 1.000000000000000000e+00 3.162958749999999100e+02 -1.414836111111111094e+01 1.970572916666666288e+02 -7.245888888888888602e+00 9.474336229468133252e-01
1.000000000000000000e+00 4.265294444444221881e+04 3.329351666666666461e+02 -3.081727777777777888e+01 6.925588750000000000e+05 1.000000000000000000e+00 3.170415416666666033e+02 -1.399183333333333223e+01 1.971085416666666106e+02 -7.266777777777777558e+00 9.356912200015452541e-01
1.000000000000000000e+00 4.265295138888666406e+04 3.272297916666666424e+02 5.306666666666666643e+00 6.852318750000000000e+05 1.000000000000000000e+00 3.171347916666666151e+02 -1.397208333333333385e+01 1.971149166666666304e+02 -7.269388888888888900e+00 9.342234196602476892e-01
1.000000000000000000e+00 4.265295833333110932e+04 3.206853333333332898e+02 4.141272222222222155e+01 6.874442500000000000e+05 1.000000000000000000e+00 3.172280416666666270e+02 -1.395227777777777689e+01 1.971213333333332969e+02 -7.272000000000000242e+00 9.327556193118031747e-01
1.000000000000000000e+00 4.265301388888666406e+04 3.318704999999999927e+02 -2.469830555555555662e+01 6.907846875000000000e+05 1.000000000000000000e+00 3.179742916666666588e+02 -1.379252777777777794e+01 1.971725833333333071e+02 -7.292888888888889198e+00 9.210132163887413403e-01
1.000000000000000000e+00 4.265302083333110932e+04 3.263916666666666515e+02 1.144777777777777850e+01 6.849946250000000000e+05 1.000000000000000000e+00 3.180675833333332889e+02 -1.377238888888888901e+01 1.971789583333332985e+02 -7.295499999999999652e+00 9.195454160876840310e-01
1.000000000000000000e+00 4.265302777777555457e+04 3.190039999999999623e+02 4.750158333333333616e+01 6.882673750000000000e+05 1.000000000000000000e+00 3.181609166666665942e+02 -1.375219444444444505e+01 1.971853749999999650e+02 -7.298111111111110993e+00 9.180776156842808122e-01
1.000000000000000000e+00 4.265308333333110932e+04 3.309123749999999973e+02 -1.857102777777777902e+01 6.891571250000000000e+05 1.000000000000000000e+00 3.189076249999999959e+02 -1.358922222222222231e+01 1.972366249999999752e+02 -7.318999999999999950e+00 9.063352127810013759e-01
1.000000000000000000e+00 4.265309027777555457e+04 3.255129583333333017e+02 1.758730555555555597e+01 6.850573125000000000e+05 1.000000000000000000e+00 3.190009999999999195e+02 -1.356866666666666710e+01 1.972430416666666417e+02 -7.321583333333332888e+00 9.048674123782919354e-01
1.000000000000000000e+00 4.265315277777555457e+04 3.300257499999999595e+02 -1.243780555555555623e+01 6.877413125000000000e+05 1.000000000000000000e+00 3.198416249999999650e+02 -1.338194444444444464e+01 1.973006666666666717e+02 -7.345083333333333186e+00 8.916572091593941707e-01
1.000000000000000000e+00 4.265315972221999982e+04 3.245670833333333007e+02 2.372341666666666526e+01 6.853866875000000000e+05 1.000000000000000000e+00 3.199350833333332957e+02 -1.336099999999999888e+01 1.973070833333333098e+02 -7.347694444444444528e+00 8.901894088147556117e-01
1.000000000000000000e+00 4.265321527777555457e+04 3.358281249999999432e+02 -4.234691666666667231e+01 6.961758125000000000e+05 1.000000000000000000e+00 3.206827916666666169e+02 -1.319202777777777769e+01 1.973583333333332916e+02 -7.368555555555555081e+00 8.784470059006013187e-01
1.000000000000000000e+00 4.265322222221999982e+04 3.291832083333333117e+02 -6.300472222222222030e+00 6.865884375000000000e+05 1.000000000000000000e+00 3.207762916666666229e+02 -1.317072222222222244e+01 1.973647499999999866e+02 -7.371166666666666423e+00 8.769792054718008600e-01
1.000000000000000000e+00 4.265322916666444507e+04 3.235202916666666511e+02 2.985380555555555659e+01 6.859343125000000000e+05 1.000000000000000000e+00 3.208697916666666288e+02 -1.314938888888888791e+01 1.973711666666666531e+02 -7.373749999999999361e+00 8.755114051144134990e-01
1.000000000000000000e+00 4.265328472221999982e+04 3.344129999999999541e+02 -3.625424999999999898e+01 6.943252500000000000e+05 1.000000000000000000e+00 3.216180416666666702e+02 -1.297727777777777725e+01 1.974224166666666633e+02 -7.394611111111111690e+00 8.637690022512239940e-01
1.000000000000000000e+00 4.265329166666444507e+04 3.283619583333332912e+02 -1.605000000000000038e-01 6.857338125000000000e+05 1.000000000000000000e+00 3.217115833333332944e+02 -1.295558333333333323e+01 1.974288333333333298e+02 -7.397222222222223031e+00 8.623012018812952206e-01
1.000000000000000000e+00 4.265329861110888305e+04 3.223266666666666538e+02 3.597513888888889255e+01 6.866394375000000000e+05 1.000000000000000000e+00 3.218051666666665938e+02 -1.293386111111111170e+01 1.974352499999999679e+02 -7.399833333333333485e+00 8.608334014813635582e-01
1.000000000000000000e+00 4.265335416666444507e+04 3.332136249999999791e+02 -3.014563888888888954e+01 6.924693125000000000e+05 1.000000000000000000e+00 3.225539166666666233e+02 -1.275863888888888908e+01 1.974864999999999782e+02 -7.420694444444444926e+00 8.490909986310826163e-01
1.000000000000000000e+00 4.265336111110889033e+04 3.275410416666666151e+02 5.980666666666667020e+00 6.851950625000000000e+05 1.000000000000000000e+00 3.226475416666665978e+02 -1.273655555555555452e+01 1.974929166666666447e+02 -7.423277777777777864e+00 8.476231982700563883e-01
1.000000000000000000e+00 4.265336805555333558e+04 3.209196249999999395e+02 4.208263888888889426e+01 6.874321875000000000e+05 1.000000000000000000e+00 3.227411666666666292e+02 -1.271444444444444422e+01 1.974993333333333112e+02 -7.425888888888889205e+00 8.461553978427958089e-01
1.000000000000000000e+00 4.265342361110888305e+04 3.321627916666666351e+02 -2.402577777777777612e+01 6.906913125000000000e+05 1.000000000000000000e+00 3.234904583333333221e+02 -1.253616666666666646e+01 1.975506249999999682e+02 -7.446750000000000647e+00 8.344129949820749959e-01
1.000000000000000000e+00 4.265343055555332830e+04 3.266996666666666442e+02 1.212166666666666792e+01 6.849718125000000000e+05 1.000000000000000000e+00 3.235841666666666470e+02 -1.251372222222222241e+01 1.975570416666666347e+02 -7.449333333333333584e+00 8.329451946111668947e-01
1.000000000000000000e+00 4.265343749999777356e+04 3.191969166666666524e+02 4.816886111111110580e+01 6.882370625000000000e+05 1.000000000000000000e+00 3.236778749999999718e+02 -1.249122222222222156e+01 1.975634166666666545e+02 -7.451944444444444926e+00 8.314773943042406135e-01
1.000000000000000000e+00 4.265349305555333558e+04 3.312140833333332921e+02 -1.789791666666666714e+01 6.890664375000000000e+05 1.000000000000000000e+00 3.244276666666666529e+02 -1.230988888888889043e+01 1.976147083333332830e+02 -7.472777777777777963e+00 8.197349913061309223e-01
1.000000000000000000e+00 4.265349999999778083e+04 3.258149583333332657e+02 1.826097222222222172e+01 6.850458750000000000e+05 1.000000000000000000e+00 3.245214166666665960e+02 -1.228705555555555584e+01 1.976211249999999779e+02 -7.475388888888889305e+00 8.182671909894612128e-01
1.000000000000000000e+00 4.265356249999777356e+04 3.303334999999999582e+02 -1.176427777777777806e+01 6.876586250000000000e+05 1.000000000000000000e+00 3.253655416666666156e+02 -1.207986111111111072e+01 1.976788333333333014e+02 -7.498833333333333684e+00 8.050569877368325411e-01
1.000000000000000000e+00 4.265356944444221881e+04 3.248597916666666379e+02 2.439669444444444224e+01 6.853823750000000000e+05 1.000000000000000000e+00 3.254593749999999659e+02 -1.205666666666666664e+01 1.976852499999999679e+02 -7.501416666666666622e+00 8.035891874049355676e-01
1.000000000000000000e+00 4.265362499999778083e+04 3.360612499999999727e+02 -4.167824999999999847e+01 6.961101250000000000e+05 1.000000000000000000e+00 3.262102083333332985e+02 -1.186966666666666725e+01 1.977365416666666249e+02 -7.522249999999999659e+00 7.918467844737037131e-01
1.000000000000000000e+00 4.265363194444221881e+04 3.294944166666666092e+02 -5.626666666666666927e+00 6.865178125000000000e+05 1.000000000000000000e+00 3.263040833333333239e+02 -1.184611111111111192e+01 1.977429583333333198e+02 -7.524861111111111001e+00 7.903789841148789463e-01
1.000000000000000000e+00 4.265363888888666406e+04 3.237994166666666160e+02 3.052636111111111106e+01 6.859317500000000000e+05 1.000000000000000000e+00 3.263979583333332926e+02 -1.182252777777777730e+01 1.977493749999999579e+02 -7.527444444444444827e+00 7.889111837342643874e-01
1.000000000000000000e+00 4.265369444444221881e+04 3.346741250000000036e+02 -3.558377777777778306e+01 6.942408750000000000e+05 1.000000000000000000e+00 3.271493333333333453e+02 -1.163258333333333461e+01 1.978007083333333185e+02 -7.548277777777777864e+00 7.771687808104310591e-01
1.000000000000000000e+00 4.265370138888666406e+04 3.286742083333332403e+02 5.134444444444444811e-01 6.856775625000000000e+05 1.000000000000000000e+00 3.272432916666666642e+02 -1.160869444444444376e+01 1.978071249999999850e+02 -7.550888888888888317e+00 7.757009804599523939e-01
1.000000000000000000e+00 4.265370833333110932e+04 3.225859999999999559e+02 3.664658333333333218e+01 6.866322500000000000e+05 1.000000000000000000e+00 3.273372499999999832e+02 -1.158475000000000144e+01 1.978135416666666515e+02 -7.553472222222222143e+00 7.742331800644234319e-01
1.000000000000000000e+00 4.265376388888666406e+04 3.334939166666665642e+02 -2.947391666666666410e+01 6.923740625000000000e+05 1.000000000000000000e+00 3.280891666666666424e+02 -1.139188888888888762e+01 1.978648333333333085e+02 -7.574277777777777665e+00 7.624907772071792822e-01
1.000000000000000000e+00 4.265377083333110932e+04 3.278520833333333258e+02 6.654666666666667396e+00 6.851537500000000000e+05 1.000000000000000000e+00 3.281831666666666365e+02 -1.136763888888888907e+01 1.978712499999999750e+02 -7.576888888888889007e+00 7.610229768008278661e-01
1.000000000000000000e+00 4.265377777777555457e+04 3.211501249999998890e+02 4.275236111111111370e+01 6.874135000000000000e+05 1.000000000000000000e+00 3.282772083333333057e+02 -1.134333333333333371e+01 1.978776666666666699e+02 -7.579499999999999460e+00 7.595551764767185521e-01
1.000000000000000000e+00 4.265383333333110932e+04 3.324562916666666297e+02 -2.335325000000000273e+01 6.905925625000000000e+05 1.000000000000000000e+00 3.290296666666666283e+02 -1.114761111111111092e+01 1.979289999999999736e+02 -7.600305555555554982e+00 7.478127735755530914e-01
1.000000000000000000e+00 4.265384027777555457e+04 3.270070833333332985e+02 1.279558333333333309e+01 6.849443125000000000e+05 1.000000000000000000e+00 3.291237499999999727e+02 -1.112300000000000111e+01 1.979354166666666686e+02 -7.602888888888888808e+00 7.463449731836292456e-01
1.000000000000000000e+00 4.265384722221999982e+04 3.193840416666666897e+02 4.883580555555555947e+01 6.881997500000000000e+05 1.000000000000000000e+00 3.292178749999999354e+02 -1.109833333333333449e+01 1.979418333333333067e+02 -7.605499999999999261e+00 7.448771728116223567e-01
1.000000000000000000e+00 4.265390277777555457e+04 3.315165833333333012e+02 -1.722477777777777774e+01 6.889707500000000000e+05 1.000000000000000000e+00 3.299708749999999782e+02 -1.089980555555555597e+01 1.979931666666666672e+02 -7.626277777777778155e+00 7.331347699718766542e-01
1.000000000000000000e+00 4.265390972221999982e+04 3.261160833333332789e+02 1.893463888888888746e+01 6.850293750000000000e+05 1.000000000000000000e+00 3.300650416666666160e+02 -1.087483333333333313e+01 1.979995833333333053e+02 -7.628888888888889497e+00 7.316669695953554875e-01
1.000000000000000000e+00 4.265397222221999982e+04 3.306417916666666770e+02 -1.109072222222222237e+01 6.875713125000000000e+05 1.000000000000000000e+00 3.309127916666666351e+02 -1.064850000000000030e+01 1.980573333333333039e+02 -7.652277777777777956e+00 7.184567663511238766e-01
1.000000000000000000e+00 4.265397916666444507e+04 3.251512500000000045e+02 2.506991666666666774e+01 6.853727500000000000e+05 1.000000000000000000e+00 3.310070416666666233e+02 -1.062316666666666798e+01 1.980637499999999704e+02 -7.654888888888889298e+00 7.169889659860728681e-01
1.000000000000000000e+00 4.265403472221999982e+04 3.362980416666666201e+02 -4.100944444444444770e+01 6.960379375000000000e+05 1.000000000000000000e+00 3.317611666666666110e+02 -1.041938888888888748e+01 1.981151249999999777e+02 -7.675666666666667304e+00 7.052465630314455058e-01
1.000000000000000000e+00 4.265404166666444507e+04 3.298058333333333394e+02 -4.952861111111110937e+00 6.864426875000000000e+05 1.000000000000000000e+00 3.318554583333332744e+02 -1.039374999999999893e+01 1.981215416666666158e+02 -7.678250000000000242e+00 7.037787626973343036e-01
1.000000000000000000e+00 4.265404861110888305e+04 3.240766666666666538e+02 3.119886111111111049e+01 6.859234375000000000e+05 1.000000000000000000e+00 3.319497499999999945e+02 -1.036808333333333465e+01 1.981279583333333107e+02 -7.680861111111111583e+00 7.023109623013574776e-01
1.000000000000000000e+00 4.265410416666444507e+04 3.349377083333333189e+02 -3.491319444444444287e+01 6.941503125000000000e+05 1.000000000000000000e+00 3.327044583333333208e+02 -1.016158333333333452e+01 1.981792916666666144e+02 -7.701638888888888701e+00 6.905685593907305853e-01
1.000000000000000000e+00 4.265411111110889033e+04 3.289864166666666279e+02 1.187388888888888827e+00 6.856167500000000000e+05 1.000000000000000000e+00 3.327988333333332776e+02 -1.013561111111111046e+01 1.981857083333333094e+02 -7.704222222222222527e+00 6.891007590244540015e-01
1.000000000000000000e+00 4.265411805555333558e+04 3.228427083333332916e+02 3.731794444444444991e+01 6.866190000000000000e+05 1.000000000000000000e+00 3.328932083333332912e+02 -1.010961111111111066e+01 1.981921666666666226e+02 -7.706833333333333869e+00 6.876329586461449317e-01
1.000000000000000000e+00 4.265417361110888305e+04 3.337759166666666033e+02 -2.880216666666666825e+01 6.922731250000000000e+05 1.000000000000000000e+00 3.336484999999999559e+02 -9.900472222222223451e+00 1.982434999999999832e+02 -7.727611111111110986e+00 6.758905558175384298e-01
1.000000000000000000e+00 4.265418055555332830e+04 3.281628333333333103e+02 7.328638888888888481e+00 6.851078125000000000e+05 1.000000000000000000e+00 3.337429583333332630e+02 -9.874166666666667425e+00 1.982499166666666213e+02 -7.730194444444444812e+00 6.744227554471409203e-01
1.000000000000000000e+00 4.265418749999777356e+04 3.213767083333333403e+02 4.342191666666666094e+01 6.873882500000000000e+05 1.000000000000000000e+00 3.338373750000000086e+02 -9.847833333333333883e+00 1.982563749999999629e+02 -7.732777777777777750e+00 6.729549551052406153e-01
1.000000000000000000e+00 4.265424305555333558e+04 3.327509999999999195e+02 -2.268066666666666720e+01 6.904885625000000000e+05 1.000000000000000000e+00 3.345932916666666301e+02 -9.636055555555554264e+00 1.983077499999999702e+02 -7.753555555555555756e+00 6.612125521249557769e-01
1.000000000000000000e+00 4.265424999999778083e+04 3.273139999999999645e+02 1.346947222222222251e+01 6.849120625000000000e+05 1.000000000000000000e+00 3.346878333333333444e+02 -9.609444444444443789e+00 1.983141666666666652e+02 -7.756138888888888694e+00 6.597447518214136775e-01
1.000000000000000000e+00 4.265425694444221881e+04 3.195651666666666415e+02 4.950244444444444269e+01 6.881555625000000000e+05 1.000000000000000000e+00 3.347823333333333267e+02 -9.582777777777778283e+00 1.983205833333333032e+02 -7.758750000000000036e+00 6.582769514054657156e-01
1.000000000000000000e+00 4.265431249999777356e+04 3.318198749999999677e+02 -1.655161111111111083e+01 6.888700625000000000e+05 1.000000000000000000e+00 3.355388749999999618e+02 -9.368444444444444130e+00 1.983719583333333105e+02 -7.779499999999999638e+00 6.465345485145514992e-01
1.000000000000000000e+00 4.265431944444221881e+04 3.264163333333332844e+02 1.960827777777777925e+01 6.850079375000000000e+05 1.000000000000000000e+00 3.356334583333333512e+02 -9.341499999999999915e+00 1.983783749999999770e+02 -7.782083333333333464e+00 6.450667481294909411e-01
1.000000000000000000e+00 4.265437499999778083e+04 3.381524999999999750e+02 -4.641783333333333417e+01 6.977961250000000000e+05 1.000000000000000000e+00 3.363905416666666497e+02 -9.124888888888889937e+00 1.984297916666666595e+02 -7.802833333333333066e+00 6.333243452049739375e-01
1.000000000000000000e+00 4.265438194444221881e+04 3.309505833333333271e+02 -1.041719444444444420e+01 6.874792500000000000e+05 1.000000000000000000e+00 3.364852083333332757e+02 -9.097666666666667012e+00 1.984362083333332976e+02 -7.805444444444444407e+00 6.318565449165968184e-01
1.000000000000000000e+00 4.265438888888666406e+04 3.254413749999999936e+02 2.574311111111111217e+01 6.853577500000000000e+05 1.000000000000000000e+00 3.365798749999999586e+02 -9.070416666666666572e+00 1.984426249999999641e+02 -7.808027777777777345e+00 6.303887445454048333e-01
1.000000000000000000e+00 4.265444444444221881e+04 3.365382916666666233e+02 -4.034047222222222473e+01 6.959591250000000000e+05 1.000000000000000000e+00 3.373376249999999459e+02 -8.851305555555555316e+00 1.984939999999999714e+02 -7.828777777777777835e+00 6.186463416345532318e-01
1.000000000000000000e+00 4.265445138888666406e+04 3.301174583333332748e+02 -4.279055555555555834e+00 6.863629375000000000e+05 1.000000000000000000e+00 3.374323749999999791e+02 -8.823777777777777942e+00 1.985004583333333130e+02 -7.831361111111110773e+00 6.171785412796129133e-01
1.000000000000000000e+00 4.265445833333110932e+04 3.243519999999999186e+02 3.187130555555555489e+01 6.859094375000000000e+05 1.000000000000000000e+00 3.375271249999999554e+02 -8.796222222222221276e+00 1.985068749999999511e+02 -7.833944444444443711e+00 6.157107408877039445e-01
1.000000000000000000e+00 4.265451388888666406e+04 3.352036666666666065e+02 -3.424255555555555475e+01 6.940535000000000000e+05 1.000000000000000000e+00 3.382854999999999563e+02 -8.574694444444444841e+00 1.985582916666666335e+02 -7.854694444444444201e+00 6.039683380325017170e-01
1.000000000000000000e+00 4.265452083333110932e+04 3.292985833333332835e+02 1.861361111111111244e+00 6.855515000000000000e+05 1.000000000000000000e+00 3.383803333333332830e+02 -8.546861111111111242e+00 1.985647083333333001e+02 -7.857277777777777139e+00 6.025005376311891592e-01
1.000000000000000000e+00 4.265452777777555457e+04 3.230966666666666356e+02 3.798919444444444338e+01 6.865996250000000000e+05 1.000000000000000000e+00 3.384751666666666097e+02 -8.519027777777779420e+00 1.985711249999999666e+02 -7.859888888888888481e+00 6.010327372846894223e-01
1.000000000000000000e+00 4.265458333333110932e+04 3.340595416666665756e+02 -2.813038888888888778e+01 6.921663125000000000e+05 1.000000000000000000e+00 3.392342083333332994e+02 -8.295111111111111768e+00 1.986225416666666206e+02 -7.880611111111111455e+00 5.892903343785960146e-01
1.000000000000000000e+00 4.265459027777555457e+04 3.284732916666666256e+02 8.002638888888888857e+00 6.850573750000000000e+05 1.000000000000000000e+00 3.393291249999999764e+02 -8.267000000000001236e+00 1.986289583333333155e+02 -7.883194444444445281e+00 5.878225340171940871e-01
1.000000000000000000e+00 4.265459722221999982e+04 3.215991666666666333e+02 4.409125000000000227e+01 6.873566250000000000e+05 1.000000000000000000e+00 3.394240416666666533e+02 -8.238833333333332121e+00 1.986353749999999536e+02 -7.885777777777777331e+00 5.863547336303017721e-01
1.000000000000000000e+00 4.265465277777555457e+04 3.330467916666665928e+02 -2.200808333333333167e+01 6.903790625000000000e+05 1.000000000000000000e+00 3.401837499999999750e+02 -8.012611111111111128e+00 1.986868333333333112e+02 -7.906500000000000306e+00 5.746123307381421075e-01
1.000000000000000000e+00 4.265465972221999982e+04 3.276202916666666169e+02 1.414336111111111016e+01 6.848751250000000000e+05 1.000000000000000000e+00 3.402787916666666206e+02 -7.984222222222221887e+00 1.986932499999999493e+02 -7.909111111111111647e+00 5.731445303989836093e-01
1.000000000000000000e+00 4.265466666666444507e+04 3.197399166666666588e+02 5.016872222222222177e+01 6.881046875000000000e+05 1.000000000000000000e+00 3.403737916666665910e+02 -7.955777777777777615e+00 1.986996666666666442e+02 -7.911694444444444585e+00 5.716767300005221042e-01
1.000000000000000000e+00 4.265472222221999982e+04 3.321239166666666165e+02 -1.587847222222222321e+01 6.887643750000000000e+05 1.000000000000000000e+00 3.411342083333332766e+02 -7.727277777777778134e+00 1.987511249999999734e+02 -7.932388888888889156e+00 5.599343271139279876e-01
1.000000000000000000e+00 4.265472916666444507e+04 3.267156666666666069e+02 2.028191666666666748e+01 6.849815625000000000e+05 1.000000000000000000e+00 3.412292916666665974e+02 -7.698611111111111072e+00 1.987575416666666399e+02 -7.935000000000000497e+00 5.584665267869868277e-01
1.000000000000000000e+00 4.265478472221999982e+04 3.383596249999999941e+02 -4.575113888888888880e+01 6.977361250000000000e+05 1.000000000000000000e+00 3.419903333333332967e+02 -7.468111111111110922e+00 1.988089583333333223e+02 -7.955694444444444180e+00 5.467241238105507994e-01
1.000000000000000000e+00 4.265479166666444507e+04 3.312597499999999400e+02 -9.743638888888888516e+00 6.873824375000000000e+05 1.000000000000000000e+00 3.420854999999999677e+02 -7.439194444444444443e+00 1.988154166666666356e+02 -7.958277777777778006e+00 5.452563235213414572e-01
1.000000000000000000e+00 4.265479861110888305e+04 3.257301666666666051e+02 2.641627777777777553e+01 6.853375625000000000e+05 1.000000000000000000e+00 3.421807083333333139e+02 -7.410222222222222932e+00 1.988218333333333021e+02 -7.960888888888889348e+00 5.437885231141723619e-01
1.000000000000000000e+00 4.265485416666444507e+04 3.367819166666665751e+02 -3.967133333333332956e+01 6.958735000000000000e+05 1.000000000000000000e+00 3.429424583333333203e+02 -7.177583333333333648e+00 1.988732916666666313e+02 -7.981583333333333030e+00 5.320461202371200571e-01
1.000000000000000000e+00 4.265486111110889033e+04 3.304292499999999109e+02 -3.605222222222222328e+00 6.862786250000000000e+05 1.000000000000000000e+00 3.430377083333332848e+02 -7.148388888888889348e+00 1.988797083333333262e+02 -7.984166666666666856e+00 5.305783198268223533e-01
1.000000000000000000e+00 4.265486805555333558e+04 3.246253749999999627e+02 3.254369444444444071e+01 6.858898750000000000e+05 1.000000000000000000e+00 3.431329999999999814e+02 -7.119166666666666643e+00 1.988861249999999643e+02 -7.986749999999999794e+00 5.291105194655710831e-01
1.000000000000000000e+00 4.265492361110888305e+04 3.354719583333333048e+02 -3.357180555555555657e+01 6.939503750000000000e+05 1.000000000000000000e+00 3.438954999999999700e+02 -6.884416666666666629e+00 1.989375833333333219e+02 -8.007444444444445253e+00 5.173681166124479702e-01
1.000000000000000000e+00 4.265493055555332830e+04 3.296107083333332639e+02 2.535305555555555479e+00 6.854816875000000000e+05 1.000000000000000000e+00 3.439908749999999600e+02 -6.854972222222222022e+00 1.989440416666666351e+02 -8.010027777777777303e+00 5.159003162092201666e-01
1.000000000000000000e+00 4.265493749999777356e+04 3.233477083333333439e+02 3.866033333333333388e+01 6.865742500000000000e+05 1.000000000000000000e+00 3.440862499999999500e+02 -6.825472222222222385e+00 1.989504583333333301e+02 -8.012611111111111128e+00 5.144325158435585355e-01
1.000000000000000000e+00 4.265499305555333558e+04 3.343447499999999764e+02 -2.745852777777777831e+01 6.920536250000000000e+05 1.000000000000000000e+00 3.448494999999999777e+02 -6.588694444444444187e+00 1.990019166666666592e+02 -8.033305555555555699e+00 5.026901129732903595e-01
1.000000000000000000e+00 4.265499999999778083e+04 3.287834166666666533e+02 8.676638888888888346e+00 6.850023750000000000e+05 1.000000000000000000e+00 3.449449583333333180e+02 -6.559000000000000163e+00 1.990083750000000009e+02 -8.035888888888889525e+00 5.012223125932485646e-01
1.000000000000000000e+00 4.265500694444221881e+04 3.218172916666666197e+02 4.476041666666666430e+01 6.873186875000000000e+05 1.000000000000000000e+00 3.450404166666666015e+02 -6.529277777777777736e+00 1.990147916666666390e+02 -8.038472222222221575e+00 4.997545122657260364e-01
1.000000000000000000e+00 4.265506249999777356e+04 3.333437083333332680e+02 -2.133544444444444466e+01 6.902641875000000000e+05 1.000000000000000000e+00 3.458044583333333435e+02 -6.290499999999999758e+00 1.990662499999999682e+02 -8.059166666666667922e+00 4.880121093269317867e-01
1.000000000000000000e+00 4.265506944444221881e+04 3.279259999999999877e+02 1.481724999999999959e+01 6.848334375000000000e+05 1.000000000000000000e+00 3.458999999999999773e+02 -6.260555555555555429e+00 1.990727083333333383e+02 -8.061749999999999972e+00 4.865443089550655631e-01
1.000000000000000000e+00 4.265507638888666406e+04 3.199079999999999586e+02 5.083466666666667066e+01 6.880472500000000000e+05 1.000000000000000000e+00 3.459955416666666110e+02 -6.230583333333333584e+00 1.990791249999999764e+02 -8.064333333333333798e+00 4.850765085685038724e-01
1.000000000000000000e+00 4.265513194444221881e+04 3.324286666666666292e+02 -1.520527777777777700e+01 6.886535625000000000e+05 1.000000000000000000e+00 3.467603750000000105e+02 -5.989916666666666778e+00 1.991306249999999807e+02 -8.085000000000000853e+00 4.733341056739744923e-01
1.000000000000000000e+00 4.265513888888666406e+04 3.270139999999999532e+02 2.095555555555555571e+01 6.849502500000000000e+05 1.000000000000000000e+00 3.468560416666666129e+02 -5.959722222222222143e+00 1.991370416666666472e+02 -8.087583333333334679e+00 4.718663053054196199e-01
1.000000000000000000e+00 4.265519444444221881e+04 3.385715416666666329e+02 -4.508422222222222331e+01 6.976688750000000000e+05 1.000000000000000000e+00 3.476215833333333194e+02 -5.717388888888889298e+00 1.991885416666666515e+02 -8.108249999999999957e+00 4.601239024278214185e-01
1.000000000000000000e+00 4.265520138888666406e+04 3.315693749999999795e+02 -9.070055555555555316e+00 6.872808125000000000e+05 1.000000000000000000e+00 3.477173333333332721e+02 -5.687000000000000277e+00 1.991949583333333180e+02 -8.110833333333333783e+00 4.586561020833189173e-01
1.000000000000000000e+00 4.265520833333110932e+04 3.260174583333333089e+02 2.708941666666666492e+01 6.853120625000000000e+05 1.000000000000000000e+00 3.478130833333332816e+02 -5.656583333333333741e+00 1.992014166666666597e+02 -8.113416666666665833e+00 4.571883017324154252e-01
1.000000000000000000e+00 4.265526388888666406e+04 3.370287499999999454e+02 -3.900205555555555748e+01 6.957810000000000000e+05 1.000000000000000000e+00 3.485794583333333208e+02 -5.412444444444444613e+00 1.992529166666666356e+02 -8.134055555555555372e+00 4.454458988236649764e-01
1.000000000000000000e+00 4.265527083333110932e+04 3.307412083333333044e+02 -2.931388888888888822e+00 6.861897500000000000e+05 1.000000000000000000e+00 3.486752916666666238e+02 -5.381833333333332803e+00 1.992593333333333021e+02 -8.136638888888889198e+00 4.439780984549562826e-01
1.000000000000000000e+00 4.265527777777555457e+04 3.248966666666665901e+02 3.321602777777778215e+01 6.858646875000000000e+05 1.000000000000000000e+00 3.487711666666666019e+02 -5.351194444444444365e+00 1.992657916666666438e+02 -8.139222222222221248e+00 4.425102980569547428e-01
1.000000000000000000e+00 4.265533333333110932e+04 3.357424166666665997e+02 -3.290097222222222229e+01 6.938408750000000000e+05 1.000000000000000000e+00 3.495383749999999736e+02 -5.105361111111110795e+00 1.993172916666666481e+02 -8.159888888888890079e+00 4.307678951681706003e-01
1.000000000000000000e+00 4.265534027777555457e+04 3.299227083333333326e+02 3.209305555555555856e+00 6.854074375000000000e+05 1.000000000000000000e+00 3.496343333333333021e+02 -5.074527777777777970e+00 1.993237083333333146e+02 -8.162472222222222129e+00 4.293000948262417626e-01
1.000000000000000000e+00 4.265534722221999982e+04 3.235957083333332776e+02 3.933136111111111433e+01 6.865429375000000000e+05 1.000000000000000000e+00 3.497302916666666306e+02 -5.043694444444444258e+00 1.993301666666666563e+02 -8.165055555555555955e+00 4.278322944353997737e-01
1.000000000000000000e+00 4.265540277777555457e+04 3.346314999999999600e+02 -2.678661111111111381e+01 6.919350000000000000e+05 1.000000000000000000e+00 3.504983749999999532e+02 -4.796166666666666245e+00 1.993816666666666606e+02 -8.185694444444445494e+00 4.160898915663213682e-01
1.000000000000000000e+00 4.265540972221999982e+04 3.290932083333333367e+02 9.350638888888887834e+00 6.849428750000000000e+05 1.000000000000000000e+00 3.505944166666666320e+02 -4.765138888888889035e+00 1.993881249999999739e+02 -8.188277777777777544e+00 4.146220911666030906e-01
1.000000000000000000e+00 4.265541666666444507e+04 3.220309166666665988e+02 4.542933333333333223e+01 6.872744375000000000e+05 1.000000000000000000e+00 3.506904999999999291e+02 -4.734111111111110937e+00 1.993945416666666404e+02 -8.190833333333333854e+00 4.131542908332156983e-01
1.000000000000000000e+00 4.265547222221999982e+04 3.336416666666666515e+02 -2.066277777777777658e+01 6.901437500000000000e+05 1.000000000000000000e+00 3.514594583333333162e+02 -4.485000000000000320e+00 1.994460833333333198e+02 -8.211472222222221617e+00 4.014118878873640939e-01
1.000000000000000000e+00 4.265547916666444507e+04 3.282310416666666129e+02 1.549116666666666653e+01 6.847871875000000000e+05 1.000000000000000000e+00 3.515556249999999636e+02 -4.453777777777777835e+00 1.994524999999999864e+02 -8.214055555555555443e+00 3.999440875208085111e-01
1.000000000000000000e+00 4.265548611110889033e+04 3.200689999999999600e+02 5.150019444444444616e+01 6.879833125000000000e+05 1.000000000000000000e+00 3.516517916666666679e+02 -4.422555555555556239e+00 1.994589583333332996e+02 -8.216638888888887493e+00 3.984762871966852082e-01
1.000000000000000000e+00 4.265554166666444507e+04 3.327341249999999491e+02 -1.453208333333333435e+01 6.885376250000000000e+05 1.000000000000000000e+00 3.524216666666666242e+02 -4.171944444444444677e+00 1.995104999999999791e+02 -8.237277777777777032e+00 3.867338843132525072e-01
1.000000000000000000e+00 4.265554861110888305e+04 3.273113333333332662e+02 2.162919444444444395e+01 6.849140000000000000e+05 1.000000000000000000e+00 3.525179583333332403e+02 -4.140527777777777807e+00 1.995169166666666740e+02 -8.239833333333333343e+00 3.852660839048316355e-01
1.000000000000000000e+00 4.265560416666444507e+04 3.387880416666666292e+02 -4.441702777777777555e+01 6.975942500000000000e+05 1.000000000000000000e+00 3.532886249999999677e+02 -3.888638888888888978e+00 1.995684583333333251e+02 -8.260472222222222882e+00 3.735236810296777565e-01
1.000000000000000000e+00 4.265561111110889033e+04 3.318793333333333067e+02 -8.396472222222222115e+00 6.871743750000000000e+05 1.000000000000000000e+00 3.533849999999999909e+02 -3.857083333333333641e+00 1.995749166666666383e+02 -8.263055555555554932e+00 3.720558806281248354e-01
1.000000000000000000e+00 4.265561805555333558e+04 3.263032916666666097e+02 2.776252777777777681e+01 6.852814375000000000e+05 1.000000000000000000e+00 3.534814166666666324e+02 -3.825472222222221941e+00 1.995813333333333333e+02 -8.265611111111111242e+00 3.705880802374447169e-01
1.000000000000000000e+00 4.265567361110888305e+04 3.372786666666665951e+02 -3.833266666666666822e+01 6.956815625000000000e+05 1.000000000000000000e+00 3.542530416666666042e+02 -3.572194444444444006e+00 1.996329166666666595e+02 -8.286222222222221490e+00 3.588456773813962775e-01
1.000000000000000000e+00 4.265568055555332830e+04 3.310532499999999914e+02 -2.257555555555555760e+00 6.860962500000000000e+05 1.000000000000000000e+00 3.543495416666665960e+02 -3.540472222222222243e+00 1.996393333333333260e+02 -8.288805555555555316e+00 3.573778770319169240e-01
1.000000000000000000e+00 4.265568749999777356e+04 3.251657916666666210e+02 3.388827777777778039e+01 6.858340000000000000e+05 1.000000000000000000e+00 3.544460416666666447e+02 -3.508722222222222076e+00 1.996457916666666392e+02 -8.291388888888889142e+00 3.559100766412587324e-01
1.000000000000000000e+00 4.265574305555333558e+04 3.360149583333332544e+02 -3.223005555555555901e+01 6.937248750000000000e+05 1.000000000000000000e+00 3.552186249999999745e+02 -3.254138888888888914e+00 1.996973333333333187e+02 -8.312000000000001165e+00 3.441676737311926693e-01
1.000000000000000000e+00 4.265574999999778083e+04 3.302345416666665869e+02 3.883277777777777828e+00 6.853286250000000000e+05 1.000000000000000000e+00 3.553152499999999350e+02 -3.222250000000000281e+00 1.997037916666666604e+02 -8.314583333333333215e+00 3.426998733687171561e-01
1.000000000000000000e+00 4.265575694444221881e+04 3.238405416666666383e+02 4.000224999999999653e+01 6.865058750000000000e+05 1.000000000000000000e+00 3.554118749999999523e+02 -3.190333333333333243e+00 1.997102499999999736e+02 -8.317138888888889525e+00 3.412320730169148275e-01
1.000000000000000000e+00 4.265581249999777356e+04 3.349197083333332898e+02 -2.611466666666666825e+01 6.918104375000000000e+05 1.000000000000000000e+00 3.561854583333333153e+02 -2.934555555555555806e+00 1.997617916666666531e+02 -8.337749999999999773e+00 3.294896701145995088e-01
1.000000000000000000e+00 4.265581944444221881e+04 3.294025416666665933e+02 1.002463888888888910e+01 6.848788125000000000e+05 1.000000000000000000e+00 3.562822083333333012e+02 -2.902499999999999858e+00 1.997682499999999663e+02 -8.340305555555556083e+00 3.280218697370159697e-01
1.000000000000000000e+00 4.265582638888666406e+04 3.222397916666666333e+02 4.609805555555556111e+01 6.872241875000000000e+05 1.000000000000000000e+00 3.563789583333332871e+02 -2.870444444444444354e+00 1.997746666666666329e+02 -8.342888888888889909e+00 3.265540694014960610e-01
1.000000000000000000e+00 4.265588194444221881e+04 3.339405833333332794e+02 -1.999008333333333454e+01 6.900178125000000000e+05 1.000000000000000000e+00 3.571534999999999513e+02 -2.613500000000000156e+00 1.998262499999999591e+02 -8.363472222222222641e+00 3.148116664799447961e-01
1.000000000000000000e+00 4.265588888888666406e+04 3.285353749999999309e+02 1.616505555555555418e+01 6.847362500000000000e+05 1.000000000000000000e+00 3.572503749999999627e+02 -2.581305555555555298e+00 1.998327083333333007e+02 -8.366055555555554690e+00 3.133438661018816407e-01
1.000000000000000000e+00 4.265595138888666406e+04 3.330401666666666074e+02 -1.385883333333333312e+01 6.884166250000000000e+05 1.000000000000000000e+00 3.581227916666666147e+02 -2.291111111111110876e+00 1.998907499999999686e+02 -8.389222222222221248e+00 3.001336628586001587e-01
1.000000000000000000e+00 4.265595833333110932e+04 3.276076249999999277e+02 2.230280555555555466e+01 6.848730000000000000e+05 1.000000000000000000e+00 3.582198333333333267e+02 -2.258805555555555511e+00 1.998971666666666351e+02 -8.391777777777777558e+00 2.986658625086872632e-01
1.000000000000000000e+00 4.265601388888666406e+04 3.390089583333332826e+02 -4.374963888888888874e+01 6.975121875000000000e+05 1.000000000000000000e+00 3.589962916666666501e+02 -1.999888888888889049e+00 1.999487916666666365e+02 -8.412361111111112066e+00 2.869234595951932754e-01
1.000000000000000000e+00 4.265602083333110932e+04 3.321896666666665965e+02 -7.722861111111111398e+00 6.870631250000000000e+05 1.000000000000000000e+00 3.590934166666665988e+02 -1.967472222222222289e+00 1.999552083333333030e+02 -8.414944444444444116e+00 2.854556592176309970e-01
1.000000000000000000e+00 4.265602777777555457e+04 3.265875833333332707e+02 2.843561111111111117e+01 6.852456875000000000e+05 1.000000000000000000e+00 3.591905416666666611e+02 -1.935055555555555529e+00 1.999616666666666447e+02 -8.417499999999998650e+00 2.839878588453897956e-01
1.000000000000000000e+00 4.265608333333110932e+04 3.375314999999999372e+02 -3.766311111111110677e+01 6.955750625000000000e+05 1.000000000000000000e+00 3.599680833333333112e+02 -1.675222222222222168e+00 2.000132499999999709e+02 -8.438083333333333158e+00 2.722454559966498433e-01
