#KAI-29050 Quantum Efficiency for DPS (002)
#Sparse CFA with Mircolens
Wavelength (nm)	Gen1 Red	Gen1 Green	Gen1 Blue	Gen1 Pan	Gen2 Red	Gen2 Green	Gen2 Blue	Gen2 Pan
300				0.01043	0.00294	0.00364	0.00469	0.01043
305				0.00458	0.00126	0.00157	0.00199	0.00458
310				0.00458	0.00088	0.00113	0.00124	0.00458
315				0.01309	0.00118	0.00179	0.00107	0.01309
320				0.03721	0.00254	0.00390	0.00114	0.03721
325				0.07574	0.00633	0.00759	0.00123	0.07574
330				0.11707	0.01106	0.01246	0.00136	0.11707
335				0.15374	0.01257	0.01751	0.00152	0.15374
340				0.18412	0.02590	0.02147	0.00184	0.18412
345				0.21101	0.05562	0.02445	0.00243	0.21101
350				0.23558	0.07642	0.02634	0.00348	0.23558
355				0.24817	0.08373	0.02693	0.00532	0.24817
360				0.25683	0.08555	0.02739	0.00903	0.25683
365				0.26747	0.08522	0.02846	0.01675	0.26747
370	0.04775	0.02177	0.01765	0.27567	0.08267	0.02969	0.03010	0.27567
375	0.04697	0.01994	0.02454	0.29156	0.08662	0.03261	0.05306	0.29156
380	0.04375	0.02016	0.04506	0.30505	0.08987	0.03573	0.08673	0.30505
385	0.04052	0.02146	0.07946	0.32157	0.08858	0.03883	0.12916	0.32157
390	0.03709	0.02264	0.12235	0.33498	0.08229	0.04070	0.17330	0.33498
395	0.03377	0.02340	0.16387	0.34563	0.07266	0.04163	0.21010	0.34563
400	0.03245	0.02437	0.19106	0.35619	0.06715	0.04252	0.23307	0.35619
405	0.03007	0.02549	0.22367	0.36643	0.05764	0.04321	0.25773	0.36643
410	0.02825	0.02714	0.25066	0.37158	0.04901	0.04456	0.27720	0.37158
415	0.02658	0.02892	0.26615	0.37637	0.04142	0.04697	0.28871	0.37637
420	0.02552	0.03160	0.27875	0.37949	0.03485	0.04893	0.29742	0.37949
425	0.02463	0.03436	0.29795	0.38460	0.02940	0.04882	0.31212	0.38460
430	0.02412	0.03767	0.30998	0.38747	0.02492	0.04801	0.32157	0.38747
435	0.02431	0.04290	0.32803	0.39045	0.02139	0.05028	0.33325	0.39045
440	0.02427	0.04856	0.34724	0.39740	0.01859	0.05670	0.34538	0.39740
445	0.02372	0.05319	0.36171	0.40210	0.01603	0.06562	0.35730	0.40210
450	0.02323	0.05826	0.37204	0.40822	0.01352	0.07463	0.36192	0.40822
455	0.02417	0.06678	0.37609	0.41453	0.01166	0.07997	0.36558	0.41453
460	0.02632	0.07978	0.37876	0.41761	0.01042	0.08144	0.36494	0.41761
465	0.02942	0.09706	0.37861	0.42112	0.00982	0.08593	0.36435	0.42112
470	0.03278	0.11814	0.37223	0.41910	0.00974	0.09826	0.36113	0.41910
475	0.03631	0.14145	0.37103	0.42572	0.01037	0.11951	0.35389	0.42572
480	0.03626	0.15348	0.36042	0.43005	0.01067	0.14486	0.34438	0.43005
485	0.03459	0.15901	0.34912	0.43142	0.01022	0.16979	0.32798	0.43142
490	0.03320	0.16416	0.32821	0.43098	0.00920	0.19713	0.30814	0.43098
495	0.03422	0.18120	0.31276	0.42604	0.00862	0.22527	0.28559	0.42604
500	0.03580	0.20466	0.28811	0.42356	0.00827	0.25224	0.26082	0.42356
505	0.03660	0.23033	0.26361	0.42281	0.00796	0.27601	0.23414	0.42281
510	0.03602	0.25984	0.23156	0.41408	0.00830	0.29875	0.20400	0.41408
515	0.03484	0.28893	0.19838	0.41344	0.01045	0.32005	0.17353	0.41344
520	0.03377	0.31378	0.16460	0.40811	0.01412	0.33576	0.14157	0.40811
525	0.03248	0.33607	0.13392	0.40138	0.01762	0.34573	0.11417	0.40138
530	0.03141	0.34235	0.10625	0.39801	0.01795	0.34664	0.09435	0.39801
535	0.03188	0.34738	0.08471	0.39456	0.01428	0.34525	0.08054	0.39456
540	0.03344	0.34621	0.06586	0.39160	0.00941	0.34530	0.06979	0.39160
545	0.03448	0.34080	0.04908	0.39440	0.00583	0.33885	0.05999	0.39440
550	0.03333	0.33329	0.03404	0.38300	0.00415	0.32598	0.04920	0.38300
555	0.03094	0.32025	0.02272	0.37334	0.00376	0.31341	0.03871	0.37334
560	0.02778	0.30239	0.01464	0.36852	0.00452	0.29723	0.02937	0.36852
565	0.02684	0.28895	0.00956	0.35678	0.00740	0.27836	0.02281	0.35678
570	0.02919	0.26999	0.00668	0.35042	0.01643	0.26098	0.01906	0.35042
575	0.03719	0.24825	0.00493	0.34681	0.04680	0.24046	0.01697	0.34681
580	0.05423	0.22823	0.00390	0.34635	0.12415	0.21808	0.01591	0.34635
585	0.08602	0.20473	0.00307	0.33500	0.21315	0.19244	0.01470	0.33500
590	0.13219	0.17774	0.00244	0.32063	0.26217	0.16646	0.01352	0.32063
595	0.18537	0.15021	0.00217	0.32050	0.28223	0.13905	0.01248	0.32050
600	0.23305	0.12149	0.00192	0.32002	0.28702	0.11120	0.01135	0.32002
605	0.25878	0.09122	0.00180	0.30558	0.28972	0.08550	0.01043	0.30558
610	0.27317	0.06618	0.00177	0.29548	0.28906	0.06652	0.00999	0.29548
615	0.28102	0.04819	0.00189	0.29294	0.28029	0.05331	0.00993	0.29294
620	0.27686	0.03660	0.00208	0.28718	0.27212	0.04452	0.01018	0.28718
625	0.27326	0.02994	0.00236	0.28097	0.27015	0.03935	0.01101	0.28097
630	0.27075	0.02549	0.00271	0.27495	0.26517	0.03612	0.01215	0.27495
635	0.26462	0.02233	0.00319	0.26757	0.25925	0.03420	0.01369	0.26757
640	0.25784	0.01953	0.00364	0.26319	0.25473	0.03244	0.01565	0.26319
645	0.25266	0.01691	0.00412	0.25990	0.24704	0.03022	0.01755	0.25990
650	0.24267	0.01472	0.00468	0.24864	0.23719	0.02845	0.01992	0.24864
655	0.23653	0.01399	0.00551	0.23962	0.23353	0.02826	0.02243	0.23962
660	0.23286	0.01454	0.00643	0.23614	0.22977	0.02984	0.02491	0.23614
665	0.22582	0.01598	0.00693	0.23136	0.22182	0.03286	0.02664	0.23136
670	0.21976	0.01868	0.00726	0.22343	0.21607	0.03679	0.02760	0.22343
675	0.21260	0.02232	0.00743	0.21409	0.21083	0.04168	0.02821	0.21409
680	0.20666	0.02652	0.00740	0.21122	0.20284	0.04647	0.02806	0.21122
685	0.20047	0.03146	0.00739	0.21019	0.19462	0.05116	0.02783	0.21019
690	0.19507	0.03700	0.00751	0.20255	0.18955	0.05651	0.02792	0.20255
695	0.19177	0.04306	0.00767	0.19333	0.18646	0.06150	0.02801	0.19333
700	0.18940	0.04891	0.00780	0.18749	0.18246	0.06567	0.02766	0.18749
705	0.18475	0.05312	0.00753	0.18731	0.17744	0.06863	0.02683	0.18731
710	0.17802	0.05529	0.00676	0.18302	0.17175	0.07012	0.02518	0.18302
715	0.17337	0.05513	0.00593	0.17475	0.16829	0.06973	0.02285	0.17475
720	0.16989	0.05275	0.00504	0.16879	0.16616	0.06760	0.02019	0.16879
725	0.16602	0.04976	0.00429	0.16477	0.16201	0.06415	0.01776	0.16477
730	0.15973	0.04824	0.00375	0.15832	0.15532	0.06153	0.01587	0.15832
735	0.15274	0.04825	0.00345	0.15230	0.14908	0.06121	0.01474	0.15230
740	0.14746	0.05009	0.00332	0.14732	0.14466	0.06311	0.01415	0.14732
745	0.14287	0.05254	0.00320	0.14316	0.14107	0.06560	0.01338	0.14316
750	0.14002	0.05598	0.00307	0.13723	0.13776	0.06866	0.01270	0.13723
755	0.13799	0.05958	0.00297	0.13164	0.13312	0.07126	0.01214	0.13164
760	0.13364	0.06226	0.00281	0.12694	0.12895	0.07296	0.01189	0.12694
765	0.12753	0.06379	0.00279	0.12300	0.12424	0.07338	0.01218	0.12300
770	0.12402	0.06625	0.00367	0.12257	0.12074	0.07398	0.01343	0.12257
775	0.11819	0.06841	0.00508	0.11882	0.11592	0.07353	0.01604	0.11882
780	0.11373	0.07063	0.00789	0.11480	0.11090	0.07272	0.02058	0.11480
785	0.11021	0.07277	0.01374	0.11004	0.10614	0.07218	0.02796	0.11004
790	0.10566	0.07470	0.02386	0.10343	0.10219	0.07168	0.03914	0.10343
795	0.10361	0.07719	0.03687	0.09868	0.09878	0.07185	0.05094	0.09868
800	0.09924	0.07762	0.04986	0.09520	0.09422	0.07208	0.06062	0.09520
805	0.09354	0.07676	0.06119	0.09214	0.09015	0.07164	0.06821	0.09214
810	0.08899	0.07536	0.06814	0.08998	0.08632	0.07116	0.07248	0.08998
815	0.08599	0.07499	0.07099	0.08643	0.08308	0.07063	0.07405	0.08643
820	0.08184	0.07393	0.07073	0.08005	0.07935	0.06957	0.07384	0.08005
825	0.07674	0.07096	0.06878	0.07322	0.07404	0.06658	0.07068	0.07322
830	0.07514	0.06954	0.06907	0.07255	0.07241	0.06659	0.06995	0.07255
835	0.07017	0.06630	0.06717	0.07144	0.06779	0.06363	0.06567	0.07144
840	0.06856	0.06553	0.06491	0.06929	0.06559	0.06157	0.06300	0.06929
845	0.06670	0.06407	0.06290	0.06670	0.06356	0.06020	0.06064	0.06670
850	0.06420	0.06186	0.06006	0.06410	0.06051	0.05854	0.05813	0.06410
855	0.06129	0.05973	0.05789	0.06061	0.05865	0.05757	0.05684	0.06061
860	0.05832	0.05726	0.05607	0.05677	0.05543	0.05447	0.05413	0.05677
865	0.05501	0.05412	0.05413	0.05395	0.05241	0.05141	0.05120	0.05395
870	0.05111	0.05099	0.05083	0.05194	0.04912	0.04869	0.04844	0.05194
875	0.04764	0.04772	0.04704	0.04985	0.04621	0.04631	0.04647	0.04985
880	0.04463	0.04519	0.04335	0.04572	0.04285	0.04290	0.04330	0.04572
885	0.04297	0.04353	0.04160	0.04346	0.04077	0.04083	0.04132	0.04346
890	0.04169	0.04197	0.04042	0.04048	0.03935	0.03962	0.03992	0.04048
895	0.03935	0.03887	0.03803	0.03711	0.03697	0.03723	0.03716	0.03711
900	0.03727	0.03702	0.03703	0.03555	0.03572	0.03590	0.03583	0.03555
905	0.03359	0.03325	0.03423	0.03312	0.03293	0.03284	0.03270	0.03312
910	0.03199	0.03163	0.03235	0.03209	0.03108	0.03081	0.03057	0.03209
915	0.02904	0.02921	0.02893	0.02946	0.02792	0.02790	0.02740	0.02946
920	0.02780	0.02824	0.02753	0.02806	0.02672	0.02683	0.02633	0.02806
925	0.02640	0.02694	0.02608	0.02627	0.02484	0.02512	0.02479	0.02627
930	0.02501	0.02553	0.02433	0.02464	0.02324	0.02376	0.02337	0.02464
935	0.02345	0.02384	0.02295	0.02342	0.02212	0.02262	0.02230	0.02342
940	0.02211	0.02236	0.02185	0.02194	0.02055	0.02119	0.02092	0.02194
945	0.02071	0.02101	0.02050	0.02066	0.01917	0.01969	0.01955	0.02066
950	0.01920	0.01930	0.01909	0.01885	0.01811	0.01836	0.01824	0.01885
955	0.01792	0.01807	0.01794	0.01766	0.01709	0.01725	0.01722	0.01766
960	0.01665	0.01676	0.01681	0.01631	0.01596	0.01621	0.01614	0.01631
965	0.01513	0.01523	0.01536	0.01481	0.01467	0.01495	0.01489	0.01481
970	0.01354	0.01370	0.01384	0.01372	0.01336	0.01348	0.01352	0.01372
975	0.01240	0.01263	0.01258	0.01282	0.01216	0.01222	0.01234	0.01282
980	0.01119	0.01156	0.01144	0.01156	0.01083	0.01099	0.01095	0.01156
985	0.01075	0.01111	0.01073	0.01082	0.01009	0.01027	0.01016	0.01082
990	0.00980	0.00998	0.00955	0.00947	0.00894	0.00915	0.00906	0.00947
995	0.00896	0.00913	0.00887	0.00876	0.00826	0.00855	0.00841	0.00876
1000	0.00828	0.00840	0.00830	0.00769	0.00760	0.00790	0.00771	0.00769
1005	0.00741	0.00749	0.00756	0.00679	0.00693	0.00715	0.00699	0.00679
1010	0.00650	0.00652	0.00663	0.00598	0.00619	0.00635	0.00623	0.00598
1015	0.00592	0.00593	0.00603	0.00547	0.00559	0.00571	0.00558	0.00547
1020	0.00556	0.00553	0.00567	0.00488	0.00497	0.00498	0.00489	0.00488
1025	0.00504	0.00511	0.00513	0.00438	0.00436	0.00434	0.00432	0.00438
1030	0.00458	0.00467	0.00458	0.00390	0.00383	0.00385	0.00384	0.00390
1035	0.00401	0.00410	0.00396	0.00337	0.00340	0.00343	0.00339	0.00337
1040	0.00379	0.00388	0.00373	0.00298	0.00303	0.00308	0.00303	0.00298
1045	0.00334	0.00338	0.00326	0.00258	0.00261	0.00267	0.00261	0.00258
1050	0.00284	0.00287	0.00279	0.00218	0.00222	0.00228	0.00223	0.00218
