#KAI-29050 Quantum Efficiency for DPS (002)
#Bayer RGB with Microlens
#Wavelength (nm)	Gen1 Red	Gen1 Green	Gen1 Blue	Gen2 Red	Gen2 Green	Gen2 Blue
#300				0.003	0.004	0.005
#305				0.001	0.002	0.002
#310				0.001	0.001	0.001
#315				0.001	0.002	0.001
#320				0.003	0.004	0.001
#325				0.006	0.008	0.001
#330				0.011	0.012	0.001
#335				0.013	0.018	0.002
#340				0.026	0.021	0.002
#345				0.056	0.024	0.002
#350				0.076	0.026	0.003
#355				0.084	0.027	0.005
#360				0.086	0.027	0.009
#365				0.085	0.028	0.017
370	0.048	0.022	0.018	0.083	0.030	0.030
375	0.047	0.020	0.025	0.087	0.033	0.053
380	0.044	0.020	0.045	0.090	0.036	0.087
385	0.041	0.021	0.079	0.089	0.039	0.129
390	0.037	0.023	0.122	0.082	0.041	0.173
395	0.034	0.023	0.164	0.073	0.042	0.210
400	0.032	0.024	0.191	0.067	0.043	0.233
405	0.030	0.025	0.224	0.058	0.043	0.258
410	0.028	0.027	0.251	0.049	0.045	0.277
415	0.027	0.029	0.266	0.041	0.047	0.289
420	0.026	0.032	0.279	0.035	0.049	0.297
425	0.025	0.034	0.298	0.029	0.049	0.312
430	0.024	0.038	0.310	0.025	0.048	0.322
435	0.024	0.043	0.328	0.021	0.050	0.333
440	0.024	0.049	0.347	0.019	0.057	0.345
445	0.024	0.053	0.362	0.016	0.066	0.357
450	0.023	0.058	0.372	0.014	0.075	0.362
455	0.024	0.067	0.376	0.012	0.080	0.366
460	0.026	0.080	0.379	0.010	0.081	0.365
465	0.029	0.097	0.379	0.010	0.086	0.364
470	0.033	0.118	0.372	0.010	0.098	0.361
475	0.036	0.141	0.371	0.010	0.120	0.354
480	0.036	0.153	0.360	0.011	0.145	0.344
485	0.035	0.159	0.349	0.010	0.170	0.328
490	0.033	0.164	0.328	0.009	0.197	0.308
495	0.034	0.181	0.313	0.009	0.225	0.286
500	0.036	0.205	0.288	0.008	0.252	0.261
505	0.037	0.230	0.264	0.008	0.276	0.234
510	0.036	0.260	0.232	0.008	0.299	0.204
515	0.035	0.289	0.198	0.010	0.320	0.174
520	0.034	0.314	0.165	0.014	0.336	0.142
525	0.032	0.336	0.134	0.018	0.346	0.114
530	0.031	0.342	0.106	0.018	0.347	0.094
535	0.032	0.347	0.085	0.014	0.345	0.081
540	0.033	0.346	0.066	0.009	0.345	0.070
545	0.034	0.341	0.049	0.006	0.339	0.060
550	0.033	0.333	0.034	0.004	0.326	0.049
555	0.031	0.320	0.023	0.004	0.313	0.039
560	0.028	0.302	0.015	0.005	0.297	0.029
565	0.027	0.289	0.010	0.007	0.278	0.023
570	0.029	0.270	0.007	0.016	0.261	0.019
575	0.037	0.248	0.005	0.047	0.240	0.017
580	0.054	0.228	0.004	0.124	0.218	0.016
585	0.086	0.205	0.003	0.213	0.192	0.015
590	0.132	0.178	0.002	0.262	0.166	0.014
595	0.185	0.150	0.002	0.282	0.139	0.012
600	0.233	0.121	0.002	0.287	0.111	0.011
605	0.259	0.091	0.002	0.290	0.086	0.010
610	0.273	0.066	0.002	0.289	0.067	0.010
615	0.281	0.048	0.002	0.280	0.053	0.010
620	0.277	0.037	0.002	0.272	0.045	0.010
625	0.273	0.030	0.002	0.270	0.039	0.011
630	0.271	0.025	0.003	0.265	0.036	0.012
635	0.265	0.022	0.003	0.259	0.034	0.014
640	0.258	0.020	0.004	0.255	0.032	0.016
645	0.253	0.017	0.004	0.247	0.030	0.018
650	0.243	0.015	0.005	0.237	0.028	0.020
655	0.237	0.014	0.006	0.234	0.028	0.022
660	0.233	0.015	0.006	0.230	0.030	0.025
665	0.226	0.016	0.007	0.222	0.033	0.027
670	0.220	0.019	0.007	0.216	0.037	0.028
675	0.213	0.022	0.007	0.211	0.042	0.028
680	0.207	0.027	0.007	0.203	0.046	0.028
685	0.200	0.031	0.007	0.195	0.051	0.028
690	0.195	0.037	0.008	0.190	0.057	0.028
695	0.192	0.043	0.008	0.186	0.061	0.028
700	0.189	0.049	0.008	0.182	0.066	0.028
705	0.185	0.053	0.008	0.177	0.069	0.027
710	0.178	0.055	0.007	0.172	0.070	0.025
715	0.173	0.055	0.006	0.168	0.070	0.023
720	0.170	0.053	0.005	0.166	0.068	0.020
725	0.166	0.050	0.004	0.162	0.064	0.018
730	0.160	0.048	0.004	0.155	0.062	0.016
735	0.153	0.048	0.003	0.149	0.061	0.015
740	0.147	0.050	0.003	0.145	0.063	0.014
745	0.143	0.053	0.003	0.141	0.066	0.013
750	0.140	0.056	0.003	0.138	0.069	0.013
755	0.138	0.060	0.003	0.133	0.071	0.012
760	0.134	0.062	0.003	0.129	0.073	0.012
765	0.128	0.064	0.003	0.124	0.073	0.012
770	0.124	0.066	0.004	0.121	0.074	0.013
775	0.118	0.068	0.005	0.116	0.074	0.016
780	0.114	0.071	0.008	0.111	0.073	0.021
785	0.110	0.073	0.014	0.106	0.072	0.028
790	0.106	0.075	0.024	0.102	0.072	0.039
795	0.104	0.077	0.037	0.099	0.072	0.051
800	0.099	0.078	0.050	0.094	0.072	0.061
805	0.094	0.077	0.061	0.090	0.072	0.068
810	0.089	0.075	0.068	0.086	0.071	0.072
815	0.086	0.075	0.071	0.083	0.071	0.074
820	0.082	0.074	0.071	0.079	0.070	0.074
825	0.077	0.071	0.069	0.074	0.067	0.071
830	0.075	0.070	0.069	0.072	0.067	0.070
835	0.070	0.066	0.067	0.068	0.064	0.066
840	0.069	0.066	0.065	0.066	0.062	0.063
845	0.067	0.064	0.063	0.064	0.060	0.061
850	0.064	0.062	0.060	0.061	0.059	0.058
855	0.061	0.060	0.058	0.059	0.058	0.057
860	0.058	0.057	0.056	0.055	0.054	0.054
865	0.055	0.054	0.054	0.052	0.051	0.051
870	0.051	0.051	0.051	0.049	0.049	0.048
875	0.048	0.048	0.047	0.046	0.046	0.046
880	0.045	0.045	0.043	0.043	0.043	0.043
885	0.043	0.044	0.042	0.041	0.041	0.041
890	0.042	0.042	0.040	0.039	0.040	0.040
895	0.039	0.039	0.038	0.037	0.037	0.037
900	0.037	0.037	0.037	0.036	0.036	0.036
905	0.034	0.033	0.034	0.033	0.033	0.033
910	0.032	0.032	0.032	0.031	0.031	0.031
915	0.029	0.029	0.029	0.028	0.028	0.027
920	0.028	0.028	0.028	0.027	0.027	0.026
925	0.026	0.027	0.026	0.025	0.025	0.025
930	0.025	0.026	0.024	0.023	0.024	0.023
935	0.023	0.024	0.023	0.022	0.023	0.022
940	0.022	0.022	0.022	0.021	0.021	0.021
945	0.021	0.021	0.020	0.019	0.020	0.020
950	0.019	0.019	0.019	0.018	0.018	0.018
955	0.018	0.018	0.018	0.017	0.017	0.017
960	0.017	0.017	0.017	0.016	0.016	0.016
965	0.015	0.015	0.015	0.015	0.015	0.015
970	0.014	0.014	0.014	0.013	0.013	0.014
975	0.012	0.013	0.013	0.012	0.012	0.012
980	0.011	0.012	0.011	0.011	0.011	0.011
985	0.011	0.011	0.011	0.010	0.010	0.010
990	0.010	0.010	0.010	0.009	0.009	0.009
995	0.009	0.009	0.009	0.008	0.009	0.008
1000	0.008	0.008	0.008	0.008	0.008	0.008
1005	0.007	0.007	0.008	0.007	0.007	0.007
1010	0.006	0.007	0.007	0.006	0.006	0.006
1015	0.006	0.006	0.006	0.006	0.006	0.006
1020	0.006	0.006	0.006	0.005	0.005	0.005
1025	0.005	0.005	0.005	0.004	0.004	0.004
1030	0.005	0.005	0.005	0.004	0.004	0.004
1035	0.004	0.004	0.004	0.003	0.003	0.003
1040	0.004	0.004	0.004	0.003	0.003	0.003
1045	0.003	0.003	0.003	0.003	0.003	0.003
1050	0.003	0.003	0.003	0.002	0.002	0.002
