#trapazoidal
# startwidth 		endwidth 		startheight		endheight 		slope 			y-intercept 			area
3.750000000000000000e+02 3.800000000000000000e+02 -2.010608331607807295e-07 2.047869906105867270e-07 8.116956475427348070e-08 -3.063964761601333615e-05 9.315393624514993756e-09
3.800000000000000000e+02 3.850000000000000000e+02 2.047869906105867270e-07 -3.837104922264902813e-07 -1.176994965674154070e-07 4.493059568622844433e-05 -4.473087540397589123e-07
3.850000000000000000e+02 3.900000000000000000e+02 -3.837104922264902813e-07 -3.723276656510035401e-06 -6.679132328567089499e-07 2.567628841576064555e-04 -1.026746787184131503e-05
3.900000000000000000e+02 3.950000000000000000e+02 -3.723276656510035401e-06 -1.879057136516192763e-06 3.688439039987685065e-07 -1.475723992160297298e-04 -1.400583448256556999e-05
3.950000000000000000e+02 4.000000000000000000e+02 -1.879057136516192763e-06 7.643846075932420130e-09 3.773401965184250188e-07 -1.509284347612940662e-04 -4.678533226100650604e-06
4.000000000000000000e+02 4.050000000000000000e+02 7.643846075932420130e-09 -5.713014499963899304e-06 -1.144131669207966263e-06 4.576603115292624349e-04 -1.426342663471991823e-05
4.050000000000000000e+02 4.100000000000000000e+02 -5.713014499963899304e-06 1.072731013574446383e-05 3.288064927141672456e-06 -1.337379309992341343e-03 1.253573908945141173e-05
4.100000000000000000e+02 4.150000000000000000e+02 1.072731013574446383e-05 8.839598336642323647e-06 -3.775423598204280249e-07 1.655196776621199533e-04 4.891727118096697038e-05
4.150000000000000000e+02 4.200000000000000000e+02 8.839598336642323647e-06 -1.810628899795650007e-06 -2.130045447287594943e-06 8.928084589609942444e-04 1.757242359211668527e-05
4.200000000000000000e+02 4.250000000000000000e+02 -1.810628899795650007e-06 -1.973847376245306214e-05 -3.585568972531482809e-06 1.504128339563427048e-03 -5.387275665562177328e-05
4.250000000000000000e+02 4.300000000000000000e+02 -1.973847376245306214e-05 4.114463892173450711e-05 1.217662253683751317e-05 -5.194803051918395372e-03 5.351541289820361581e-05
4.300000000000000000e+02 4.350000000000000000e+02 4.114463892173450711e-05 5.898937206526938223e-05 3.568946628706975192e-06 -1.493502411422264814e-03 2.503350274675096793e-04
4.350000000000000000e+02 4.400000000000000000e+02 5.898937206526938223e-05 6.909673019577859373e-04 1.263955859785033083e-04 -5.492309052858367069e-02 1.874891685057638278e-03
4.400000000000000000e+02 4.450000000000000000e+02 6.909673019577859373e-04 6.931219214253094008e-02 1.372424496811463016e-02 -6.037976818668479240e+00 1.750078986112218460e-01
4.450000000000000000e+02 4.500000000000000000e+02 6.931219214253094008e-02 8.534045592080484743e-01 1.568184734131035096e-01 -6.971490847668853519e+01 2.306791878376448501e+00
4.500000000000000000e+02 4.550000000000000000e+02 8.534045592080484743e-01 9.717924938142621372e-01 2.367758692124273187e-02 -9.801509555351181291e+00 4.562992632555777028e+00
4.550000000000000000e+02 4.600000000000000000e+02 9.717924938142621372e-01 9.839537458045954921e-01 2.432250398066671156e-03 -1.348814373060731597e-01 4.889365599047144073e+00
4.600000000000000000e+02 4.650000000000000000e+02 9.839537458045954921e-01 9.965995488974902505e-01 2.529160618578951865e-03 -1.794601387417223970e-01 4.951383236755214412e+00
4.650000000000000000e+02 4.700000000000000000e+02 9.965995488974902505e-01 1.000000000000000000e+00 6.800902205019498719e-04 6.803575963640835500e-01 4.991498872243726126e+00
4.700000000000000000e+02 4.750000000000000000e+02 1.000000000000000000e+00 9.877907028920080990e-01 -2.441859421598380122e-03 2.147673928151238698e+00 4.969476757230020247e+00
4.750000000000000000e+02 4.800000000000000000e+02 9.877907028920080990e-01 9.769636372446194317e-01 -2.165413129477733369e-03 2.016361939393931380e+00 4.911885850341568549e+00
4.800000000000000000e+02 4.850000000000000000e+02 9.769636372446194317e-01 9.366256545963824731e-01 -8.067596529647391712e-03 4.849409971475367342e+00 4.783973229602505484e+00
4.850000000000000000e+02 4.900000000000000000e+02 9.366256545963824731e-01 8.938546973949238472e-01 -8.554191440291725873e-03 5.085408503137870184e+00 4.576200879978266300e+00
4.900000000000000000e+02 4.950000000000000000e+02 8.938546973949238472e-01 8.370689904618073829e-01 -1.135714138662329356e-02 6.458853976840337907e+00 4.327309219641827909e+00
4.950000000000000000e+02 5.000000000000000000e+02 8.370689904618073829e-01 7.723950903990050021e-01 -1.293478001256047685e-02 7.239785096679243637e+00 4.023660202152030685e+00
5.000000000000000000e+02 5.050000000000000000e+02 7.723950903990050021e-01 6.870654462674519181e-01 -1.706592882631061819e-02 9.305359503554313960e+00 3.648651341666142578e+00
5.050000000000000000e+02 5.100000000000000000e+02 6.870654462674519181e-01 6.042369724287552923e-01 -1.656569476773932584e-02 9.052741303975810894e+00 3.228256046740518137e+00
5.100000000000000000e+02 5.150000000000000000e+02 6.042369724287552923e-01 5.239966749870779150e-01 -1.604805948833547616e-02 8.788747311479848889e+00 2.820584118539582796e+00
5.150000000000000000e+02 5.200000000000000000e+02 5.239966749870779150e-01 4.296426316428614833e-01 -1.887080866884328564e-02 1.024246313944137121e+01 2.384098266574848246e+00
5.200000000000000000e+02 5.250000000000000000e+02 4.296426316428614833e-01 3.469841896087597632e-01 -1.653168840682034402e-02 9.026120603189440317e+00 1.941567053129052978e+00
5.250000000000000000e+02 5.300000000000000000e+02 3.469841896087597632e-01 2.899204371594998886e-01 -1.141275048985197424e-02 6.338678196781046381e+00 1.592261566920649241e+00
5.300000000000000000e+02 5.350000000000000000e+02 2.899204371594998886e-01 2.461902492048577140e-01 -8.746037590928434566e-03 4.925320360351570059e+00 1.340276715910894145e+00
5.350000000000000000e+02 5.400000000000000000e+02 2.461902492048577140e-01 2.161845072694037473e-01 -6.001148387090792999e-03 3.456804636298431710e+00 1.155936891185653570e+00
5.400000000000000000e+02 5.450000000000000000e+02 2.161845072694037473e-01 1.860667613007686572e-01 -6.023549193727018372e-03 3.468901071881993481e+00 1.005628171425430928e+00
5.450000000000000000e+02 5.500000000000000000e+02 1.860667613007686572e-01 1.538733418134897446e-01 -6.438683897455782165e-03 3.695149485414169988e+00 8.498502577856459350e-01
5.500000000000000000e+02 5.550000000000000000e+02 1.538733418134897446e-01 1.210055957657612119e-01 -6.573549209545706887e-03 3.769325407063628841e+00 6.871973439481273704e-01
5.550000000000000000e+02 5.600000000000000000e+02 1.210055957657612119e-01 9.194240142690740525e-02 -5.812638867770761678e-03 3.347020167378533806e+00 5.323699929816715359e-01
5.600000000000000000e+02 5.650000000000000000e+02 9.194240142690740525e-02 7.146023230717046815e-02 -4.096433823947387767e-03 2.385945342837444638e+00 4.085065843351947112e-01
5.650000000000000000e+02 5.700000000000000000e+02 7.146023230717046815e-02 5.951089015797377674e-02 -2.389868429839338455e-03 1.421735895166396757e+00 3.274278061628606018e-01
5.700000000000000000e+02 5.750000000000000000e+02 5.951089015797377674e-02 5.337592371116151729e-02 -1.226993289362451976e-03 7.588970650945714436e-01 2.822170346728382073e-01
5.750000000000000000e+02 5.800000000000000000e+02 5.337592371116151729e-02 4.979727495633845535e-02 -7.157297509646123445e-04 4.649205305158136126e-01 2.579329966687499143e-01
5.800000000000000000e+02 5.850000000000000000e+02 4.979727495633845535e-02 4.614054447111427121e-02 -7.313460970448368076e-04 4.739780112423437886e-01 2.398445485686317991e-01
5.850000000000000000e+02 5.900000000000000000e+02 4.614054447111427121e-02 4.246315543773728635e-02 -7.354778066753969506e-04 4.763950613762214514e-01 2.215092497721288800e-01
5.900000000000000000e+02 5.950000000000000000e+02 4.246315543773728635e-02 3.924833888555691319e-02 -6.429633104360746093e-04 4.218115085950213117e-01 2.042787358082354676e-01
5.950000000000000000e+02 6.000000000000000000e+02 3.924833888555691319e-02 3.575926914776555998e-02 -6.978139475582705985e-04 4.544476376827279451e-01 1.875190200833061760e-01
6.000000000000000000e+02 6.050000000000000000e+02 3.575926914776555998e-02 3.257727454820530388e-02 -6.363989199120511980e-04 4.175986210949962918e-01 1.708413592399271597e-01
6.050000000000000000e+02 6.100000000000000000e+02 3.257727454820530388e-02 3.138441683046825498e-02 -2.385715435474097758e-04 1.769130583943882007e-01 1.599042284466838937e-01
6.100000000000000000e+02 6.150000000000000000e+02 3.138441683046825498e-02 3.118566871154259193e-02 -3.974962378513261223e-05 5.563168733939914679e-02 1.564252138550271121e-01
6.150000000000000000e+02 6.200000000000000000e+02 3.118566871154259193e-02 3.168136992698343535e-02 9.914024308816868358e-05 -2.978558078768114847e-02 1.571675965963150734e-01
6.200000000000000000e+02 6.250000000000000000e+02 3.168136992698343535e-02 3.454101354663018097e-02 5.719287239293491688e-04 -3.229144389092130085e-01 1.655559586840340547e-01
6.250000000000000000e+02 6.300000000000000000e+02 3.454101354663018097e-02 3.801802414755770659e-02 6.954021201855051237e-04 -4.000853115693104867e-01 1.813975942354697501e-01
6.300000000000000000e+02 6.350000000000000000e+02 3.801802414755770659e-02 4.240230129723505936e-02 8.768554299354705322e-04 -5.144008967117886799e-01 2.010508136119819322e-01
6.350000000000000000e+02 6.400000000000000000e+02 4.240230129723505936e-02 4.899994033547175332e-02 1.319527807647338791e-03 -7.954978565588251005e-01 2.285056040817670386e-01
6.400000000000000000e+02 6.450000000000000000e+02 4.899994033547175332e-02 5.489762580594514246e-02 1.179537094094677829e-03 -7.059037998851220852e-01 2.597439153535422429e-01
6.450000000000000000e+02 6.500000000000000000e+02 5.489762580594514246e-02 6.165363162415463810e-02 1.351201163641899084e-03 -8.166271247430797464e-01 2.913781435752494375e-01
6.500000000000000000e+02 6.550000000000000000e+02 6.165363162415463810e-02 6.976833995787687370e-02 1.622941666744447120e-03 -9.932584517597359275e-01 3.285549289550787622e-01
6.550000000000000000e+02 6.600000000000000000e+02 6.976833995787687370e-02 7.786736608883894351e-02 1.619805226192413961e-03 -9.912040831981543398e-01 3.690892651167895777e-01
6.600000000000000000e+02 6.650000000000000000e+02 7.786736608883894351e-02 8.255386179100032695e-02 9.372991404322766461e-04 -5.407500665964636299e-01 4.010530696995981415e-01
6.650000000000000000e+02 6.700000000000000000e+02 8.255386179100032695e-02 8.521679723681849228e-02 5.325870891636330217e-04 -2.716165525028155781e-01 4.194266475695470620e-01
6.700000000000000000e+02 6.750000000000000000e+02 8.521679723681849228e-02 8.782952362845528049e-02 5.225452783273575996e-04 -2.648885392425111007e-01 4.326158021631844042e-01
6.750000000000000000e+02 6.800000000000000000e+02 8.782952362845528049e-02 8.701978287263259504e-02 -1.619481511645370800e-04 1.971445256645177890e-01 4.371232662527196888e-01
6.800000000000000000e+02 6.850000000000000000e+02 8.701978287263259504e-02 8.584193908211955326e-02 -2.355687581026083500e-04 2.472065383824062490e-01 4.321543048868803361e-01
6.850000000000000000e+02 6.900000000000000000e+02 8.584193908211955326e-02 8.648672524623128577e-02 1.289572328223464906e-04 -2.493765401187786335e-03 4.308216608208770837e-01
6.900000000000000000e+02 6.950000000000000000e+02 8.648672524623128577e-02 8.370503241794394200e-02 -5.563385656574687532e-04 4.703603355498847671e-01 4.254793941604380070e-01
6.950000000000000000e+02 7.000000000000000000e+02 8.370503241794394200e-02 2.380899564306712332e-02 -1.197920735497536374e-02 8.409254144125821284e+00 2.687850701525276720e-01
7.000000000000000000e+02 7.050000000000000000e+02 2.380899564306712332e-02 1.279964091516148797e-03 -4.505806310310194428e-03 3.177873412860203306e+00 6.272239933645817889e-02
7.050000000000000000e+02 7.100000000000000000e+02 1.279964091516148797e-03 9.879075515630290818e-05 -2.362346672719691941e-04 1.678254045182544507e-01 3.446887116681129209e-03
7.100000000000000000e+02 7.150000000000000000e+02 9.879075515630290818e-05 1.270827978407016851e-05 -1.721649507444654895e-05 1.232250225801335107e-02 2.787475873509326807e-04
7.150000000000000000e+02 7.200000000000000000e+02 1.270827978407016851e-05 1.012622256792872922e-06 -2.339131505455459372e-06 1.685187306184723509e-03 3.430225510215760337e-05
7.200000000000000000e+02 7.250000000000000000e+02 1.012622256792872922e-06 5.367056153876587316e-07 -9.518332828104284329e-08 6.954461861914372771e-05 3.873319680451328868e-06
7.250000000000000000e+02 7.300000000000000000e+02 5.367056153876587316e-07 1.425688401162522408e-07 -7.882735505428129815e-08 5.768653802974159817e-05 1.698186138759777550e-06
7.300000000000000000e+02 7.350000000000000000e+02 1.425688401162522408e-07 6.759631515565204138e-08 -1.499450499212003989e-08 1.108855748436388149e-05 5.254128881797607585e-07
7.350000000000000000e+02 7.400000000000000000e+02 6.759631515565204138e-08 7.836772662101708646e-10 -1.336252757788837390e-08 9.889054084903606905e-06 1.709499810546555315e-07
7.400000000000000000e+02 7.450000000000000000e+02 7.836772662101708646e-10 -5.357195123834295396e-07 -1.073006379299279549e-07 7.940325574541289629e-05 -1.337339587793048381e-06
7.450000000000000000e+02 7.500000000000000000e+02 -5.357195123834295396e-07 4.326010334129463868e-07 1.936641091592751800e-07 -1.448154808360434416e-04 -2.577961974262078821e-07
7.500000000000000000e+02 7.550000000000000000e+02 4.326010334129463868e-07 -5.329862598558423467e-07 -1.931174586537577255e-07 1.452706950237312453e-04 -2.509630661072398999e-07
7.550000000000000000e+02 7.600000000000000000e+02 -5.329862598558423467e-07 5.252151905440045374e-08 1.171015557820485522e-07 -8.894466087530250207e-05 -1.201161852003604693e-06
7.600000000000000000e+02 7.650000000000000000e+02 5.252151905440045374e-08 5.413884945333037977e-08 3.234660797859851960e-10 -1.933127015829482766e-07 2.666509212693270705e-07
7.650000000000000000e+02 7.700000000000000000e+02 5.413884945333037977e-08 -1.219100348107329552e-07 -3.520977685281266700e-08 2.698961814185501916e-05 -1.694279633935064387e-07
7.700000000000000000e+02 7.750000000000000000e+02 -1.219100348107329552e-07 1.412942286966297548e-07 5.264085270147253936e-08 -4.065536661494458892e-05 4.846048471474199880e-08
7.750000000000000000e+02 7.800000000000000000e+02 1.412942286966297548e-07 1.862496231152602456e-07 8.991078883726097843e-09 -6.826791906191096224e-06 8.188596295297249745e-07
7.800000000000000000e+02 7.850000000000000000e+02 1.862496231152602456e-07 1.226940563480840253e-07 -1.271111335343524406e-08 1.010091803879475040e-05 7.723591986583606112e-07
7.850000000000000000e+02 7.900000000000000000e+02 1.226940563480840253e-07 1.712627894990952303e-07 9.713746630202240660e-09 -7.502597048360675364e-06 7.348921146179481523e-07
7.900000000000000000e+02 7.950000000000000000e+02 1.712627894990952303e-07 6.957350512543022159e-07 1.048944523510414077e-07 -8.269535456782362210e-05 2.167494601883493695e-06
7.950000000000000000e+02 8.000000000000000000e+02 6.957350512543022159e-07 -7.812665226917309820e-07 -2.954003147892066290e-07 2.355389853086735526e-04 -2.138286785935719152e-07
8.000000000000000000e+02 8.050000000000000000e+02 -7.812665226917309820e-07 8.181598305241675863e-09 1.578896241993945259e-07 -1.270929658822073679e-04 -1.932712310966223309e-06
8.050000000000000000e+02 8.100000000000000000e+02 8.181598305241675863e-09 3.512389593391063545e-06 7.008415990171644323e-07 -5.641693056105121559e-04 8.801427979240762425e-06
8.100000000000000000e+02 8.150000000000000000e+02 3.512389593391063545e-06 -1.964126405005688178e-06 -1.095303199679350260e-06 8.907079813336647419e-04 3.870657970963437992e-06
8.150000000000000000e+02 8.200000000000000000e+02 -1.964126405005688178e-06 -9.516178167003961512e-07 2.025017176610584213e-07 -1.670030262987682982e-04 -7.289360554265210136e-06
8.200000000000000000e+02 8.250000000000000000e+02 -9.516178167003961512e-07 -6.241529142840011174e-07 6.549298048327901206e-08 -5.465586181298918837e-05 -3.939426827460993383e-06
8.250000000000000000e+02 8.300000000000000000e+02 -6.241529142840011174e-07 6.080354584466856026e-07 2.464376745461373122e-07 -2.039352344148472930e-04 -4.029363959328878685e-08
8.300000000000000000e+02 8.350000000000000000e+02 6.080354584466856026e-07 -1.418754376663315697e-06 -4.053579670220002070e-07 3.370551480867068554e-04 -2.026797295541575342e-06
8.350000000000000000e+02 8.400000000000000000e+02 -1.418754376663315697e-06 -1.567249620026236428e-06 -2.969904867258414490e-08 2.337995126494444767e-05 -7.465009991723880313e-06
8.400000000000000000e+02 8.450000000000000000e+02 -1.567249620026236428e-06 -2.339205884426900097e-06 -1.543912528801327285e-07 1.281214027992852477e-04 -9.766138761132840890e-06
8.450000000000000000e+02 8.500000000000000000e+02 -2.339205884426900097e-06 -3.171142939896150720e-06 -1.663874110938501139e-07 1.382581564898764670e-04 -1.377587206080762598e-05
8.500000000000000000e+02 8.550000000000000000e+02 -3.171142939896150720e-06 -1.418838832734360323e-06 3.504608214323580582e-07 -3.010628411574005131e-04 -1.147495443157627867e-05
8.550000000000000000e+02 8.600000000000000000e+02 -1.418838832734360323e-06 2.018301171764094790e-06 6.874280008996909802e-07 -5.891697796019701753e-04 1.498655847574336166e-06
8.600000000000000000e+02 8.650000000000000000e+02 2.018301171764094790e-06 1.077175777403054217e-06 -1.882250788722081145e-07 1.638918690018630834e-04 7.738692372917871989e-06
8.650000000000000000e+02 8.700000000000000000e+02 1.077175777403054217e-06 -1.760487464333797866e-06 -5.675326483473704591e-07 4.919929165978784505e-04 -1.708279217326859122e-06
8.700000000000000000e+02 8.750000000000000000e+02 -1.760487464333797866e-06 7.164088133152456388e-06 1.784915119497250851e-06 -1.554636641426942025e-03 1.350900167204664683e-05
8.750000000000000000e+02 8.800000000000000000e+02 7.164088133152456388e-06 3.175759979533536240e-06 -7.976656307237840932e-07 7.051215150164635717e-04 2.584962028171498136e-05
8.800000000000000000e+02 8.850000000000000000e+02 3.175759979533536240e-06 1.506042282492159688e-05 2.376932569077612297e-06 -2.088524900808765277e-03 4.559045701113783174e-05
8.850000000000000000e+02 8.900000000000000000e+02 1.506042282492159688e-05 -5.501858007250413886e-06 -4.112456166434402153e-06 3.654584130119367322e-03 2.389641204417795536e-05
8.900000000000000000e+02 8.950000000000000000e+02 -5.501858007250413886e-06 2.508835113715466938e-06 1.602138624193176250e-06 -1.431405233539177323e-03 -7.482557233837367795e-06
8.950000000000000000e+02 9.000000000000000000e+02 2.508835113715466938e-06 -1.874067325941732940e-05 -4.249901674626559267e-06 3.806170833904486041e-03 -4.057959536425466039e-05
9.000000000000000000e+02 9.050000000000000000e+02 -1.874067325941732940e-05 -7.358231835329961565e-07 3.600970015176866924e-06 -3.259613686918597705e-03 -4.869124110737580981e-05
9.050000000000000000e+02 9.100000000000000000e+02 -7.358231835329961565e-07 1.339373920545576132e-06 4.150394208157144366e-07 -3.763464990217545874e-04 1.508876842531449993e-06
9.100000000000000000e+02 9.150000000000000000e+02 1.339373920545576132e-06 -2.972251440941117488e-06 -8.623250722973387240e-07 7.860551897111237854e-04 -4.082193800988853389e-06
9.150000000000000000e+02 9.200000000000000000e+02 -2.972251440941117488e-06 1.116264715915882814e-05 2.826979720019989465e-06 -2.589658695259231588e-03 2.047598929554427451e-05
9.200000000000000000e+02 9.250000000000000000e+02 1.116264715915882814e-05 1.112072741436715386e-06 -2.010114883544422720e-06 1.860468340020027646e-03 3.068679975148886030e-05
9.250000000000000000e+02 9.300000000000000000e+02 1.112072741436715386e-06 8.485666147218017005e-06 1.474718681156260366e-06 -1.363002707328104168e-03 2.399434722163682992e-05
9.300000000000000000e+02 9.350000000000000000e+02 8.485666147218017005e-06 -4.275599567505495394e-07 -1.782645220793713298e-06 1.666345721485371295e-03 2.014526547616866774e-05
9.350000000000000000e+02 9.400000000000000000e+02 -4.275599567505495394e-07 3.185400903546300274e-06 7.225921720593699733e-07 -6.760512408322614641e-04 6.894602366989377181e-06
9.400000000000000000e+02 9.450000000000000000e+02 3.185400903546300274e-06 2.446945770741885281e-06 -1.476910265608829935e-07 1.420149658707763030e-04 1.408086668572046198e-05
9.450000000000000000e+02 9.500000000000000000e+02 2.446945770741885281e-06 -3.975662817394790212e-07 -5.689024104962728180e-07 5.400597236897197641e-04 5.123448722506016072e-06
