#trapazoidal
# startwidth 		endwidth 		startheight		endheight 		slope 			y-intercept 			area
3.750000000000000000e+02 3.800000000000000000e+02 -1.166128431642793001e-07 9.025639529078911189e-08 4.137384769101368505e-08 -1.563180572729441014e-05 -6.589111968372547058e-08
3.800000000000000000e+02 3.850000000000000000e+02 9.025639529078911189e-08 -1.068080011499798917e-07 -3.941287928815380072e-08 1.506715052478923398e-05 -4.137901464797694951e-08
3.850000000000000000e+02 3.900000000000000000e+02 -1.068080011499798917e-07 -1.001450056503427840e-06 -1.789284110706895924e-07 6.878063026106550747e-05 -2.770645144133519562e-06
3.900000000000000000e+02 3.950000000000000000e+02 -1.001450056503427840e-06 -4.314583995570388194e-07 1.139983313892778095e-07 -4.546079929832177254e-05 -3.582271140151166914e-06
3.950000000000000000e+02 4.000000000000000000e+02 -4.314583995570388194e-07 2.153777860879280543e-09 8.672243548358362015e-08 -3.468682041557256772e-05 -1.073261554240398792e-06
4.000000000000000000e+02 4.050000000000000000e+02 2.153777860879280543e-09 -1.465903396107250731e-06 -2.936114347936259918e-07 1.174467276953112762e-04 -3.659374045615928729e-06
4.050000000000000000e+02 4.100000000000000000e+02 -1.465903396107250731e-06 2.585944558101135890e-06 8.103695908416772818e-07 -3.296655876869865136e-04 2.800102904984713110e-06
4.100000000000000000e+02 4.150000000000000000e+02 2.585944558101135890e-06 2.336082257253139899e-06 -4.997246016959919693e-08 2.307465322763680717e-05 1.230506703838568989e-05
4.150000000000000000e+02 4.200000000000000000e+02 2.336082257253139899e-06 -4.822020395877410228e-07 -5.636568593681762054e-07 2.362536788950462619e-04 4.634700544163496978e-06
4.200000000000000000e+02 4.250000000000000000e+02 -4.822020395877410228e-07 -5.003635259241959982e-06 -9.042866439308438977e-07 3.793181884113667112e-04 -1.371459324707425230e-05
4.250000000000000000e+02 4.300000000000000000e+02 -5.003635259241959982e-06 7.503275665928385316e-06 2.501382185034068890e-06 -1.068091063898721346e-03 6.249101016716063336e-06
4.300000000000000000e+02 4.350000000000000000e+02 7.503275665928385316e-06 1.413306928465205635e-05 1.325958723744734207e-06 -5.626589755443072880e-04 5.409086237645111179e-05
4.350000000000000000e+02 4.400000000000000000e+02 1.413306928465205635e-05 1.878166040560182506e-04 3.473670695427323954e-05 -1.509633445582420769e-02 5.048741833516758471e-04
4.400000000000000000e+02 4.450000000000000000e+02 1.878166040560182506e-04 2.260007403322148931e-02 4.482451485833094385e-03 -1.972090837162505439e+00 5.696972659319377019e-02
4.450000000000000000e+02 4.500000000000000000e+02 2.260007403322148931e-02 3.434427507653753375e-01 6.416853534643077173e-02 -2.853239815512847244e+01 9.151070619964920549e-01
4.500000000000000000e+02 4.550000000000000000e+02 3.434427507653753375e-01 3.991738625993125344e-01 1.114622236678743973e-02 -4.672357314288972496e+00 1.856541533411719680e+00
4.550000000000000000e+02 4.600000000000000000e+02 3.991738625993125344e-01 4.160156240059377786e-01 3.368352281325048998e-03 -1.133426425403584625e+00 2.037973716513125755e+00
4.600000000000000000e+02 4.650000000000000000e+02 4.160156240059377786e-01 4.419069658570013992e-01 5.178268370212723952e-03 -1.965987826291915042e+00 2.144806474657348083e+00
4.650000000000000000e+02 4.700000000000000000e+02 4.419069658570013992e-01 4.923550766390279443e-01 1.008962215640530832e-02 -4.249767336871467016e+00 2.335655106240073220e+00
4.700000000000000000e+02 4.750000000000000000e+02 4.923550766390279443e-01 6.348104236061836714e-01 2.849106939343114611e-02 -1.289844753827361146e+01 2.817913750613029400e+00
4.750000000000000000e+02 4.800000000000000000e+02 6.348104236061836714e-01 7.904981451908373868e-01 3.113754431693074171e-02 -1.415552312693592008e+01 3.563271421992552757e+00
4.800000000000000000e+02 4.850000000000000000e+02 7.904981451908373868e-01 8.619839479328915699e-01 1.429716054841083731e-02 -6.072138918046364076e+00 4.131205232809322503e+00
4.850000000000000000e+02 4.900000000000000000e+02 8.619839479328915699e-01 1.061484152121946467e+00 3.990004083781097804e-02 -1.848953585840543212e+01 4.808670250137094371e+00
4.900000000000000000e+02 4.950000000000000000e+02 1.061484152121946467e+00 1.230888808167300175e+00 3.388093120907074290e-02 -1.554017214032271710e+01 5.730932400723116160e+00
4.950000000000000000e+02 5.000000000000000000e+02 1.230888808167300175e+00 1.337724806989767590e+00 2.136719976449348232e-02 -9.345875075256973474e+00 6.421534037892668856e+00
5.000000000000000000e+02 5.050000000000000000e+02 1.337724806989767590e+00 1.463697117098633704e+00 2.519446202177322292e-02 -1.125950620389684431e+01 7.003554810221003457e+00
5.050000000000000000e+02 5.100000000000000000e+02 1.463697117098633704e+00 1.599562710837303614e+00 2.717311874773398195e-02 -1.225872785050702696e+01 7.658149569839842741e+00
5.100000000000000000e+02 5.150000000000000000e+02 1.599562710837303614e+00 1.706773167230528854e+00 2.144209127864504794e-02 -9.335903841271671055e+00 8.265839695169582058e+00
5.150000000000000000e+02 5.200000000000000000e+02 1.706773167230528854e+00 1.744793633477802253e+00 7.604093249454680140e-03 -2.209334856238631239e+00 8.628917001770828321e+00
5.200000000000000000e+02 5.250000000000000000e+02 1.744793633477802253e+00 1.911655542406718089e+00 3.337238178578316727e-02 -1.560884489512944562e+01 9.141122939711301854e+00
5.250000000000000000e+02 5.300000000000000000e+02 1.911655542406718089e+00 1.928933589692180650e+00 3.455609457092512389e-03 9.746057743314917587e-02 9.601472830247246293e+00
5.300000000000000000e+02 5.350000000000000000e+02 1.928933589692180650e+00 1.900295961548891244e+00 -5.727525628657881632e-03 4.964522172880857731e+00 9.573073878102679402e+00
5.350000000000000000e+02 5.400000000000000000e+02 1.900295961548891244e+00 1.802999999999997272e+00 -1.945919230977879305e-02 1.231096384728054538e+01 9.258239903872221177e+00
5.400000000000000000e+02 5.450000000000000000e+02 1.802999999999997272e+00 1.859048033636896635e+00 1.120960672737987204e-02 -4.250187632785134006e+00 9.155120084092233768e+00
5.450000000000000000e+02 5.500000000000000000e+02 1.859048033636896635e+00 1.792398735991910685e+00 -1.332985952899718926e-02 9.123821476940365827e+00 9.128616924072018080e+00
5.500000000000000000e+02 5.550000000000000000e+02 1.792398735991910685e+00 1.739828669107333914e+00 -1.051401337691535397e-02 7.575106093295355336e+00 8.830568512748111942e+00
5.550000000000000000e+02 5.600000000000000000e+02 1.739828669107333914e+00 1.589768824227710153e+00 -3.001196897592475071e-02 1.839647145074557244e+01 8.323993733337610834e+00
5.600000000000000000e+02 5.650000000000000000e+02 1.589768824227710153e+00 1.490370378767476911e+00 -1.987968909204664708e-02 1.272239471577383263e+01 7.700348007487967550e+00
5.650000000000000000e+02 5.700000000000000000e+02 1.490370378767476911e+00 1.384228405064720224e+00 -2.122839474055133666e-02 1.348441340717898207e+01 7.186496959580493282e+00
5.700000000000000000e+02 5.750000000000000000e+02 1.384228405064720224e+00 1.308481378697194719e+00 -1.514940527350510172e-02 1.001938941096262781e+01 6.731774459404786803e+00
5.750000000000000000e+02 5.800000000000000000e+02 1.308481378697194719e+00 1.171006640197479243e+00 -2.749494769994309529e-02 1.711807630616447540e+01 6.198720047236685460e+00
5.800000000000000000e+02 5.850000000000000000e+02 1.171006640197479243e+00 1.030048360455682710e+00 -2.819165594835930724e-02 1.752216709024587971e+01 5.502637501632905881e+00
5.850000000000000000e+02 5.900000000000000000e+02 1.030048360455682710e+00 8.380211978341028933e-01 -3.840543252431596194e-02 2.349722638718051826e+01 4.670173895724464508e+00
5.900000000000000000e+02 5.950000000000000000e+02 8.380211978341028933e-01 7.279335216784863505e-01 -2.201753523112330926e-02 1.382836698419685462e+01 3.914886798781473054e+00
5.950000000000000000e+02 6.000000000000000000e+02 7.279335216784863505e-01 5.772962522682367759e-01 -3.012745388204991423e-02 1.865376858149818418e+01 3.263074434866807927e+00
6.000000000000000000e+02 6.050000000000000000e+02 5.772962522682367759e-01 4.425423632938156326e-01 -2.695077779488423003e-02 1.674776292919877463e+01 2.549596538905131382e+00
6.050000000000000000e+02 6.100000000000000000e+02 4.425423632938156326e-01 3.371225721807927789e-01 -2.108395822260457006e-02 1.319833708796958049e+01 1.949162338686520890e+00
6.100000000000000000e+02 6.150000000000000000e+02 3.371225721807927789e-01 2.684421275179604272e-01 -1.373608893256647069e-02 8.716136821046340799e+00 1.513911749246882987e+00
6.150000000000000000e+02 6.200000000000000000e+02 2.684421275179604272e-01 2.231221126794255272e-01 -9.064002967706980343e-03 5.842803952657753541e+00 1.228910600493464900e+00
6.200000000000000000e+02 6.250000000000000000e+02 2.231221126794255272e-01 1.899740923943440407e-01 -6.629604057016296945e-03 4.333476628029529820e+00 1.032740512684423795e+00
6.250000000000000000e+02 6.300000000000000000e+02 1.899740923943440407e-01 1.760738824678921566e-01 -2.780041985290376653e-03 1.927500333200829585e+00 9.151199371555904793e-01
6.300000000000000000e+02 6.350000000000000000e+02 1.760738824678921566e-01 1.641983030571753654e-01 -2.375115882143358052e-03 1.672396888218207867e+00 8.506804638126688189e-01
6.350000000000000000e+02 6.400000000000000000e+02 1.641983030571753654e-01 1.552097618269885904e-01 -1.797708246037355061e-03 1.305743039290895746e+00 7.985201622104098895e-01
6.400000000000000000e+02 6.450000000000000000e+02 1.552097618269885904e-01 1.439673593311730504e-01 -2.248480499163108166e-03 1.594237281291377872e+00 7.479428028954040464e-01
6.450000000000000000e+02 6.500000000000000000e+02 1.439673593311730504e-01 1.304003718420712332e-01 -2.713397497820363262e-03 1.894108745425307383e+00 6.859193279331108339e-01
6.500000000000000000e+02 6.550000000000000000e+02 1.304003718420712332e-01 1.260662068957818238e-01 -8.668329892578818807e-04 6.938418148596945390e-01 6.411664468446326426e-01
6.550000000000000000e+02 6.600000000000000000e+02 1.260662068957818238e-01 1.362177361034324630e-01 2.030305841530127744e-03 -1.203784119306451794e+00 6.557098574980357863e-01
6.600000000000000000e+02 6.650000000000000000e+02 1.362177361034324630e-01 1.487043985556043835e-01 2.497332490434384187e-03 -1.512021707583260932e+00 7.123053366475919912e-01
6.650000000000000000e+02 6.700000000000000000e+02 1.487043985556043835e-01 1.628021444184210298e-01 2.819549172563329265e-03 -1.726295801199009494e+00 7.787663574350635054e-01
6.700000000000000000e+02 6.750000000000000000e+02 1.628021444184210298e-01 1.834378684384235791e-01 4.127144804000509523e-03 -2.602384874261920444e+00 8.656000321421114529e-01
6.750000000000000000e+02 6.800000000000000000e+02 1.834378684384235791e-01 2.016957996971644462e-01 3.651586251748173591e-03 -2.281382851491593478e+00 9.628341703389700079e-01
6.800000000000000000e+02 6.850000000000000000e+02 2.016957996971644462e-01 2.149554463077970878e-01 2.651929322126528495e-03 -1.601616139348874812e+00 1.041628115012403821e+00
6.850000000000000000e+02 6.900000000000000000e+02 2.149554463077970878e-01 2.383646715005519057e-01 4.681845038550963220e-03 -2.992108405099612956e+00 1.133300294520872553e+00
6.900000000000000000e+02 6.950000000000000000e+02 2.383646715005519057e-01 2.470839380908966543e-01 1.743853318068949720e-03 -9.648941179670234014e-01 1.213621523978621219e+00
6.950000000000000000e+02 7.000000000000000000e+02 2.470839380908966543e-01 7.438345935990119118e-02 -3.454009574619909539e-02 2.425245048169926676e+01 8.036684936269945512e-01
7.000000000000000000e+02 7.050000000000000000e+02 7.438345935990119118e-02 4.337435355183419730e-03 -1.400920480094355360e-02 9.880826820020388368e+00 1.968022367877115264e-01
7.050000000000000000e+02 7.100000000000000000e+02 4.337435355183419730e-03 3.566107357458164740e-04 -7.961649238875207705e-04 5.656337066958855297e-01 1.173511522732309000e-02
7.100000000000000000e+02 7.150000000000000000e+02 3.566107357458164740e-04 4.959962334555260147e-05 -6.140222248005277857e-05 4.395218869658328725e-02 1.015525897728422611e-03
7.150000000000000000e+02 7.200000000000000000e+02 4.959962334555260147e-05 4.217399840254020847e-06 -9.076444701059716125e-06 6.539257584603249199e-03 1.345425579645165499e-04
7.200000000000000000e+02 7.250000000000000000e+02 4.217399840254020847e-06 2.448596589103944029e-06 -3.537606502300153848e-07 2.589250680058651183e-04 1.666499107339490944e-05
7.250000000000000000e+02 7.300000000000000000e+02 2.448596589103944029e-06 6.839598415566205515e-07 -3.529273495094646849e-07 2.583209249834658326e-04 7.831391076651411027e-06
7.300000000000000000e+02 7.350000000000000000e+02 6.839598415566205515e-07 3.437884377290051841e-07 -6.803428076552306818e-08 5.034898480038846048e-05 2.569370698214064418e-06
7.350000000000000000e+02 7.400000000000000000e+02 3.437884377290051841e-07 4.146795929413939699e-09 -6.792832835991824541e-08 5.027110978226891498e-05 8.698380841460478529e-07
7.400000000000000000e+02 7.450000000000000000e+02 4.146795929413939699e-09 -3.143165241049286990e-06 -6.294624073957401153e-07 4.658063282687771025e-04 -7.847546112799682344e-06
7.450000000000000000e+02 7.500000000000000000e+02 -3.143165241049286990e-06 2.770360575839848845e-06 1.182705163377826998e-06 -8.842585119575303680e-04 -9.320116630235953632e-07
7.500000000000000000e+02 7.550000000000000000e+02 2.770360575839848845e-06 -3.673709714032412093e-06 -1.288814057974452230e-06 9.693809040566790658e-04 -2.258372845481408121e-06
7.550000000000000000e+02 7.600000000000000000e+02 -3.673709714032412093e-06 3.734726755835340577e-07 8.094364779231891561e-07 -6.147982505460401368e-04 -8.250592596122194745e-06
7.600000000000000000e+02 7.650000000000000000e+02 3.734726755835340577e-07 3.726341898895760480e-07 -1.676971387916019351e-10 5.009225010651515853e-07 1.865267163682775211e-06
7.650000000000000000e+02 7.700000000000000000e+02 3.726341898895760480e-07 -7.562347442845729935e-07 -2.257737868348298083e-07 1.730895811185343921e-04 -9.590013859874922843e-07
7.700000000000000000e+02 7.750000000000000000e+02 -7.562347442845729935e-07 7.200100067945075559e-07 2.952489502158161099e-07 -2.280979264104629858e-04 -9.056184372516359396e-08
7.750000000000000000e+02 7.800000000000000000e+02 7.200100067945075559e-07 7.309579530663720340e-07 2.189589254372895533e-09 -9.769216653444866521e-07 3.627419899652198922e-06
7.800000000000000000e+02 7.850000000000000000e+02 7.309579530663720340e-07 3.497237976320166448e-07 -7.624683108687108050e-08 6.020348620082581519e-05 2.701704376745971432e-06
7.850000000000000000e+02 7.900000000000000000e+02 3.497237976320166448e-07 3.422024365877874785e-07 -1.504272208845833173e-09 1.530577481575995698e-06 1.729815585549510546e-06
7.900000000000000000e+02 7.950000000000000000e+02 3.422024365877874785e-07 1.041309018714569259e-06 1.398213164253563350e-07 -1.101166375394437236e-04 3.458778638255892083e-06
7.950000000000000000e+02 8.000000000000000000e+02 1.041309018714569259e-06 -9.896564131615103305e-07 -4.061930863752159392e-07 3.239648126870112101e-04 1.291315138826473225e-07
8.000000000000000000e+02 8.050000000000000000e+02 -9.896564131615103305e-07 8.965653034617583988e-09 1.997244132392255945e-07 -1.607691870045419838e-04 -2.451726900317231549e-06
8.050000000000000000e+02 8.100000000000000000e+02 8.965653034617583988e-09 3.564111122548823355e-06 7.110290939028412221e-07 -5.723694549387525581e-04 8.932691938958602665e-06
8.100000000000000000e+02 8.150000000000000000e+02 3.564111122548823355e-06 -1.940641840789077943e-06 -1.100950592667580387e-06 8.953340911832890180e-04 4.058673204399363741e-06
8.150000000000000000e+02 8.200000000000000000e+02 -1.940641840789077943e-06 -8.994243780509985194e-07 2.082434925476158848e-07 -1.716590882670960020e-04 -7.100165547100191157e-06
8.200000000000000000e+02 8.250000000000000000e+02 -8.994243780509985194e-07 -5.914561836214631512e-07 6.159363888590707365e-08 -5.140620826449479721e-05 -3.727201404181154176e-06
8.250000000000000000e+02 8.300000000000000000e+02 -5.914561836214631512e-07 5.795777787594078046e-07 2.342067924761741964e-07 -1.938120599764651670e-04 -2.969601215513836632e-08
8.300000000000000000e+02 8.350000000000000000e+02 5.795777787594078046e-07 -1.353326372609810337e-06 -3.865808302738436918e-07 3.214416669060496455e-04 -1.934371484626006436e-06
8.350000000000000000e+02 8.400000000000000000e+02 -1.353326372609810337e-06 -1.494277590537173740e-06 -2.819024358547268139e-08 2.218552702125987659e-05 -7.119009907867460403e-06
8.400000000000000000e+02 8.450000000000000000e+02 -1.494277590537173740e-06 -2.242735825942567226e-06 -1.496916470810786865e-07 1.242467059575689354e-04 -9.342533541199352944e-06
8.450000000000000000e+02 8.500000000000000000e+02 -2.242735825942567226e-06 -2.946248721200468427e-06 -1.407025790515802508e-07 1.166509434726427472e-04 -1.297246136785758955e-05
8.500000000000000000e+02 8.550000000000000000e+02 -2.946248721200468427e-06 -1.178006862271423129e-06 3.536483717858090490e-07 -3.035473647391381835e-04 -1.031063895867972794e-05
8.550000000000000000e+02 8.600000000000000000e+02 -1.178006862271423129e-06 1.892336019798040536e-06 6.140685764138928177e-07 -5.262066396961497666e-04 1.785822893816543412e-06
8.600000000000000000e+02 8.650000000000000000e+02 1.892336019798040536e-06 9.804577443070996317e-07 -1.823756550981881756e-07 1.587353994042398693e-04 7.181984410262850420e-06
8.650000000000000000e+02 8.700000000000000000e+02 9.804577443070996317e-07 -1.615273842981482697e-06 -5.191463174577165080e-07 4.500420223452318374e-04 -1.587040246685957663e-06
8.700000000000000000e+02 8.750000000000000000e+02 -1.615273842981482697e-06 6.550600813223863077e-06 1.633174931241069282e-06 -1.422477464022711647e-03 1.233831742560595137e-05
8.750000000000000000e+02 8.800000000000000000e+02 6.550600813223863077e-06 2.823383456237846068e-06 -7.454434713972034229e-07 6.588136382857769438e-04 2.343496067365427371e-05
8.800000000000000000e+02 8.850000000000000000e+02 2.823383456237846068e-06 1.339705904448939118e-05 2.114735117650309192e-06 -1.858143520076034139e-03 4.055110625181809270e-05
8.850000000000000000e+02 8.900000000000000000e+02 1.339705904448939118e-05 -4.832244817500578182e-06 -3.645860772397994212e-06 3.239983842616714349e-03 2.141203556747203038e-05
8.900000000000000000e+02 8.950000000000000000e+02 -4.832244817500578182e-06 2.198392809379171817e-06 1.406127525375949830e-06 -1.256285742402095959e-03 -6.584630020303516126e-06
8.950000000000000000e+02 9.000000000000000000e+02 2.198392809379171817e-06 -1.594535513047165792e-05 -3.628749587970166202e-06 3.249929274042677799e-03 -3.436740580273121252e-05
9.000000000000000000e+02 9.050000000000000000e+02 -1.594535513047165792e-05 -6.167461544571411259e-07 3.065721795202903042e-06 -2.775094970813084087e-03 -4.140525321232200117e-05
9.050000000000000000e+02 9.100000000000000000e+02 -6.167461544571411259e-07 1.092666761308826472e-06 3.418825831531935195e-07 -3.100204839080972848e-04 1.189801517129213312e-06
9.100000000000000000e+02 9.150000000000000000e+02 1.092666761308826472e-06 -2.450921597370494754e-06 -7.087176717358642452e-07 6.460257480409453169e-04 -3.395637090154170812e-06
9.150000000000000000e+02 9.200000000000000000e+02 -2.450921597370494754e-06 8.976415848456977702e-06 2.285467489165494661e-06 -2.093653674183797771e-03 1.631373562771620695e-05
9.200000000000000000e+02 9.250000000000000000e+02 8.976415848456977702e-06 8.694812113848248820e-07 -1.621386927414430734e-06 1.500652389069733351e-03 2.461474264960450371e-05
9.250000000000000000e+02 9.300000000000000000e+02 8.694812113848248820e-07 6.687731411841743287e-06 1.163650040091383639e-06 -1.075506805873145070e-03 1.889303155806642233e-05
9.300000000000000000e+02 9.350000000000000000e+02 6.687731411841743287e-06 -3.315513590513313951e-07 -1.403856554178615074e-06 1.312274326797953708e-03 1.589045013197603034e-05
9.350000000000000000e+02 9.400000000000000000e+02 -3.315513590513313951e-07 2.425277718680639839e-06 5.513658155463941728e-07 -5.158585888949298974e-04 5.234315899073271932e-06
9.400000000000000000e+02 9.450000000000000000e+02 2.425277718680639839e-06 1.840489770273264421e-06 -1.169575896814750891e-07 1.123654120192672275e-04 1.066441872238476118e-05
9.450000000000000000e+02 9.500000000000000000e+02 1.840489770273264421e-06 -2.908907003827363678e-07 -4.262760941312001577e-07 4.046713987242574434e-04 3.873997674726320079e-06
