#trapazoidal
# startwidth 		endwidth 		startheight		endheight 		slope 			y-intercept 			area
3.750000000000000000e+02 3.800000000000000000e+02 -8.890740216061005476e-07 6.570983720272571479e-07 3.092344787266715391e-07 -1.168520035441079311e-04 -5.799391239471084990e-07
3.800000000000000000e+02 3.850000000000000000e+02 6.570983720272571479e-07 -7.542690998279514698e-07 -2.822734943710416918e-07 1.079210262330231040e-04 -2.429268195017358045e-07
3.850000000000000000e+02 3.900000000000000000e+02 -7.542690998279514698e-07 -7.028589154806602552e-06 -1.254864010995730153e-06 4.823683751335281367e-04 -1.945714563658638860e-05
3.900000000000000000e+02 3.950000000000000000e+02 -7.028589154806602552e-06 -3.054628097932210695e-06 7.947922113748783713e-07 -3.169975515910092106e-04 -2.520804313184703523e-05
3.950000000000000000e+02 4.000000000000000000e+02 -3.054628097932210695e-06 1.538522205387257567e-08 6.140026639972166442e-07 -2.455856803768327688e-04 -7.598107189695845899e-06
4.000000000000000000e+02 4.050000000000000000e+02 1.538522205387257567e-08 -1.060050367459159404e-05 -2.123177779329093291e-06 8.492864969536911834e-04 -2.646279613134430595e-05
4.050000000000000000e+02 4.100000000000000000e+02 -1.060050367459159404e-05 1.838826489322254118e-05 5.797753713562827044e-06 -2.358690757667536442e-03 1.946940304657736787e-05
4.100000000000000000e+02 4.150000000000000000e+02 1.838826489322254118e-05 1.596235493475032979e-05 -4.851819916944423212e-07 2.173128814879438857e-04 8.587654956993218082e-05
4.150000000000000000e+02 4.200000000000000000e+02 1.596235493475032979e-05 -3.189103080943151114e-06 -3.830291603138696265e-06 1.605533370237309260e-03 3.193312963451794436e-05
4.200000000000000000e+02 4.250000000000000000e+02 -3.189103080943151114e-06 -3.361333026857714009e-05 -6.084845437526797881e-06 2.552445980680311671e-03 -9.200608337380072866e-05
4.250000000000000000e+02 4.300000000000000000e+02 -3.361333026857714009e-05 5.163826868164348512e-05 1.705031979004412369e-05 -7.279999241037329524e-03 4.506234603266586256e-05
4.300000000000000000e+02 4.350000000000000000e+02 5.163826868164348512e-05 9.358818821805263356e-05 8.389983907281829350e-06 -3.556054811449543308e-03 3.630661422492402696e-04
4.350000000000000000e+02 4.400000000000000000e+02 9.358818821805263356e-05 1.122517657416284998e-03 2.057858938396464729e-04 -8.942327563202816243e-02 3.040264614085843795e-03
4.400000000000000000e+02 4.450000000000000000e+02 1.122517657416284998e-03 1.180924417736883697e-01 2.339398482325441564e-02 -1.029223080457452610e+01 2.980373985777616808e-01
4.450000000000000000e+02 4.500000000000000000e+02 1.180924417736883697e-01 1.601952314784313769e+00 2.967719746021250660e-01 -1.319454362561719734e+02 4.300111891395005159e+00
4.500000000000000000e+02 4.550000000000000000e+02 1.601952314784313769e+00 1.764433766984259133e+00 3.249629043998907008e-02 -1.302137838321076657e+01 8.415965204421432588e+00
4.550000000000000000e+02 4.600000000000000000e+02 1.764433766984259133e+00 1.819102453986956247e+00 1.093373740053942347e-02 -3.210416750261178009e+00 8.958840552428037896e+00
4.600000000000000000e+02 4.650000000000000000e+02 1.819102453986956247e+00 1.846742300131967385e+00 5.527969229002227536e-03 -7.237633913540684194e-01 9.164611885297308191e+00
4.650000000000000000e+02 4.700000000000000000e+02 1.846742300131967385e+00 1.790744866912271194e+00 -1.119948664393923855e-02 7.054503589563712929e+00 9.093717917610597112e+00
4.700000000000000000e+02 4.750000000000000000e+02 1.790744866912271194e+00 1.928316200800324953e+00 2.751426677761075260e-02 -1.114096051856478375e+01 9.297652669281490034e+00
4.750000000000000000e+02 4.800000000000000000e+02 1.928316200800324953e+00 2.001178001059363609e+00 1.457236005180773120e-02 -4.993554823808347365e+00 9.823735504649221184e+00
4.800000000000000000e+02 4.850000000000000000e+02 2.001178001059363609e+00 1.867676860644742254e+00 -2.670022808292427108e-02 1.481728748086301373e+01 9.672137154260266101e+00
4.850000000000000000e+02 4.900000000000000000e+02 1.867676860644742254e+00 1.978938524589108905e+00 2.225233278887333091e-02 -8.924704541958822901e+00 9.616538463084626898e+00
4.900000000000000000e+02 4.950000000000000000e+02 1.978938524589108905e+00 1.985090145913528836e+00 1.230324264883986361e-03 1.376079634795955631e+00 9.910071676256594131e+00
4.950000000000000000e+02 5.000000000000000000e+02 1.985090145913528836e+00 1.915500000000001535e+00 -1.391802918270546030e-02 8.874514591352731685e+00 9.751475364783825484e+00
5.000000000000000000e+02 5.050000000000000000e+02 1.915500000000001535e+00 1.911991883713107132e+00 -7.016232573788805382e-04 2.266311628689441804e+00 9.568729709282772333e+00
5.050000000000000000e+02 5.100000000000000000e+02 1.911991883713107132e+00 1.890566706748597392e+00 -4.285035392901948362e-03 4.075934757128591102e+00 9.506396476154261421e+00
5.100000000000000000e+02 5.150000000000000000e+02 1.890566706748597392e+00 1.880116932137741115e+00 -2.089954922171255360e-03 2.956443717055937448e+00 9.426709097215846711e+00
5.150000000000000000e+02 5.200000000000000000e+02 1.880116932137741115e+00 1.808450982527830098e+00 -1.433318992198220378e-02 9.261709741958576103e+00 9.221419786663927809e+00
5.200000000000000000e+02 5.250000000000000000e+02 1.808450982527830098e+00 1.892529668016436739e+00 1.681573709772132830e-02 -6.935732308287260395e+00 9.252451626360667092e+00
5.250000000000000000e+02 5.300000000000000000e+02 1.892529668016436739e+00 1.888630405764430309e+00 -7.798524504012860781e-04 2.301952204477111685e+00 9.452900184452166954e+00
5.300000000000000000e+02 5.350000000000000000e+02 1.888630405764430309e+00 1.851889233187006489e+00 -7.348234515484763744e-03 5.783194698971355407e+00 9.351299097378591441e+00
5.350000000000000000e+02 5.400000000000000000e+02 1.851889233187006489e+00 1.743637598133560340e+00 -2.165032701068923121e-02 1.343481418390574511e+01 8.988817078301416075e+00
5.400000000000000000e+02 5.450000000000000000e+02 1.743637598133560340e+00 1.845161656135900108e+00 2.030481160046795214e-02 -9.220960666119133009e+00 8.971998135673651120e+00
5.450000000000000000e+02 5.500000000000000000e+02 1.845161656135900108e+00 1.795795343831641411e+00 -9.873262460851739419e-03 7.226089697300097647e+00 9.102392499918854796e+00
5.500000000000000000e+02 5.550000000000000000e+02 1.795795343831641411e+00 1.767309249008462979e+00 -5.697218964635685987e-03 4.929265774381268450e+00 8.907761482100260864e+00
5.550000000000000000e+02 5.600000000000000000e+02 1.767309249008462979e+00 1.680802907932526846e+00 -1.730126821518722727e-02 1.136951310843737417e+01 8.620280392352475118e+00
5.600000000000000000e+02 5.650000000000000000e+02 1.680802907932526846e+00 1.628929458211121339e+00 -1.037468994428110067e-02 7.490629276729944053e+00 8.274330915359120908e+00
5.650000000000000000e+02 5.700000000000000000e+02 1.628929458211121339e+00 1.584907093212871709e+00 -8.804472999649926024e-03 6.603456703013328877e+00 8.034591378559984065e+00
5.700000000000000000e+02 5.750000000000000000e+02 1.584907093212871709e+00 1.609276646327127080e+00 4.873910622851074063e-03 -1.193221961812240606e+00 7.985459348849996530e+00
5.750000000000000000e+02 5.800000000000000000e+02 1.609276646327127080e+00 1.585890161598434656e+00 -4.677296945738484979e-03 4.298722390126755499e+00 7.987917019813903785e+00
5.800000000000000000e+02 5.850000000000000000e+02 1.585890161598434656e+00 1.529049227347352380e+00 -1.136818685021645514e-02 8.179438534723978194e+00 7.787348472364468144e+00
5.850000000000000000e+02 5.900000000000000000e+02 1.529049227347352380e+00 1.376460213569638880e+00 -3.051780275554270144e-02 1.938196383933983213e+01 7.263773602292477705e+00
5.900000000000000000e+02 5.950000000000000000e+02 1.376460213569638880e+00 1.430748020157462053e+00 1.085756131756463426e-02 -5.029500963793495316e+00 7.018020584317752331e+00
5.950000000000000000e+02 6.000000000000000000e+02 1.430748020157462053e+00 1.416724699011692179e+00 -2.804664229153974557e-03 3.099523236504077239e+00 7.118681797922885579e+00
6.000000000000000000e+02 6.050000000000000000e+02 1.416724699011692179e+00 1.348739436508475942e+00 -1.359705250064324744e-02 9.574956199397639978e+00 6.913660338800420746e+00
6.050000000000000000e+02 6.100000000000000000e+02 1.348739436508475942e+00 1.276962298885799152e+00 -1.435542752453535832e-02 1.003377308885236729e+01 6.564254338485687512e+00
6.100000000000000000e+02 6.150000000000000000e+02 1.276962298885799152e+00 1.257867975699807461e+00 -3.818864637198338303e-03 3.606469727576785189e+00 6.337075686464016755e+00
6.150000000000000000e+02 6.200000000000000000e+02 1.257867975699807461e+00 1.227315001514440507e+00 -6.110594837073391079e-03 5.015883800499942424e+00 6.212957443035620031e+00
6.200000000000000000e+02 6.250000000000000000e+02 1.227315001514440507e+00 1.156708659232353220e+00 -1.412126845641745697e-02 9.982501444493262710e+00 5.960059151866984095e+00
6.250000000000000000e+02 6.300000000000000000e+02 1.156708659232353220e+00 1.142918642428041309e+00 -2.758003360862382267e-03 2.880460759771342083e+00 5.749068254150985879e+00
6.300000000000000000e+02 6.350000000000000000e+02 1.142918642428041309e+00 1.095454568119064165e+00 -9.492814861795428882e-03 7.123392005359161061e+00 5.595933026367763574e+00
6.350000000000000000e+02 6.400000000000000000e+02 1.095454568119064165e+00 1.073796452052753647e+00 -4.331623213262103880e-03 3.846035308540499909e+00 5.423127550429544641e+00
6.400000000000000000e+02 6.450000000000000000e+02 1.073796452052753647e+00 1.055820893602723798e+00 -3.595111690005969689e-03 3.374667933656573915e+00 5.324043364138693057e+00
6.450000000000000000e+02 6.500000000000000000e+02 1.055820893602723798e+00 9.718113116719242495e-01 -1.680191638615990968e-02 1.189305696267586576e+01 5.069080513186619896e+00
6.500000000000000000e+02 6.550000000000000000e+02 9.718113116719242495e-01 9.115153484376794513e-01 -1.205919264684895964e-02 8.810286532123749126e+00 4.708316650274008808e+00
6.550000000000000000e+02 6.600000000000000000e+02 9.115153484376794513e-01 9.192185754241073425e-01 1.540645397285578342e-03 -9.760738678437430593e-02 4.576834809654466873e+00
6.600000000000000000e+02 6.650000000000000000e+02 9.192185754241073425e-01 8.928097512184693940e-01 -5.281764841127589878e-03 4.405183370568316548e+00 4.530070816606441397e+00
6.650000000000000000e+02 6.700000000000000000e+02 8.928097512184693940e-01 8.431138283088531749e-01 -9.939184581923244180e-03 7.502367498197426876e+00 4.339808948818307144e+00
6.700000000000000000e+02 6.750000000000000000e+02 8.431138283088531749e-01 8.034744309926350470e-01 -7.927879463243626273e-03 6.154793068682082868e+00 4.116470648253720555e+00
6.750000000000000000e+02 6.800000000000000000e+02 8.034744309926350470e-01 7.817603029837528750e-01 -4.342825601776434050e-03 3.734881712191727932e+00 3.963086834940969805e+00
6.800000000000000000e+02 6.850000000000000000e+02 7.817603029837528750e-01 7.530856310707697565e-01 -5.734934382596623345e-03 4.681515683149456208e+00 3.837114835136306468e+00
6.850000000000000000e+02 6.900000000000000000e+02 7.530856310707697565e-01 7.285564745937487263e-01 -4.905831295404205691e-03 4.113580068422650449e+00 3.704105264161295707e+00
6.900000000000000000e+02 6.950000000000000000e+02 7.285564745937487263e-01 6.623431412717848410e-01 -1.324266666439277707e-02 9.865996473024765123e+00 3.477249039663834029e+00
6.950000000000000000e+02 7.000000000000000000e+02 6.623431412717848410e-01 1.810930814656255827e-01 -9.625001196123185443e-02 6.755610145432791569e+01 2.108590556843525921e+00
7.000000000000000000e+02 7.050000000000000000e+02 1.810930814656255827e-01 1.009472224248929816e-02 -3.419967184462725796e-02 2.412086337270470437e+01 4.779695092702872516e-01
7.050000000000000000e+02 7.100000000000000000e+02 1.009472224248929816e-02 7.937165768666841698e-04 -1.860201133124522819e-03 1.321536521095278083e+00 2.722109704838995836e-02
7.100000000000000000e+02 7.150000000000000000e+02 7.937165768666841698e-04 1.059961988877943152e-04 -1.375440755957779791e-04 9.845001024986904659e-02 2.249281939386196111e-03
7.150000000000000000e+02 7.200000000000000000e+02 1.059961988877943152e-04 8.979645423298363640e-06 -1.940331069289919031e-05 1.397936334431071695e-02 2.874396107777316784e-04
7.200000000000000000e+02 7.250000000000000000e+02 8.979645423298363640e-06 5.363065669488346925e-06 -7.233159507620033005e-07 5.297671299719407603e-04 3.585677773196677641e-05
7.250000000000000000e+02 7.300000000000000000e+02 5.363065669488346925e-06 1.500699931779713468e-06 -7.724731475417268186e-07 5.654060976372402665e-04 1.715941400317014823e-05
7.300000000000000000e+02 7.350000000000000000e+02 1.500699931779713468e-06 7.294292658785730875e-07 -1.542541331802280760e-07 1.141062171533462164e-04 5.575322994145715911e-06
7.350000000000000000e+02 7.400000000000000000e+02 7.294292658785730875e-07 8.254496490326427245e-09 -1.442349538776493327e-07 1.067421203659508377e-04 1.844209405922248818e-06
7.400000000000000000e+02 7.450000000000000000e+02 8.254496490326427245e-09 -5.849240214031697052e-06 -1.171498942104404753e-06 8.669174716537498366e-04 -1.460246429385342500e-05
7.450000000000000000e+02 7.500000000000000000e+02 -5.849240214031697052e-06 4.721673538232173825e-06 2.114182750452774175e-06 -1.580915389301348331e-03 -2.818916689498808067e-06
7.500000000000000000e+02 7.550000000000000000e+02 4.721673538232173825e-06 -5.787103983343170086e-06 -2.101755504315068613e-06 1.581038301774533635e-03 -2.663576112777490653e-06
7.550000000000000000e+02 7.600000000000000000e+02 -5.787103983343170086e-06 5.540983989695490938e-07 1.268240476462543794e-06 -9.633086637125637093e-04 -1.308251396093405153e-05
7.600000000000000000e+02 7.650000000000000000e+02 5.540983989695490938e-07 5.326286181682146438e-07 -4.293956160266890014e-09 3.817505080772385716e-06 2.716817542844409132e-06
7.650000000000000000e+02 7.700000000000000000e+02 5.326286181682146438e-07 -1.068417220806884652e-06 -3.202091677950198592e-07 2.454926419813583597e-04 -1.339471506596675022e-06
7.700000000000000000e+02 7.750000000000000000e+02 -1.068417220806884652e-06 9.921513052773995540e-07 4.121137052168568413e-07 -3.183959702377866683e-04 -1.906647888237127461e-07
7.750000000000000000e+02 7.800000000000000000e+02 9.921513052773995540e-07 9.839993402193679392e-07 -1.630393011606322876e-09 2.255705889272299847e-06 4.940376613741918627e-06
7.800000000000000000e+02 7.850000000000000000e+02 9.839993402193679392e-07 4.546459046060746552e-07 -1.058706871226586542e-07 8.356313529589312703e-05 3.596613112063606380e-06
7.850000000000000000e+02 7.900000000000000000e+02 4.546459046060746552e-07 4.210619711345671609e-07 -6.716786694301498691e-09 5.727323459632750410e-06 2.189269689351604646e-06
7.900000000000000000e+02 7.950000000000000000e+02 4.210619711345671609e-07 1.219540961460927344e-06 1.596957980652720260e-07 -1.257386185004303366e-04 4.101507331488736367e-06
7.950000000000000000e+02 8.000000000000000000e+02 1.219540961460927344e-06 -1.114605052511155794e-06 -4.668292027944166063e-07 3.723487571830221129e-04 2.623397723744288749e-07
8.000000000000000000e+02 8.050000000000000000e+02 -1.114605052511155794e-06 9.833065957793253802e-09 2.248876236937897886e-07 -1.810247040075429700e-04 -2.761929966383406332e-06
8.050000000000000000e+02 8.100000000000000000e+02 9.833065957793253802e-09 3.843046852212906397e-06 7.666427572510226443e-07 -6.171375865211154452e-04 9.632199795426747981e-06
8.100000000000000000e+02 8.150000000000000000e+02 3.843046852212906397e-06 -2.025046924020297507e-06 -1.173618755246640781e-06 9.544742386019918661e-04 4.544999820481522438e-06
8.150000000000000000e+02 8.200000000000000000e+02 -2.025046924020297507e-06 -8.825074515426987182e-07 2.285078944955197631e-07 -1.882589809378689230e-04 -7.268885938907490351e-06
8.200000000000000000e+02 8.250000000000000000e+02 -8.825074515426987182e-07 -5.546549638590831133e-07 6.557049753672311569e-08 -5.465031543165565581e-05 -3.592906038504454314e-06
8.250000000000000000e+02 8.300000000000000000e+02 -5.546549638590831133e-07 5.384613325514685625e-07 2.186232592821103563e-07 -1.809188438716001393e-04 -4.048407826903637698e-08
8.300000000000000000e+02 8.350000000000000000e+02 5.384613325514685625e-07 -1.295676140406989160e-06 -3.668274945916915550e-07 3.050052818436554676e-04 -1.893037019638801387e-06
8.350000000000000000e+02 8.400000000000000000e+02 -1.295676140406989160e-06 -1.433993176670004939e-06 -2.766340725260315648e-08 2.180326891551664616e-05 -6.824173292692485775e-06
8.400000000000000000e+02 8.450000000000000000e+02 -1.433993176670004939e-06 -2.118955601035220630e-06 -1.369924848730431276e-07 1.136396941166862348e-04 -8.882371944263065298e-06
8.450000000000000000e+02 8.500000000000000000e+02 -2.118955601035220630e-06 -2.750990635947681233e-06 -1.264070069824921207e-07 1.046949652991706315e-04 -1.217486559245725445e-05
8.500000000000000000e+02 8.550000000000000000e+02 -2.750990635947681233e-06 -1.057572790318836141e-06 3.386835691257690290e-07 -2.906320243928513236e-04 -9.521408565666293541e-06
8.550000000000000000e+02 8.600000000000000000e+02 -1.057572790318836141e-06 1.681799304952065193e-06 5.478744190541801821e-07 -4.694902010816429062e-04 1.560566286583072736e-06
8.600000000000000000e+02 8.650000000000000000e+02 1.681799304952065193e-06 8.773787669336810388e-07 -1.608841076036768255e-07 1.400421318441141295e-04 6.397945179714365421e-06
8.650000000000000000e+02 8.700000000000000000e+02 8.773787669336810388e-07 -1.469341431663165709e-06 -4.693440397193693389e-07 4.068599731241881933e-04 -1.479906661823711728e-06
8.700000000000000000e+02 8.750000000000000000e+02 -1.469341431663165709e-06 6.012926706093121696e-06 1.496453627551257523e-06 -1.303383997401257261e-03 1.135896318607488965e-05
8.750000000000000000e+02 8.800000000000000000e+02 6.012926706093121696e-06 2.565861372795106362e-06 -6.894130666596030669e-07 6.092493600332458048e-04 2.144697019722056739e-05
8.800000000000000000e+02 8.850000000000000000e+02 2.565861372795106362e-06 1.216001770147572609e-05 1.918831265736124114e-06 -1.686005652474994142e-03 3.681469768567707752e-05
8.850000000000000000e+02 8.900000000000000000e+02 1.216001770147572609e-05 -4.210070372479512371e-06 -3.274017614791047522e-06 2.909665606791552415e-03 1.987486832249053641e-05
8.900000000000000000e+02 8.950000000000000000e+02 -4.210070372479512371e-06 1.868605430506121873e-06 1.215735160597127018e-06 -1.086214363303922379e-03 -5.853662354933476031e-06
8.950000000000000000e+02 9.000000000000000000e+02 1.868605430506121873e-06 -1.346460899685199638e-05 -3.066642885471623736e-06 2.746513987927609417e-03 -2.899000891586468818e-05
9.000000000000000000e+02 9.050000000000000000e+02 -1.346460899685199638e-05 -5.304055058218841116e-07 2.586840698206022539e-06 -2.341621237382272153e-03 -3.498753625668469679e-05
9.050000000000000000e+02 9.100000000000000000e+02 -5.304055058218841116e-07 9.704655976776184136e-07 3.001742206999004944e-07 -2.721880752392318134e-04 1.100150229639335649e-06
9.100000000000000000e+02 9.150000000000000000e+02 9.704655976776184136e-07 -2.206847645293323405e-06 -6.354626485941883426e-07 5.792414758183890089e-04 -3.090955119039262585e-06
9.150000000000000000e+02 9.200000000000000000e+02 -2.206847645293323405e-06 8.005424233012438430e-06 2.042454375661152537e-06 -1.871052601375247995e-03 1.449644146929778566e-05
9.200000000000000000e+02 9.250000000000000000e+02 8.005424233012438430e-06 7.753807827788222078e-07 -1.446008690046723160e-06 1.338333419075997573e-03 2.195201253947814916e-05
9.250000000000000000e+02 9.300000000000000000e+02 7.753807827788222078e-07 5.914083933151150384e-06 1.027740630074465551e-06 -9.498847020361019010e-04 1.672366178982493201e-05
9.300000000000000000e+02 9.350000000000000000e+02 5.914083933151150384e-06 -2.927247853782016238e-07 -1.241361743705870370e-06 1.160380505579610647e-03 1.405339786943237283e-05
9.350000000000000000e+02 9.400000000000000000e+02 -2.927247853782016238e-07 2.141319821062787957e-06 4.868089212881978844e-07 -4.554590661898432293e-04 4.621487589211465490e-06
9.400000000000000000e+02 9.450000000000000000e+02 2.141319821062787957e-06 1.646767937118120123e-06 -9.891037678893357206e-08 9.511707400266034072e-05 9.470219395452269566e-06
9.450000000000000000e+02 9.500000000000000000e+02 1.646767937118120123e-06 -2.546730025813526203e-07 -3.802881879398945593e-07 3.610191055403184760e-04 3.480237336341918890e-06
