#trapazoidal
# startwidth 		endwidth 		startheight		endheight 		slope 			y-intercept 			area
3.750000000000000000e+02 3.800000000000000000e+02 -3.648422611680923907e-07 2.673936465353092634e-07 1.264471815406803361e-07 -4.778253533892321973e-05 -2.436215365819578182e-07
3.800000000000000000e+02 3.850000000000000000e+02 2.673936465353092634e-07 -2.869878078660470271e-07 -1.108762908802712607e-07 4.240038418103838914e-05 -4.898540332684440912e-08
3.850000000000000000e+02 3.900000000000000000e+02 -2.869878078660470271e-07 -2.384917291932586204e-06 -4.195858968133078565e-07 1.612535824652574590e-04 -6.679762749496582653e-06
3.900000000000000000e+02 3.950000000000000000e+02 -2.384917291932586204e-06 -8.869911461828108908e-07 2.995852291499550626e-07 -1.192231566604150483e-04 -8.179771095288492524e-06
3.950000000000000000e+02 4.000000000000000000e+02 -8.869911461828108908e-07 4.006314543286468761e-09 1.781994921452194621e-07 -7.127579054354449696e-05 -2.207462079098811283e-06
4.000000000000000000e+02 4.050000000000000000e+02 4.006314543286468761e-09 -2.303225344252218310e-06 -4.614463317591009990e-07 1.845825390181836867e-04 -5.748047574272329409e-06
4.050000000000000000e+02 4.100000000000000000e+02 -2.303225344252218310e-06 3.350040857801072925e-06 1.130653240410658332e-06 -4.602177877105688257e-04 2.617038783872136747e-06
4.100000000000000000e+02 4.150000000000000000e+02 3.350040857801072925e-06 2.426437108907166469e-06 -1.847207497787813017e-07 7.908554826710140272e-05 1.444119491677059806e-05
4.150000000000000000e+02 4.200000000000000000e+02 2.426437108907166469e-06 -4.045274376995627676e-07 -5.661929093213458579e-07 2.373964944772656810e-04 5.054774178019008697e-06
4.200000000000000000e+02 4.250000000000000000e+02 -4.045274376995627676e-07 -3.549168133499444256e-06 -6.289281391599762871e-07 2.637452910094904477e-04 -9.884238927997518115e-06
4.250000000000000000e+02 4.300000000000000000e+02 -3.549168133499444256e-06 4.587315478833386115e-06 1.627296722466566116e-06 -6.951502751817900715e-04 2.595368363334854435e-06
4.300000000000000000e+02 4.350000000000000000e+02 4.587315478833386115e-06 7.081795434684538847e-06 4.988959911702305042e-07 -2.099379607243657226e-04 2.917277728379481452e-05
4.350000000000000000e+02 4.400000000000000000e+02 7.081795434684538847e-06 7.253066988598827220e-05 1.308977489026074532e-05 -5.686970281828739558e-03 1.990311633016820310e-04
4.400000000000000000e+02 4.450000000000000000e+02 7.253066988598827220e-05 6.502772075332614692e-03 1.286048281089325349e-03 -5.657887130094172434e-01 1.643825686304650757e-02
4.450000000000000000e+02 4.500000000000000000e+02 6.502772075332614692e-03 7.328396824785210484e-02 1.335623923450389786e-02 -5.937023687278902173e+00 1.994668508079618097e-01
4.500000000000000000e+02 4.550000000000000000e+02 7.328396824785210484e-02 6.855275688702297532e-02 -9.462422721658259256e-04 4.990929907224738171e-01 3.545918128371877143e-01
4.550000000000000000e+02 4.600000000000000000e+02 6.855275688702297532e-02 6.269472032395324856e-02 -1.171607312613945438e-03 6.016340841263682071e-01 3.281186930274405666e-01
4.600000000000000000e+02 4.650000000000000000e+02 6.269472032395324856e-02 5.948245674329070282e-02 -6.424527161325091495e-04 3.582229697449074712e-01 3.054429426681098958e-01
4.650000000000000000e+02 4.700000000000000000e+02 5.948245674329070282e-02 5.748466321557378633e-02 -3.995587055433833185e-04 2.452772548209639636e-01 2.924177998971612125e-01
4.700000000000000000e+02 4.750000000000000000e+02 5.748466321557378633e-02 6.487986435687236042e-02 1.479040228259714774e-03 -6.376642440664922473e-01 3.059113189311153391e-01
4.750000000000000000e+02 4.800000000000000000e+02 6.487986435687236042e-02 6.858168761902862232e-02 7.403646524312523357e-04 -2.867933455479725335e-01 3.336538799397524846e-01
4.800000000000000000e+02 4.850000000000000000e+02 6.858168761902862232e-02 6.111240002576463770e-02 -1.493857518652796836e-03 7.856332965723711315e-01 3.242352191119831639e-01
4.850000000000000000e+02 4.900000000000000000e+02 6.111240002576463770e-02 5.834988359322077628e-02 -5.525032865087723061e-04 3.290764939825192026e-01 2.986557090474635245e-01
4.900000000000000000e+02 4.950000000000000000e+02 5.834988359322077628e-02 5.547714507677477952e-02 -5.745477032891993519e-04 3.398782582049284517e-01 2.845675716749889173e-01
4.950000000000000000e+02 5.000000000000000000e+02 5.547714507677477952e-02 5.165944149218991421e-02 -7.635407169169731046e-04 4.334297999506764865e-01 2.678414664224116892e-01
5.000000000000000000e+02 5.050000000000000000e+02 5.165944149218991421e-02 4.971996818450996614e-02 -3.878946615359896264e-04 2.456067722601847358e-01 2.534485241917496801e-01
5.050000000000000000e+02 5.100000000000000000e+02 4.971996818450996614e-02 5.234350781607849390e-02 5.247079263137055527e-04 -2.152575346039113380e-01 2.551586900014711778e-01
5.100000000000000000e+02 5.150000000000000000e+02 5.234350781607849390e-02 6.563955671106201650e-02 2.659209778996704434e-03 -1.303853479472240950e+00 2.949576613178512829e-01
5.150000000000000000e+02 5.200000000000000000e+02 6.563955671106201650e-02 8.642535704022173693e-02 4.157160065831944085e-03 -2.075297877192389340e+00 3.801622843782093697e-01
5.200000000000000000e+02 5.250000000000000000e+02 8.642535704022173693e-02 1.147545335917164455e-01 5.665835310298942065e-03 -2.859809004315227998e+00 5.029497265798454908e-01
5.250000000000000000e+02 5.300000000000000000e+02 1.147545335917164455e-01 1.176506759325662288e-01 5.792284681699566779e-04 -1.893404121975107990e-01 5.810130238107067413e-01
5.300000000000000000e+02 5.350000000000000000e+02 1.176506759325662288e-01 9.257786042937435345e-02 -5.014563100638374897e-03 2.775369119270904683e+00 5.255713409048514695e-01
5.350000000000000000e+02 5.400000000000000000e+02 9.257786042937435345e-02 5.787355302424167236e-02 -6.940861481026535870e-03 3.805938752778571299e+00 3.761285336340400298e-01
5.400000000000000000e+02 5.450000000000000000e+02 5.787355302424167236e-02 3.767411419698817737e-02 -4.039887765450699171e-03 2.239412946367619561e+00 2.388691680530746209e-01
5.450000000000000000e+02 5.500000000000000000e+02 3.767411419698817737e-02 2.687714561523104131e-02 -2.159393716351427298e-03 1.214543689608515997e+00 1.613781495305480485e-01
5.500000000000000000e+02 5.550000000000000000e+02 2.687714561523104131e-02 2.458514943543041106e-02 -4.583992359601260719e-04 2.789967253933003377e-01 1.286557376266536379e-01
5.550000000000000000e+02 5.600000000000000000e+02 2.458514943543041106e-02 2.847548589184828102e-02 7.780672912835739918e-04 -4.072421972269531509e-01 1.326515883181967337e-01
5.600000000000000000e+02 5.650000000000000000e+02 2.847548589184828102e-02 4.666706373841118111e-02 3.638315569312580190e-03 -2.008981232923196636e+00 1.878563740756486466e-01
5.650000000000000000e+02 5.700000000000000000e+02 4.666706373841118111e-02 1.026430308785614004e-01 1.119519342803004455e-02 -6.278617223098564182e+00 3.732752365424314434e-01
5.700000000000000000e+02 5.750000000000000000e+02 1.026430308785614004e-01 2.999590232510741528e-01 3.946319847450254631e-02 -2.239138009958789155e+01 1.006505135324089029e+00
5.750000000000000000e+02 5.800000000000000000e+02 2.999590232510741528e-01 7.852023977448453484e-01 9.704867489875423914e-02 -5.550302904353261368e+01 2.712903552489798642e+00
5.800000000000000000e+02 5.850000000000000000e+02 7.852023977448453484e-01 1.343813432506948402e+00 1.117222069524206052e-01 -6.401367763465910343e+01 5.322539575629484432e+00
5.850000000000000000e+02 5.900000000000000000e+02 1.343813432506948402e+00 1.554602930499355828e+00 4.215789959848148527e-02 -2.331855783260471782e+01 7.246040907515761020e+00
5.900000000000000000e+02 5.950000000000000000e+02 1.554602930499355828e+00 1.740264559379785414e+00 3.713232577608591850e-02 -2.035346927739133704e+01 8.237168724697852440e+00
5.950000000000000000e+02 6.000000000000000000e+02 1.740264559379785414e+00 1.755082294218654582e+00 2.963546967773833356e-03 -2.304588644564553590e-02 8.738367133996099767e+00
6.000000000000000000e+02 6.050000000000000000e+02 1.755082294218654582e+00 1.766276076147834662e+00 2.238756385836016081e-03 4.118284627170449852e-01 8.803395925916223774e+00
6.050000000000000000e+02 6.100000000000000000e+02 1.766276076147834662e+00 1.725499999999996703e+00 -8.155215229567591012e-03 6.700181290036227644e+00 8.729440190369578190e+00
6.100000000000000000e+02 6.150000000000000000e+02 1.725499999999996703e+00 1.662420811696017964e+00 -1.261583766079574752e-02 9.421160973085402901e+00 8.469802029240035779e+00
6.150000000000000000e+02 6.200000000000000000e+02 1.662420811696017964e+00 1.606346732013726353e+00 -1.121481593645832185e-02 8.559532612617886116e+00 8.171918859274359903e+00
6.200000000000000000e+02 6.250000000000000000e+02 1.606346732013726353e+00 1.536193727484308713e+00 -1.403060090588352862e-02 1.030531929366151367e+01 7.856351148745087443e+00
6.250000000000000000e+02 6.300000000000000000e+02 1.536193727484308713e+00 1.522519843264751760e+00 -2.734776843911390816e-03 3.245429254928927865e+00 7.646783926872650738e+00
6.300000000000000000e+02 6.350000000000000000e+02 1.522519843264751760e+00 1.466063216600125285e+00 -1.129132533292529460e-02 8.636054803007686687e+00 7.471457649662191614e+00
6.350000000000000000e+02 6.400000000000000000e+02 1.466063216600125285e+00 1.435521351728586525e+00 -6.108372974307751599e-03 5.344880055285547549e+00 7.253961420821779527e+00
6.400000000000000000e+02 6.450000000000000000e+02 1.435521351728586525e+00 1.386207459199750414e+00 -9.862778505767222370e-03 7.747699595419609508e+00 7.054322027320843347e+00
6.450000000000000000e+02 6.500000000000000000e+02 1.386207459199750414e+00 1.280513932547435729e+00 -2.113870533046293548e-02 1.502067239734834381e+01 6.666803479367965579e+00
6.500000000000000000e+02 6.550000000000000000e+02 1.280513932547435729e+00 1.227045258727770038e+00 -1.069373476393313885e-02 8.231441529103975085e+00 6.268897978188014974e+00
6.550000000000000000e+02 6.600000000000000000e+02 1.227045258727770038e+00 1.235433966803604955e+00 1.677741615166983280e-03 1.281245007933959901e-01 6.156198063828437483e+00
6.600000000000000000e+02 6.650000000000000000e+02 1.235433966803604955e+00 1.182356193382186449e+00 -1.061555468428370189e-02 8.241700058430849296e+00 6.044475400464478732e+00
6.650000000000000000e+02 6.700000000000000000e+02 1.182356193382186449e+00 1.126201701524629062e+00 -1.123089837151147741e-02 8.650903610437318036e+00 5.771394737267039332e+00
6.700000000000000000e+02 6.750000000000000000e+02 1.126201701524629062e+00 1.092911680863644319e+00 -6.658004132196948185e-03 5.587064470096584579e+00 5.547783455970682454e+00
6.750000000000000000e+02 6.800000000000000000e+02 1.092911680863644319e+00 1.036977080257461381e+00 -1.118692012123658798e-02 8.644082762698340971e+00 5.324721902802764362e+00
6.800000000000000000e+02 6.850000000000000000e+02 1.036977080257461381e+00 9.631562777369888639e-01 -1.476416050409450412e-02 1.107660622304172371e+01 5.000333394986125057e+00
6.850000000000000000e+02 6.900000000000000000e+02 9.631562777369888639e-01 9.417415750406411545e-01 -4.282940539269542053e-03 3.896970547136625385e+00 4.762244631944074769e+00
6.900000000000000000e+02 6.950000000000000000e+02 9.417415750406411545e-01 8.823613016888013361e-01 -1.187605467036796300e-02 9.136219297594536215e+00 4.560257191823605893e+00
6.950000000000000000e+02 7.000000000000000000e+02 8.823613016888013361e-01 2.434268058522893463e-01 -1.277868991673024035e-01 8.969425622296397194e+01 2.814470268852726775e+00
7.000000000000000000e+02 7.050000000000000000e+02 2.434268058522893463e-01 1.320875604055353307e-02 -4.604360996234716646e-02 3.247395377949531081e+01 6.415889047321071681e-01
7.050000000000000000e+02 7.100000000000000000e+02 1.320875604055353307e-02 1.028822907864951602e-03 -2.435986626537716034e-03 1.730579327749643292e+00 3.559394737104621537e-02
7.100000000000000000e+02 7.150000000000000000e+02 1.028822907864951602e-03 1.409965212802690349e-04 -1.775652773169365025e-04 1.271001698028898785e-01 2.924548572863051171e-03
7.150000000000000000e+02 7.200000000000000000e+02 1.409965212802690349e-04 1.221000772764423183e-05 -2.575730271052496196e-05 1.855746795930561521e-02 3.830163225197831447e-04
7.200000000000000000e+02 7.250000000000000000e+02 1.221000772764423183e-05 7.283728941194162065e-06 -9.852557572900139533e-07 7.215941529764543019e-04 4.873434167209598898e-05
7.250000000000000000e+02 7.300000000000000000e+02 7.283728941194162065e-06 2.033585533729877950e-06 -1.050028681492856992e-06 7.685545230235155166e-04 2.329328618731009898e-05
7.300000000000000000e+02 7.350000000000000000e+02 2.033585533729877950e-06 9.862332606330014108e-07 -2.094704546193753079e-07 1.549470174058738400e-04 7.549546985907199355e-06
7.350000000000000000e+02 7.400000000000000000e+02 9.862332606330014108e-07 1.119577902634042890e-08 -1.950074963213321855e-07 1.443167430568121441e-04 2.493572599148354815e-06
7.400000000000000000e+02 7.450000000000000000e+02 1.119577902634042890e-08 -7.961399443000537348e-06 -1.594519044405375767e-06 1.179955288639004517e-03 -1.987550915993549155e-05
7.450000000000000000e+02 7.500000000000000000e+02 -7.961399443000537348e-06 6.547070345602270775e-06 2.901693957720561709e-06 -2.169723397944819162e-03 -3.535822743495666433e-06
7.500000000000000000e+02 7.550000000000000000e+02 6.547070345602270775e-06 -8.083393141499090422e-06 -2.926092697420272239e-06 2.201116593410806094e-03 -3.840806989742049542e-06
7.550000000000000000e+02 7.600000000000000000e+02 -8.083393141499090422e-06 7.774755282704070379e-07 1.772173733953899556e-06 -1.346074562276693360e-03 -1.826479403307170883e-05
7.600000000000000000e+02 7.650000000000000000e+02 7.774755282704070379e-07 7.431180478596508356e-07 -6.871496082151240774e-09 5.999812550705350304e-06 3.801483940325145160e-06
7.650000000000000000e+02 7.700000000000000000e+02 7.431180478596508356e-07 -1.453733656124408873e-06 -4.393703407968120053e-07 3.368614287574208288e-04 -1.776539020661895199e-06
7.700000000000000000e+02 7.750000000000000000e+02 -1.453733656124408873e-06 1.336976312433508194e-06 5.581419937115833499e-07 -4.312230688140436031e-04 -2.918933592272516975e-07
7.750000000000000000e+02 7.800000000000000000e+02 1.336976312433508194e-06 1.312990082269555305e-06 -4.797246032790578220e-09 5.054841987846206482e-06 6.624915986757658323e-06
7.800000000000000000e+02 7.850000000000000000e+02 1.312990082269555305e-06 6.057295561340083835e-07 -1.414521052271093842e-07 1.116456321594148818e-04 4.796799096008908744e-06
7.850000000000000000e+02 7.900000000000000000e+02 6.057295561340083835e-07 5.746254726716421134e-07 -6.220816692473253870e-09 5.489070659725513437e-06 2.950887572014126189e-06
7.900000000000000000e+02 7.950000000000000000e+02 5.746254726716421134e-07 1.686216183483509268e-06 2.223181421623734415e-07 -1.750567068356033797e-04 5.652104140387878242e-06
7.950000000000000000e+02 8.000000000000000000e+02 1.686216183483509268e-06 -1.523716390410799196e-06 -6.419865147788616716e-07 5.120654954326785222e-04 4.062494826817751799e-07
8.000000000000000000e+02 8.050000000000000000e+02 -1.523716390410799196e-06 1.328872933425040139e-08 3.074010239490099089e-07 -2.474445355496186880e-04 -3.776069152691372066e-06
8.050000000000000000e+02 8.100000000000000000e+02 1.328872933425040139e-08 5.092348323523790345e-06 1.015811918837907978e-06 -8.177153059351815936e-04 1.276409263214510337e-05
8.100000000000000000e+02 8.150000000000000000e+02 5.092348323523790345e-06 -2.688710518848656729e-06 -1.556211768474489584e-06 1.265623880787860407e-03 6.009094511687833829e-06
8.150000000000000000e+02 8.200000000000000000e+02 -2.688710518848656729e-06 -1.208317196302761606e-06 2.960786645091790457e-07 -2.439928220938295932e-04 -9.742569287878545732e-06
8.200000000000000000e+02 8.250000000000000000e+02 -1.208317196302761606e-06 -7.747053763016134921e-07 8.672236400022962285e-08 -7.232065567649105975e-05 -4.957556431510937693e-06
8.250000000000000000e+02 8.300000000000000000e+02 -7.747053763016134921e-07 7.423225142188311802e-07 3.034055781040889556e-07 -2.510843073121749990e-04 -8.095715520695577973e-08
8.300000000000000000e+02 8.350000000000000000e+02 7.423225142188311802e-07 -1.698234383979782913e-06 -4.881113796397228187e-07 4.058747676151887762e-04 -2.389779674402379333e-06
8.350000000000000000e+02 8.400000000000000000e+02 -1.698234383979782913e-06 -1.874956234133413935e-06 -3.534437003072620705e-08 2.781431459167660051e-05 -8.932976545282992652e-06
8.400000000000000000e+02 8.450000000000000000e+02 -1.874956234133413935e-06 -2.789053800743219554e-06 -1.828195133219611132e-07 1.516934349563139124e-04 -1.166002508719158468e-05
8.450000000000000000e+02 8.500000000000000000e+02 -2.789053800743219554e-06 -3.587031709197073503e-06 -1.595955816907707845e-07 1.320692127279580910e-04 -1.594021377485073328e-05
8.500000000000000000e+02 8.550000000000000000e+02 -3.587031709197073503e-06 -1.413549369863793124e-06 4.346964678666560969e-07 -3.730790293958547929e-04 -1.250145269765216572e-05
8.550000000000000000e+02 8.600000000000000000e+02 -1.413549369863793124e-06 2.268177998026815120e-06 7.363454735781216277e-07 -6.309889292791577174e-04 2.136571570407554989e-06
8.600000000000000000e+02 8.650000000000000000e+02 2.268177998026815120e-06 1.177299097308261700e-06 -2.181757801437106840e-07 1.898993489216180177e-04 8.613692738337691627e-06
8.650000000000000000e+02 8.700000000000000000e+02 1.177299097308261700e-06 -1.919358577701525157e-06 -6.193315350019573714e-07 5.368990768740013837e-04 -1.855148700983158641e-06
8.700000000000000000e+02 8.750000000000000000e+02 -1.919358577701525157e-06 7.698988949572074976e-06 1.923669505454720027e-06 -1.675511828323308135e-03 1.444907592967637497e-05
8.750000000000000000e+02 8.800000000000000000e+02 7.698988949572074976e-06 3.321656917571152403e-06 -8.754664064001844510e-07 7.737320945497334511e-04 2.755161466785806951e-05
8.800000000000000000e+02 8.850000000000000000e+02 3.321656917571152403e-06 1.575658791327703116e-05 2.486986199141175497e-06 -2.185226198326663000e-03 4.769561207712045658e-05
8.850000000000000000e+02 8.900000000000000000e+02 1.575658791327703116e-05 -5.652890440667712431e-06 -4.281895670788948719e-06 3.805234256561496661e-03 2.525924368152329683e-05
8.900000000000000000e+02 8.950000000000000000e+02 -5.652890440667712431e-06 2.571301973779669806e-06 1.644838482889476659e-06 -1.469559140212302112e-03 -7.703971167220106139e-06
8.950000000000000000e+02 9.000000000000000000e+02 2.571301973779669806e-06 -1.868712849134540426e-05 -4.251686093025015152e-06 3.807830355231168161e-03 -4.028956629391433570e-05
9.000000000000000000e+02 9.050000000000000000e+02 -1.868712849134540426e-05 -7.284276229930460963e-07 3.591740173670471675e-06 -3.251253284794770188e-03 -4.853889028584612472e-05
9.050000000000000000e+02 9.100000000000000000e+02 -7.284276229930460963e-07 1.298280152681686952e-06 4.053415551349466733e-07 -3.675625350201197758e-04 1.424631324221602034e-06
9.100000000000000000e+02 9.150000000000000000e+02 1.298280152681686952e-06 -2.888896637902392868e-06 -8.374353581168160699e-07 7.633644560389842362e-04 -3.976541213051765000e-06
9.150000000000000000e+02 9.200000000000000000e+02 -2.888896637902392868e-06 1.052955746149725885e-05 2.683690819879930090e-06 -2.458465996828038472e-03 1.910165205898716687e-05
9.200000000000000000e+02 9.250000000000000000e+02 1.052955746149725885e-05 1.012706347732913790e-06 -1.903370222752868759e-06 1.761630162394136690e-03 2.885565952307543542e-05
9.250000000000000000e+02 9.300000000000000000e+02 1.012706347732913790e-06 7.704773645285846004e-06 1.338413459510586358e-06 -1.237019743699559410e-03 2.179369998254689737e-05
9.300000000000000000e+02 9.350000000000000000e+02 7.704773645285846004e-06 -3.818868539196821754e-07 -1.617332099841105445e-06 1.511823626497513836e-03 1.830721697841540804e-05
9.350000000000000000e+02 9.400000000000000000e+02 -3.818868539196821754e-07 2.770344131301800030e-06 6.304461970442964410e-07 -5.898490810903368482e-04 5.971143193455294371e-06
9.400000000000000000e+02 9.450000000000000000e+02 2.770344131301800030e-06 2.110576890740034883e-06 -1.319534481123530186e-07 1.268065853569136348e-04 1.220230255510458919e-05
9.450000000000000000e+02 9.500000000000000000e+02 2.110576890740034883e-06 -3.379613099095966806e-07 -4.897076401299263022e-07 4.648842968135203659e-04 4.431538952076095428e-06
