#trapazoidal
# startwidth 		endwidth 		startheight		endheight 		slope 			y-intercept 			area
3.750000000000000000e+02 3.800000000000000000e+02 -1.155268903945687760e-07 7.887476648675086603e-08 3.888033137626393106e-08 -1.469565115649354325e-05 -9.163030976954477496e-08
3.800000000000000000e+02 3.850000000000000000e+02 7.887476648675086603e-08 -1.078487415055077296e-07 -3.734470159845171516e-08 1.426986137389840371e-05 -7.243493754689215229e-08
3.850000000000000000e+02 3.900000000000000000e+02 -1.078487415055077296e-07 -8.175102502068798827e-07 -1.419323017402744333e-07 5.453608742850014337e-05 -2.313397479280968892e-06
3.900000000000000000e+02 3.950000000000000000e+02 -8.175102502068798827e-07 -3.480906813691338590e-07 9.388391376754919945e-08 -3.743223661955107079e-05 -2.914002328940034142e-06
3.950000000000000000e+02 4.000000000000000000e+02 -3.480906813691338590e-07 1.303739625229588500e-09 6.987888419887268457e-08 -2.795024993992384493e-05 -8.669673543597606980e-07
4.000000000000000000e+02 4.050000000000000000e+02 1.303739625229588500e-09 -8.954816103281919541e-07 -1.793570699906843036e-07 7.174413173589894610e-05 -2.235444676757405936e-06
4.050000000000000000e+02 4.100000000000000000e+02 -8.954816103281919541e-07 1.612184886596719058e-06 5.015332993849821600e-07 -2.040164678612459810e-04 1.791758190671317759e-06
4.100000000000000000e+02 4.150000000000000000e+02 1.612184886596719058e-06 1.344507773958641749e-06 -5.353542252761546441e-08 2.356170812291906008e-05 7.391731651388401488e-06
4.150000000000000000e+02 4.200000000000000000e+02 1.344507773958641749e-06 -2.784880390342130714e-07 -3.245991625985709323e-07 1.360531602523655699e-04 2.665049337311071614e-06
4.200000000000000000e+02 4.250000000000000000e+02 -2.784880390342130714e-07 -2.886435107725382912e-06 -5.215894137382339363e-07 2.187890657310240261e-04 -7.912307866898989932e-06
4.250000000000000000e+02 4.300000000000000000e+02 -2.886435107725382912e-06 5.743035335574731196e-06 1.725894088660022906e-06 -7.363914227882350626e-04 7.141500569623370500e-06
4.300000000000000000e+02 4.350000000000000000e+02 5.743035335574731196e-06 8.320912148750110194e-06 5.155753626350758420e-07 -2.159543705975078677e-04 3.515986871081210009e-05
4.350000000000000000e+02 4.400000000000000000e+02 8.320912148750110194e-06 1.060511598283554030e-04 1.954604953592105891e-05 -8.494210635976910326e-03 2.859301799427638093e-04
4.400000000000000000e+02 4.450000000000000000e+02 1.060511598283554030e-04 1.190103951196497083e-02 2.358997670427323296e-03 -1.037852923828193941e+00 3.001772667948331488e-02
4.450000000000000000e+02 4.500000000000000000e+02 1.190103951196497083e-02 1.645234734205386351e-01 3.052448678171473112e-02 -1.357149557835109022e+01 4.410612823312590192e-01
4.500000000000000000e+02 4.550000000000000000e+02 1.645234734205386351e-01 1.987422766240040939e-01 6.843760640693091410e-03 -2.915168814891352600e+00 9.081643751113568364e-01
4.550000000000000000e+02 4.600000000000000000e+02 1.987422766240040939e-01 2.052877493244202878e-01 1.309094540083238778e-03 -3.968957391138695501e-01 1.010075064871061024e+00
4.600000000000000000e+02 4.650000000000000000e+02 2.052877493244202878e-01 2.197448860551972083e-01 2.891427346155384104e-03 -1.124768829907056400e+00 1.062581588449043712e+00
4.650000000000000000e+02 4.700000000000000000e+02 2.197448860551972083e-01 2.543813364190279369e-01 6.927290072766145550e-03 -3.001444997781060664e+00 1.185315556185562835e+00
4.700000000000000000e+02 4.750000000000000000e+02 2.543813364190279369e-01 3.118695276866533250e-01 1.149763825352507693e-02 -5.149508642737758102e+00 1.415627160264203210e+00
4.750000000000000000e+02 4.800000000000000000e+02 3.118695276866533250e-01 3.842032297403831786e-01 1.446674041074597072e-02 -6.559832167417682491e+00 1.740181893567591231e+00
4.800000000000000000e+02 4.850000000000000000e+02 3.842032297403831786e-01 4.533178795334694700e-01 1.382292995861725791e-02 -6.250803150395900509e+00 2.093802773184631594e+00
4.850000000000000000e+02 4.900000000000000000e+02 4.533178795334694700e-01 5.346180569740354160e-01 1.626003548811318783e-02 -7.432799332201426523e+00 2.469839841268762104e+00
4.900000000000000000e+02 4.950000000000000000e+02 5.346180569740354160e-01 6.172962929625377404e-01 1.653564719770046418e-02 -7.567849069899192926e+00 2.879785874841433113e+00
4.950000000000000000e+02 5.000000000000000000e+02 6.172962929625377404e-01 6.983684714120420578e-01 1.621443568990086487e-02 -7.408849373538389571e+00 3.289161910936449384e+00
5.000000000000000000e+02 5.050000000000000000e+02 6.983684714120420578e-01 7.572152700975888218e-01 1.176935973710935279e-02 -5.186311397142634227e+00 3.638959353774077421e+00
5.050000000000000000e+02 5.100000000000000000e+02 7.572152700975888218e-01 8.272887048550838784e-01 1.401468695149901168e-02 -6.320201640409411681e+00 3.961259937381681695e+00
5.100000000000000000e+02 5.150000000000000000e+02 8.272887048550838784e-01 9.035326454370192772e-01 1.524878811638707976e-02 -6.949593234502326133e+00 4.327053375730257834e+00
5.150000000000000000e+02 5.200000000000000000e+02 9.035326454370192772e-01 9.526582765371566230e-01 9.825126220027468466e-03 -4.156407357877127673e+00 4.640477304935439307e+00
5.200000000000000000e+02 5.250000000000000000e+02 9.526582765371566230e-01 9.823512550908120033e-01 5.938595710731076061e-03 -2.135411493043002817e+00 4.837523829069922066e+00
5.250000000000000000e+02 5.300000000000000000e+02 9.823512550908120033e-01 9.958356167744860654e-01 2.696872336734812241e-03 -4.335067216949645141e-01 4.945467179663245005e+00
5.300000000000000000e+02 5.350000000000000000e+02 9.958356167744860654e-01 9.866541856432446966e-01 -1.836286226248273713e-03 1.969067316686071045e+00 4.956224506044327072e+00
5.350000000000000000e+02 5.400000000000000000e+02 9.866541856432446966e-01 1.000000000000000000e+00 2.669162871351060846e-03 -4.413479505295727634e-01 4.966635464108112075e+00
5.400000000000000000e+02 5.450000000000000000e+02 1.000000000000000000e+00 9.825835272922279762e-01 -3.483294541554404680e-03 2.880979052439378574e+00 4.956458818230569996e+00
5.450000000000000000e+02 5.500000000000000000e+02 9.825835272922279762e-01 9.531500856112253839e-01 -5.886688336200518110e-03 4.190828670521510091e+00 4.839334032258633123e+00
5.500000000000000000e+02 5.550000000000000000e+02 9.531500856112253839e-01 9.159403364608232900e-01 -7.441949830080419118e-03 5.046222492155456152e+00 4.672726055180121740e+00
5.550000000000000000e+02 5.600000000000000000e+02 9.159403364608232900e-01 8.699145413010722638e-01 -9.205159031950205586e-03 6.024803599193186976e+00 4.464637194404739162e+00
5.600000000000000000e+02 5.650000000000000000e+02 8.699145413010722638e-01 8.153010824767398246e-01 -1.092269176486648785e-02 6.986621929626305239e+00 4.213039059444529499e+00
5.650000000000000000e+02 5.700000000000000000e+02 8.153010824767398246e-01 7.618208063096973959e-01 -1.069605523340848643e-02 6.858572289352534490e+00 3.942804721966093329e+00
5.700000000000000000e+02 5.750000000000000000e+02 7.618208063096973959e-01 7.070961246674922762e-01 -1.094493632844102324e-02 7.000434513521081037e+00 3.672292327442974180e+00
5.750000000000000000e+02 5.800000000000000000e+02 7.070961246674922762e-01 6.381507576008061955e-01 -1.378907341333721580e-02 8.635813337336390560e+00 3.363117205670746124e+00
5.800000000000000000e+02 5.850000000000000000e+02 6.381507576008061955e-01 5.647194958638594997e-01 -1.468625234738933985e-02 9.156177119086624572e+00 3.007175633661663738e+00
5.850000000000000000e+02 5.900000000000000000e+02 5.647194958638594997e-01 4.887846006614811056e-01 -1.518697904047567812e-02 9.449102234542131384e+00 2.633760241313351624e+00
5.900000000000000000e+02 5.950000000000000000e+02 4.887846006614811056e-01 4.088365749387735670e-01 -1.598960514454150772e-02 9.922651635940969328e+00 2.244052939000636737e+00
5.950000000000000000e+02 6.000000000000000000e+02 4.088365749387735670e-01 3.275439729181486292e-01 -1.625852040412498895e-02 1.008265621539314161e+01 1.840951369642305435e+00
6.000000000000000000e+02 6.050000000000000000e+02 3.275439729181486292e-01 2.496712909979215134e-01 -1.557453638404542387e-02 9.672265803345403867e+00 1.443038159790175357e+00
6.050000000000000000e+02 6.100000000000000000e+02 2.496712909979215134e-01 1.953767442369130358e-01 -1.085890935220169481e-02 6.819311449079947351e+00 1.112620088087086456e+00
6.100000000000000000e+02 6.150000000000000000e+02 1.953767442369130358e-01 1.565260218763617484e-01 -7.770144472110257668e-03 4.935164872224169663e+00 8.797569152831868911e-01
6.150000000000000000e+02 6.200000000000000000e+02 1.565260218763617484e-01 1.295338825424821594e-01 -5.398427866775917447e-03 3.476559159943550803e+00 7.151497610471097000e-01
6.200000000000000000e+02 6.250000000000000000e+02 1.295338825424821594e-01 1.154156089880585406e-01 -2.823654710884723577e-03 1.880199803291010774e+00 6.123737288263517708e-01
6.250000000000000000e+02 6.300000000000000000e+02 1.154156089880585406e-01 1.056654625732498937e-01 -1.950029282961729393e-03 1.334183910839139342e+00 5.527026789032710719e-01
6.300000000000000000e+02 6.350000000000000000e+02 1.056654625732498937e-01 9.903395841807924316e-02 -1.326300831034130058e-03 9.412349861247518712e-01 5.117485524783228490e-01
6.350000000000000000e+02 6.400000000000000000e+02 9.903395841807924316e-02 9.495855725114020485e-02 -8.150802333878077056e-04 6.166099066193371225e-01 4.849812891730486131e-01
6.400000000000000000e+02 6.450000000000000000e+02 9.495855725114020485e-02 8.837775281226095681e-02 -1.316160887775849608e-03 9.373015254276839681e-01 4.583407751585029111e-01
6.450000000000000000e+02 6.500000000000000000e+02 8.837775281226095681e-02 8.232346707201460001e-02 -1.210857148049271272e-03 8.693806133040409279e-01 4.267530497106888920e-01
6.500000000000000000e+02 6.550000000000000000e+02 8.232346707201460001e-02 8.218136042749761561e-02 -2.842132890339687943e-05 1.007973308592225725e-01 4.112620687487805737e-01
6.550000000000000000e+02 6.600000000000000000e+02 8.218136042749761561e-02 8.720725742857385332e-02 1.005179400215247586e-03 -5.762111467134896081e-01 4.234715446401786654e-01
6.600000000000000000e+02 6.650000000000000000e+02 8.720725742857385332e-02 9.520127948502205006e-02 1.598804411289639392e-03 -9.680036540225880337e-01 4.560213422839897723e-01
6.650000000000000000e+02 6.700000000000000000e+02 9.520127948502205006e-02 1.061983981855323528e-01 2.199423740102060629e-03 -1.367415507682848252e+00 5.034991941763860002e-01
6.700000000000000000e+02 6.750000000000000000e+02 1.061983981855323528e-01 1.213213415598039524e-01 3.024588674854319925e-03 -1.920276013966861761e+00 5.687993493633407560e-01
6.750000000000000000e+02 6.800000000000000000e+02 1.213213415598039524e-01 1.347333331310383853e-01 2.682398314246886659e-03 -1.689297520556844567e+00 6.401366867271057748e-01
6.800000000000000000e+02 6.850000000000000000e+02 1.347333331310383853e-01 1.475329075551111702e-01 2.559914884814557066e-03 -1.606008788542860444e+00 7.056656017153739580e-01
6.850000000000000000e+02 6.900000000000000000e+02 1.475329075551111702e-01 1.636557991764860109e-01 3.224578324274968068e-03 -2.061303244573241766e+00 7.779717668289929389e-01
6.900000000000000000e+02 6.950000000000000000e+02 1.636557991764860109e-01 1.718247135541702830e-01 1.633782875536854461e-03 -9.636543849439435094e-01 8.387012818266406100e-01
6.950000000000000000e+02 7.000000000000000000e+02 1.718247135541702830e-01 5.284792849726554359e-02 -2.379535701138094789e-02 1.670959783646392793e+01 5.616816051285895561e-01
7.000000000000000000e+02 7.050000000000000000e+02 5.284792849726554359e-02 3.060998839226125763e-03 -9.957385931607883739e-03 7.023018080622784431e+00 1.397723183412291903e-01
7.050000000000000000e+02 7.100000000000000000e+02 3.060998839226125763e-03 2.572021173788795060e-04 -5.607593443694492731e-04 3.983963366196878741e-01 8.295502391512513118e-03
7.100000000000000000e+02 7.150000000000000000e+02 2.572021173788795060e-04 3.625703460932206985e-05 -4.418901655391148722e-05 3.163140387065603576e-02 7.336478799705039395e-04
7.150000000000000000e+02 7.200000000000000000e+02 3.625703460932206985e-05 3.169785674749358231e-06 -6.617449786914542662e-06 4.767733632253219958e-03 9.856705071017856257e-05
7.200000000000000000e+02 7.250000000000000000e+02 3.169785674749358231e-06 1.812432708441113650e-06 -2.714705932616489162e-07 1.986286128231365931e-04 1.245554595797618023e-05
7.250000000000000000e+02 7.300000000000000000e+02 1.812432708441113650e-06 5.167811420903820809e-07 -2.591303132701463243e-07 1.896819098292971907e-04 5.823034626328739432e-06
7.300000000000000000e+02 7.350000000000000000e+02 5.167811420903820809e-07 2.624339219305383097e-07 -5.086944403196875688e-08 3.765147528542757405e-05 1.948037660052300950e-06
7.350000000000000000e+02 7.400000000000000000e+02 2.624339219305383097e-07 3.267766689845501808e-09 -5.183323104813856571e-08 3.835985874231238380e-05 6.642542215509595631e-07
7.400000000000000000e+02 7.450000000000000000e+02 3.267766689845501808e-09 -2.455597844569755501e-06 -4.917731222519202096e-07 3.639153782331108213e-04 -6.130825194699774937e-06
7.450000000000000000e+02 7.500000000000000000e+02 -2.455597844569755501e-06 2.186551362146683573e-06 9.284298413432878571e-07 -6.941358296453192626e-04 -6.726162060576798190e-07
7.500000000000000000e+02 7.550000000000000000e+02 2.186551362146683573e-06 -2.924928116267844598e-06 -1.022295895682905677e-06 7.689084731243259630e-04 -1.845941885302902562e-06
7.550000000000000000e+02 7.600000000000000000e+02 -2.924928116267844598e-06 3.013091372194707719e-07 6.452474506974630739e-07 -4.900867533928524814e-04 -6.559047447620934512e-06
7.600000000000000000e+02 7.650000000000000000e+02 3.013091372194707719e-07 3.049379622664289676e-07 7.257650093916391294e-10 -2.502722699181749292e-07 1.515617748714749217e-06
7.650000000000000000e+02 7.700000000000000000e+02 3.049379622664289676e-07 -6.278412156783504148e-07 -1.865558355889558818e-07 1.430201521878176826e-04 -8.072581335298035914e-07
7.700000000000000000e+02 7.750000000000000000e+02 -6.278412156783504148e-07 6.055592992384420269e-07 2.466801029833584883e-07 -1.905715205128643934e-04 -5.570479109977096967e-08
7.750000000000000000e+02 7.800000000000000000e+02 6.055592992384420269e-07 6.152844722780909327e-07 1.945034607929781078e-09 -9.018425219071383726e-07 3.052109428791331923e-06
7.800000000000000000e+02 7.850000000000000000e+02 6.152844722780909327e-07 2.961251461744425311e-07 -6.383186522072967767e-08 5.040413934444723629e-05 2.278524046131333792e-06
7.850000000000000000e+02 7.900000000000000000e+02 2.961251461744425311e-07 2.932325934771101229e-07 -5.785105394664816647e-10 7.502559196556306217e-07 1.473394349128881873e-06
7.900000000000000000e+02 7.950000000000000000e+02 2.932325934771101229e-07 9.174528799247308172e-07 1.248440572895241442e-07 -9.833357266524696445e-05 3.026713683504602456e-06
7.950000000000000000e+02 8.000000000000000000e+02 9.174528799247308172e-07 -8.685005819758755703e-07 -3.571906923801212881e-07 2.848840533221211379e-04 1.223807448721381173e-07
8.000000000000000000e+02 8.050000000000000000e+02 -8.685005819758755703e-07 8.033739278331167363e-09 1.753068642508413485e-07 -1.411139919826489392e-04 -2.151167106743861101e-06
8.050000000000000000e+02 8.100000000000000000e+02 8.033739278331167363e-09 3.223981114924308463e-06 6.431894751291954794e-07 -5.177594937397240332e-04 8.080037135506597977e-06
8.100000000000000000e+02 8.150000000000000000e+02 3.223981114924308463e-06 -1.751481805766315625e-06 -9.950925841381248176e-07 8.092489742668054027e-04 3.681248272894981991e-06
8.150000000000000000e+02 8.200000000000000000e+02 -1.751481805766315625e-06 -8.382333439431483294e-07 1.826496923646334485e-07 -1.506109810829425841e-04 -6.474287874273660097e-06
8.200000000000000000e+02 8.250000000000000000e+02 -8.382333439431483294e-07 -5.496804680496869391e-07 5.771057517869228071e-08 -4.816090499047082036e-05 -3.469784529982088436e-06
8.250000000000000000e+02 8.300000000000000000e+02 -5.496804680496869391e-07 5.411557224644329322e-07 2.181672381028239637e-07 -1.805376519028794528e-04 -2.131186396313501734e-08
8.300000000000000000e+02 8.350000000000000000e+02 5.411557224644329322e-07 -1.285210230398680454e-06 -3.652731905726226667e-07 3.037179038977412212e-04 -1.860136269835618699e-06
8.350000000000000000e+02 8.400000000000000000e+02 -1.285210230398680454e-06 -1.431986191219141188e-06 -2.935519216409214805e-08 2.322637522661826100e-05 -6.792991054044553894e-06
8.400000000000000000e+02 8.450000000000000000e+02 -1.431986191219141188e-06 -2.171089860544595932e-06 -1.478207338650909435e-07 1.227374302554572530e-04 -9.007690129409342482e-06
8.450000000000000000e+02 8.500000000000000000e+02 -2.171089860544595932e-06 -2.985659425618632783e-06 -1.629139130148073809e-07 1.354911666369676328e-04 -1.289187321540807179e-05
8.500000000000000000e+02 8.550000000000000000e+02 -2.985659425618632783e-06 -1.343529724305895962e-06 3.284259402625473643e-07 -2.821477086487838670e-04 -1.082297287481132292e-05
8.550000000000000000e+02 8.600000000000000000e+02 -1.343529724305895962e-06 1.898791912299860064e-06 6.484643273211511629e-07 -5.557805295838900549e-04 1.388155469984910256e-06
8.600000000000000000e+02 8.650000000000000000e+02 1.898791912299860064e-06 1.011198168633559972e-06 -1.775187487332600132e-07 1.545649158229034544e-04 7.274975202333549138e-06
8.650000000000000000e+02 8.700000000000000000e+02 1.011198168633559972e-06 -1.654400412742848110e-06 -5.331197162752816588e-07 4.621597527467521558e-04 -1.608005610273220345e-06
8.700000000000000000e+02 8.750000000000000000e+02 -1.654400412742848110e-06 6.674751185269882783e-06 1.665830319602546179e-06 -1.450926778466957948e-03 1.255087693131758721e-05
8.750000000000000000e+02 8.800000000000000000e+02 6.674751185269882783e-06 2.941637274679981354e-06 -7.466227821179802858e-07 6.599696855385026430e-04 2.404097114987465653e-05
8.800000000000000000e+02 8.850000000000000000e+02 2.941637274679981354e-06 1.391324025806355645e-05 2.194320596676715019e-06 -1.928060487800829130e-03 4.213719383185884112e-05
8.850000000000000000e+02 8.900000000000000000e+02 1.391324025806355645e-05 -5.105113113412476320e-06 -3.803670674295206469e-06 3.380161787009321444e-03 2.202031786162770075e-05
8.900000000000000000e+02 8.950000000000000000e+02 -5.105113113412476320e-06 2.349965589929633012e-06 1.491015740668421782e-06 -1.332109122308307953e-03 -6.887868808707108272e-06
8.950000000000000000e+02 9.000000000000000000e+02 2.349965589929633012e-06 -1.755516363588204630e-05 -3.981025845162335694e-06 3.565368097010219919e-03 -3.801299511488103535e-05
9.000000000000000000e+02 9.050000000000000000e+02 -1.755516363588204630e-05 -6.908772873945792955e-07 3.372857269697493338e-06 -3.053126706363625768e-03 -4.561510230819156416e-05
9.050000000000000000e+02 9.100000000000000000e+02 -6.908772873945792955e-07 1.262031371343066266e-06 3.905817317475291547e-07 -3.541673445189084772e-04 1.427885209871217374e-06
9.100000000000000000e+02 9.150000000000000000e+02 1.262031371343066266e-06 -2.829510040834096818e-06 -8.183082824354326803e-07 7.459225683875867711e-04 -3.918696673727576274e-06
9.150000000000000000e+02 9.200000000000000000e+02 -2.829510040834096818e-06 1.063430381288589719e-05 2.692762770743999141e-06 -2.466707445271593309e-03 1.951198443012949882e-05
9.200000000000000000e+02 9.250000000000000000e+02 1.063430381288589719e-05 1.053533516763389060e-06 -1.916154059224501711e-06 1.773496038299427488e-03 2.921959332412321669e-05
9.250000000000000000e+02 9.300000000000000000e+02 1.053533516763389060e-06 8.065767848811121474e-06 1.402446866409546440e-06 -1.296209817912067058e-03 2.279825341393627654e-05
9.300000000000000000e+02 9.350000000000000000e+02 8.065767848811121474e-06 -4.054682145668720588e-07 -1.694247212675598526e-06 1.583715675637117730e-03 1.915074908561062303e-05
9.350000000000000000e+02 9.400000000000000000e+02 -4.054682145668720588e-07 3.016514575473431572e-06 6.843965580080607579e-07 -6.403162499521036517e-04 6.527615902266398916e-06
9.400000000000000000e+02 9.450000000000000000e+02 3.016514575473431572e-06 2.304068315314552501e-06 -1.424892520317758195e-07 1.369564114853426880e-04 1.330145722696996124e-05
9.450000000000000000e+02 9.500000000000000000e+02 2.304068315314552501e-06 -3.741359490453200838e-07 -5.356408528719744323e-07 5.084846742793304149e-04 4.824830915673081572e-06
