#Brown University Keck/NASA Relab Spectrum LS-CMP-025/C1LS25
#Wavelength(micron)	Reflectance
0.35	0.60649
0.355	0.62493
0.36	0.62829
0.365	0.64379
0.37	0.65037
0.375	0.66753
0.38	0.67696
0.385	0.67958
0.39	0.68693
0.395	0.69574
0.4	0.69090
0.405	0.69378
0.41	0.71528
0.415	0.72024
0.42	0.72454
0.425	0.73319
0.43	0.73674
0.435	0.74179
0.44	0.74418
0.445	0.74374
0.45	0.74886
0.455	0.75041
0.46	0.75589
0.465	0.75611
0.47	0.75869
0.475	0.76047
0.48	0.76510
0.485	0.76629
0.49	0.76980
0.495	0.77288
0.5	0.77546
0.505	0.77599
0.51	0.77943
0.515	0.78014
0.52	0.78209
0.525	0.78386
0.53	0.78641
0.535	0.78745
0.54	0.78962
0.545	0.78880
0.55	0.79099
0.555	0.79356
0.56	0.79422
0.565	0.79320
0.57	0.80032
0.575	0.79817
0.58	0.80234
0.585	0.80172
0.59	0.80360
0.595	0.80535
0.6	0.80743
0.605	0.80653
0.61	0.80794
0.615	0.80873
0.62	0.80998
0.625	0.80994
0.63	0.81192
0.635	0.81279
0.64	0.81314
0.645	0.81082
0.65	0.81647
0.655	0.81545
0.66	0.81817
0.665	0.81510
0.67	0.81893
0.675	0.82462
0.68	0.82058
0.685	0.82165
0.69	0.82600
0.695	0.82370
0.7	0.82507
0.705	0.82742
0.71	0.82776
0.715	0.82804
0.72	0.82621
0.725	0.82871
0.73	0.82893
0.735	0.82953
0.74	0.83109
0.745	0.83036
0.75	0.83441
0.755	0.83241
0.76	0.83628
0.765	0.83681
0.77	0.83414
0.775	0.83580
0.78	0.83937
0.785	0.83962
0.79	0.83745
0.795	0.83701
0.8	0.84283
0.805	0.83778
0.81	0.84217
0.815	0.84569
0.82	0.84525
0.825	0.85034
0.83	0.84320
0.835	0.84565
0.84	0.84884
0.845	0.84538
0.85	0.84468
0.855	0.83999
0.86	0.84534
0.865	0.85470
0.87	0.85398
0.875	0.86070
0.88	0.85797
0.885	0.85219
0.89	0.85668
0.895	0.85573
0.9	0.85944
0.905	0.85344
0.91	0.85651
0.915	0.85586
0.92	0.85553
0.925	0.85405
0.93	0.85407
0.935	0.85315
0.94	0.85526
0.945	0.85340
0.95	0.85188
0.955	0.85722
0.96	0.85399
0.965	0.85431
0.97	0.85535
0.975	0.85312
0.98	0.85427
0.985	0.85303
0.99	0.85390
0.995	0.85248
1	0.85258
1.005	0.85642
1.01	0.85186
1.015	0.85503
1.02	0.85103
1.025	0.85095
1.03	0.85418
1.035	0.85111
1.04	0.85048
1.045	0.85372
1.05	0.85289
1.055	0.85402
1.06	0.85753
1.065	0.85681
1.07	0.85629
1.075	0.85438
1.08	0.85666
1.085	0.85914
1.09	0.85849
1.095	0.85617
1.1	0.85853
1.105	0.85982
1.11	0.85750
1.115	0.86040
1.12	0.86335
1.125	0.86129
1.13	0.86455
1.135	0.86322
1.14	0.86536
1.145	0.86378
1.15	0.86394
1.155	0.86663
1.16	0.86672
1.165	0.86666
1.17	0.86302
1.175	0.86536
1.18	0.86777
1.185	0.87061
1.19	0.86748
1.195	0.86747
1.2	0.87036
1.205	0.87125
1.21	0.86986
1.215	0.87312
1.22	0.87134
1.225	0.86907
1.23	0.86809
1.235	0.87017
1.24	0.87296
1.245	0.87405
1.25	0.87519
1.255	0.87036
1.26	0.87046
1.265	0.86775
1.27	0.87041
1.275	0.86912
1.28	0.87066
1.285	0.86752
1.29	0.86980
1.295	0.87159
1.3	0.87055
1.305	0.87030
1.31	0.87113
1.315	0.87286
1.32	0.87282
1.325	0.87513
1.33	0.87286
1.335	0.87198
1.34	0.87567
1.345	0.87293
1.35	0.87377
1.355	0.87150
1.36	0.87521
1.365	0.87759
1.37	0.87531
1.375	0.87322
1.38	0.87737
1.385	0.87292
1.39	0.87441
1.395	0.87351
1.4	0.87599
1.405	0.87298
1.41	0.87362
1.415	0.87571
1.42	0.87758
1.425	0.87728
1.43	0.87787
1.435	0.88141
1.44	0.87439
1.445	0.87280
1.45	0.87754
1.455	0.87653
1.46	0.88170
1.465	0.87613
1.47	0.87608
1.475	0.87543
1.48	0.87400
1.485	0.87426
1.49	0.87630
1.495	0.87665
1.5	0.87908
1.505	0.87905
1.51	0.87758
1.515	0.87792
1.52	0.88290
1.525	0.87962
1.53	0.88320
1.535	0.88333
1.54	0.88456
1.545	0.87741
1.55	0.87992
1.555	0.88140
1.56	0.88331
1.565	0.88280
1.57	0.88091
1.575	0.88236
1.58	0.88412
1.585	0.88641
1.59	0.88374
1.595	0.88588
1.6	0.88722
1.605	0.88894
1.61	0.88645
1.615	0.88615
1.62	0.88737
1.625	0.88554
1.63	0.88144
1.635	0.88018
1.64	0.88568
1.645	0.88262
1.65	0.88384
1.655	0.88696
1.66	0.88686
1.665	0.88609
1.67	0.88996
1.675	0.88966
1.68	0.89154
1.685	0.88983
1.69	0.89091
1.695	0.88795
1.7	0.88830
1.705	0.89025
1.71	0.89313
1.715	0.89262
1.72	0.89441
1.725	0.89326
1.73	0.89360
1.735	0.89379
1.74	0.89448
1.745	0.89508
1.75	0.89650
1.755	0.89606
1.76	0.89020
1.765	0.89285
1.77	0.89154
1.775	0.89514
1.78	0.89587
1.785	0.89435
1.79	0.89379
1.795	0.89235
1.8	0.89342
1.805	0.89254
1.81	0.89223
1.815	0.89408
1.82	0.89599
1.825	0.89273
1.83	0.89469
1.835	0.89305
1.84	0.89495
1.845	0.89487
1.85	0.89535
1.855	0.89489
1.86	0.89573
1.865	0.89188
1.87	0.89838
1.875	0.89650
1.88	0.89234
1.885	0.89268
1.89	0.89286
1.895	0.89236
1.9	0.89083
1.905	0.89160
1.91	0.89070
1.915	0.89279
1.92	0.89068
1.925	0.88926
1.93	0.88346
1.935	0.88386
1.94	0.88451
1.945	0.88520
1.95	0.88522
1.955	0.88716
1.96	0.88786
1.965	0.88976
1.97	0.88919
1.975	0.88971
1.98	0.88819
1.985	0.89062
1.99	0.89229
1.995	0.89148
2	0.88978
2.005	0.88872
2.01	0.88712
2.015	0.88785
2.02	0.88995
2.025	0.89033
2.03	0.88974
2.035	0.89080
2.04	0.89220
2.045	0.89036
2.05	0.88943
2.055	0.88893
2.06	0.88737
2.065	0.88514
2.07	0.88426
2.075	0.88468
2.08	0.88612
2.085	0.88593
2.09	0.88591
2.095	0.88510
2.1	0.88242
2.105	0.88303
2.11	0.88551
2.115	0.88604
2.12	0.88834
2.125	0.88928
2.13	0.88614
2.135	0.88611
2.14	0.88317
2.145	0.88291
2.15	0.88241
2.155	0.88350
2.16	0.88448
2.165	0.88198
2.17	0.88241
2.175	0.88496
2.18	0.88500
2.185	0.88234
2.19	0.88274
2.195	0.88082
2.2	0.87815
2.205	0.87559
2.21	0.87267
2.215	0.87863
2.22	0.87936
2.225	0.87790
2.23	0.87777
2.235	0.88184
2.24	0.88195
2.245	0.87930
2.25	0.88318
2.255	0.88158
2.26	0.88623
2.265	0.89065
2.27	0.88976
2.275	0.88842
2.28	0.88985
2.285	0.88924
2.29	0.88462
2.295	0.88297
2.3	0.88742
2.305	0.88624
2.31	0.88213
2.315	0.87895
2.32	0.88512
2.325	0.88939
2.33	0.89268
2.335	0.89134
2.34	0.89725
2.345	0.90015
2.35	0.89481
2.355	0.88866
2.36	0.89034
2.365	0.88982
2.37	0.88840
2.375	0.89086
2.38	0.89602
2.385	0.89308
2.39	0.89162
2.395	0.89268
2.4	0.89297
2.405	0.89038
2.41	0.89050
2.415	0.89253
2.42	0.89077
2.425	0.89091
2.43	0.89402
2.435	0.89142
2.44	0.88885
2.445	0.88476
2.45	0.88094
2.455	0.87400
2.46	0.87137
2.465	0.86860
2.47	0.87332
2.475	0.87053
2.48	0.86899
2.485	0.86799
2.49	0.87457
2.495	0.87494
2.5	0.86959
2.505	0.86629
2.51	0.86574
2.515	0.86125
2.52	0.86173
2.525	0.86212
2.53	0.85981
2.535	0.85735
2.54	0.85305
2.545	0.85576
2.55	0.85288
2.555	0.85752
2.56	0.85111
2.565	0.84746
2.57	0.84231
2.575	0.84771
2.58	0.84484
2.585	0.84188
2.59	0.84024
2.595	0.84958
2.6	0.84290
