#Wavelength,	QER1,	QEG1,	QEB1,	QER2,	QEG2,	QEB2,	Scout,	Telescope,	total 
3.750000000000000000e+02 4.700000000000000011e-02 2.000000000000000042e-02 2.500000000000000139e-02 8.699999999999999400e-02 3.300000000000000155e-02 5.299999999999999850e-02 -6.977028097000000033e-06 1.357999999999996987e-01 -1.639141118940594491e-07
3.800000000000000000e+02 4.399999999999999745e-02 2.000000000000000042e-02 4.499999999999999833e-02 8.999999999999999667e-02 3.599999999999999728e-02 8.699999999999999400e-02 2.932913485000000012e-06 2.012999999999989242e-01 1.257542382049958355e-07
3.850000000000000000e+02 4.100000000000000172e-02 2.100000000000000130e-02 7.900000000000000078e-02 8.899999999999999578e-02 3.899999999999999994e-02 1.290000000000000036e-01 -2.784196113000000150e-06 2.667999999999990379e-01 -1.909056453977381227e-07
3.900000000000000000e+02 3.699999999999999817e-02 2.299999999999999961e-02 1.219999999999999973e-01 8.200000000000000344e-02 4.100000000000000172e-02 1.729999999999999871e-01 -1.616614289000000047e-05 3.322999999999991516e-01 -1.590114747574707888e-06
3.950000000000000000e+02 3.400000000000000244e-02 2.299999999999999961e-02 1.640000000000000069e-01 7.299999999999999545e-02 4.200000000000000261e-02 2.099999999999999922e-01 -5.621589952999999970e-06 3.977999999999992653e-01 -7.267872570736035773e-07
4.000000000000000000e+02 3.200000000000000067e-02 2.400000000000000050e-02 1.910000000000000031e-01 6.700000000000000400e-02 4.299999999999999656e-02 2.330000000000000127e-01 1.769999999999999968e-08 4.632999999999993790e-01 2.812740629999996342e-09
4.050000000000000000e+02 2.999999999999999889e-02 2.500000000000000139e-02 2.240000000000000047e-01 5.800000000000000294e-02 4.299999999999999656e-02 2.580000000000000071e-01 -1.145867165000000037e-05 4.837000000000000188e-01 -1.989778852280695216e-06
4.100000000000000000e+02 2.800000000000000058e-02 2.699999999999999969e-02 2.510000000000000009e-01 4.900000000000000189e-02 4.499999999999999833e-02 2.770000000000000240e-01 1.919512404000000021e-05 5.040999999999999925e-01 3.589893212597244279e-06
4.150000000000000000e+02 2.699999999999999969e-02 2.900000000000000147e-02 2.660000000000000142e-01 4.100000000000000172e-02 4.700000000000000011e-02 2.889999999999999791e-01 1.459604595000000055e-05 5.244999999999999662e-01 2.886171039992174663e-06
4.200000000000000000e+02 2.599999999999999881e-02 3.200000000000000067e-02 2.790000000000000258e-01 3.500000000000000333e-02 4.900000000000000189e-02 2.969999999999999862e-01 -2.793524473000000175e-06 5.448999999999999400e-01 -5.799549559136637647e-07
4.250000000000000000e+02 2.500000000000000139e-02 3.400000000000000244e-02 2.979999999999999871e-01 2.900000000000000147e-02 4.900000000000000189e-02 3.119999999999999996e-01 -2.797196619000000294e-05 5.653000000000001357e-01 -6.166895470010732825e-06
4.300000000000000000e+02 2.400000000000000050e-02 3.799999999999999906e-02 3.099999999999999978e-01 2.500000000000000139e-02 4.800000000000000100e-02 3.220000000000000084e-01 5.462261847999999532e-05 5.857000000000001094e-01 1.263702471927572180e-05
4.350000000000000000e+02 2.400000000000000050e-02 4.299999999999999656e-02 3.280000000000000138e-01 2.100000000000000130e-02 5.000000000000000278e-02 3.330000000000000182e-01 7.302462588999999505e-05 6.061000000000000831e-01 1.788113120377931732e-05
4.400000000000000000e+02 2.400000000000000050e-02 4.900000000000000189e-02 3.469999999999999751e-01 1.899999999999999953e-02 5.700000000000000205e-02 3.449999999999999734e-01 7.984527946000000067e-04 6.265000000000000568e-01 2.105971145189149162e-04
4.450000000000000000e+02 2.400000000000000050e-02 5.299999999999999850e-02 3.619999999999999885e-01 1.600000000000000033e-02 6.600000000000000311e-02 3.569999999999999840e-01 7.498069762999999555e-02 6.469000000000000306e-01 2.129370083731583346e-02
4.500000000000000000e+02 2.299999999999999961e-02 5.800000000000000294e-02 3.719999999999999973e-01 1.400000000000000029e-02 7.499999999999999722e-02 3.619999999999999885e-01 8.835502624999999055e-01 6.673000000000000043e-01 2.659064836649787100e-01
4.550000000000000000e+02 2.400000000000000050e-02 6.700000000000000400e-02 3.760000000000000009e-01 1.200000000000000025e-02 8.000000000000000167e-02 3.659999999999999920e-01 9.839125061000000283e-01 6.755299999999999638e-01 3.044153861825456553e-01
4.600000000000000000e+02 2.599999999999999881e-02 8.000000000000000167e-02 3.790000000000000036e-01 1.000000000000000021e-02 8.100000000000000255e-02 3.649999999999999911e-01 9.859605408000000626e-01 6.837600000000000344e-01 3.074171329960980747e-01
4.650000000000000000e+02 2.900000000000000147e-02 9.700000000000000289e-02 3.790000000000000036e-01 1.000000000000000021e-02 8.599999999999999312e-02 3.639999999999999902e-01 9.883530426000000091e-01 6.919899999999999940e-01 3.146079940964360278e-01
4.700000000000000000e+02 3.300000000000000155e-02 1.179999999999999938e-01 3.719999999999999973e-01 1.000000000000000021e-02 9.800000000000000377e-02 3.609999999999999876e-01 9.888079070999999942e-01 7.002199999999999536e-01 3.247276611007845482e-01
4.750000000000000000e+02 3.599999999999999728e-02 1.409999999999999865e-01 3.709999999999999964e-01 1.000000000000000021e-02 1.199999999999999956e-01 3.539999999999999813e-01 9.851388549999999800e-01 7.084500000000000242e-01 3.377940649631789860e-01
4.800000000000000000e+02 3.599999999999999728e-02 1.529999999999999971e-01 3.599999999999999867e-01 1.099999999999999936e-02 1.449999999999999900e-01 3.439999999999999725e-01 9.897492981000000078e-01 7.166799999999999837e-01 3.546667634811540015e-01
4.850000000000000000e+02 3.500000000000000333e-02 1.590000000000000024e-01 3.489999999999999769e-01 1.000000000000000021e-02 1.700000000000000122e-01 3.280000000000000138e-01 9.850189971999999683e-01 7.249100000000000543e-01 3.627374616002080332e-01
4.900000000000000000e+02 3.300000000000000155e-02 1.640000000000000069e-01 3.280000000000000138e-01 8.999999999999999320e-03 1.970000000000000084e-01 3.079999999999999960e-01 9.893317413000000116e-01 7.331400000000000139e-01 3.728137978277745734e-01
4.950000000000000000e+02 3.400000000000000244e-02 1.809999999999999942e-01 3.130000000000000004e-01 8.999999999999999320e-03 2.250000000000000056e-01 2.859999999999999765e-01 9.885377502000000094e-01 7.413699999999999735e-01 3.810935605702024942e-01
5.000000000000000000e+02 3.599999999999999728e-02 2.049999999999999878e-01 2.879999999999999782e-01 8.000000000000000167e-03 2.520000000000000018e-01 2.610000000000000098e-01 9.878227997000000871e-01 7.496000000000000441e-01 3.857858967113176329e-01
5.050000000000000000e+02 3.699999999999999817e-02 2.300000000000000100e-01 2.640000000000000124e-01 8.000000000000000167e-03 2.760000000000000231e-01 2.340000000000000135e-01 9.738444518999999078e-01 7.534300000000000441e-01 3.800688379546188211e-01
5.100000000000000000e+02 3.599999999999999728e-02 2.600000000000000089e-01 2.320000000000000118e-01 8.000000000000000167e-03 2.989999999999999880e-01 2.039999999999999869e-01 9.780073547000001088e-01 7.572600000000000442e-01 3.784495890536824225e-01
5.150000000000000000e+02 3.500000000000000333e-02 2.889999999999999791e-01 1.980000000000000093e-01 1.000000000000000021e-02 3.200000000000000067e-01 1.739999999999999880e-01 9.920372009000000268e-01 7.610900000000000443e-01 3.805349149894224903e-01
5.200000000000000000e+02 3.400000000000000244e-02 3.140000000000000013e-01 1.650000000000000078e-01 1.400000000000000029e-02 3.360000000000000209e-01 1.419999999999999873e-01 9.920421600000000062e-01 7.649200000000000443e-01 3.733457814013824150e-01
5.250000000000000000e+02 3.200000000000000067e-02 3.360000000000000209e-01 1.340000000000000080e-01 1.799999999999999864e-02 3.459999999999999742e-01 1.140000000000000041e-01 9.885134125000000216e-01 7.687500000000000444e-01 3.632416098407812988e-01
5.300000000000000000e+02 3.099999999999999978e-02 3.420000000000000262e-01 1.059999999999999970e-01 1.799999999999999864e-02 3.469999999999999751e-01 9.400000000000000022e-02 9.944969940000000230e-01 7.725800000000000445e-01 3.526627758196546614e-01
5.350000000000000000e+02 3.200000000000000067e-02 3.469999999999999751e-01 8.500000000000000611e-02 1.400000000000000029e-02 3.449999999999999734e-01 8.100000000000000255e-02 9.844147490999999306e-01 7.764100000000000446e-01 3.362961603534416200e-01
5.400000000000000000e+02 3.300000000000000155e-02 3.459999999999999742e-01 6.600000000000000311e-02 8.999999999999999320e-03 3.449999999999999734e-01 7.000000000000000666e-02 9.926889037999999665e-01 7.802400000000000446e-01 3.284030902875866853e-01
5.450000000000000000e+02 3.400000000000000244e-02 3.410000000000000253e-01 4.900000000000000189e-02 6.000000000000000125e-03 3.390000000000000235e-01 5.999999999999999778e-02 9.891111755000000505e-01 7.840700000000000447e-01 3.140906217465854744e-01
5.500000000000000000e+02 3.300000000000000155e-02 3.330000000000000182e-01 3.400000000000000244e-02 4.000000000000000083e-03 3.260000000000000120e-01 4.900000000000000189e-02 9.925152588000000220e-01 7.879000000000000448e-01 2.963790507428291088e-01
5.550000000000000000e+02 3.099999999999999978e-02 3.200000000000000067e-01 2.299999999999999961e-02 4.000000000000000083e-03 3.130000000000000004e-01 3.899999999999999994e-02 9.912794495000000206e-01 7.884900000000000242e-01 2.782545601965067950e-01
5.600000000000000000e+02 2.800000000000000058e-02 3.019999999999999907e-01 1.499999999999999944e-02 5.000000000000000104e-03 2.969999999999999862e-01 2.900000000000000147e-02 9.919753264999999764e-01 7.890800000000000036e-01 2.590895518000592146e-01
5.650000000000000000e+02 2.699999999999999969e-02 2.889999999999999791e-01 1.000000000000000021e-02 7.000000000000000146e-03 2.780000000000000249e-01 2.299999999999999961e-02 9.919813537999999653e-01 7.896699999999999831e-01 2.412680780218157961e-01
5.700000000000000000e+02 2.900000000000000147e-02 2.700000000000000178e-01 7.000000000000000146e-03 1.600000000000000033e-02 2.610000000000000098e-01 1.899999999999999953e-02 9.879013061999999401e-01 7.902599999999999625e-01 2.310868703263331825e-01
5.750000000000000000e+02 3.699999999999999817e-02 2.479999999999999982e-01 5.000000000000000104e-03 4.700000000000000011e-02 2.399999999999999911e-01 1.700000000000000122e-02 9.944419861000000083e-01 7.908500000000000529e-01 2.390821511909842767e-01
5.800000000000000000e+02 5.399999999999999939e-02 2.280000000000000082e-01 4.000000000000000083e-03 1.239999999999999991e-01 2.179999999999999993e-01 1.600000000000000033e-02 9.888431549000000764e-01 7.914400000000000324e-01 2.801743894920320499e-01
5.850000000000000000e+02 8.599999999999999312e-02 2.049999999999999878e-01 3.000000000000000062e-03 2.129999999999999949e-01 1.920000000000000040e-01 1.499999999999999944e-02 9.909089661000000104e-01 7.920300000000000118e-01 3.296284439364768892e-01
5.900000000000000000e+02 1.320000000000000062e-01 1.779999999999999916e-01 2.000000000000000042e-03 2.620000000000000107e-01 1.660000000000000087e-01 1.400000000000000029e-02 9.907875823999999776e-01 7.926199999999999912e-01 3.471105796743545469e-01
5.950000000000000000e+02 1.849999999999999978e-01 1.499999999999999944e-01 2.000000000000000042e-03 2.819999999999999729e-01 1.390000000000000124e-01 1.200000000000000025e-02 9.913534546000000169e-01 7.932099999999999707e-01 3.404901881221741866e-01
6.000000000000000000e+02 2.330000000000000127e-01 1.209999999999999964e-01 2.000000000000000042e-03 2.869999999999999774e-01 1.110000000000000014e-01 1.099999999999999936e-02 9.924112700999999648e-01 7.937999999999999501e-01 3.222004110780003483e-01
6.050000000000000000e+02 2.590000000000000080e-01 9.099999999999999756e-02 2.000000000000000042e-03 2.899999999999999800e-01 8.599999999999999312e-02 1.000000000000000021e-02 9.845580292000000178e-01 7.932299999999999907e-01 3.014586526838939906e-01
6.100000000000000000e+02 2.730000000000000204e-01 6.600000000000000311e-02 2.000000000000000042e-03 2.889999999999999791e-01 6.700000000000000400e-02 1.000000000000000021e-02 9.909954071000000031e-01 7.926599999999999202e-01 2.875012054974302456e-01
6.150000000000000000e+02 2.810000000000000275e-01 4.800000000000000100e-02 2.000000000000000042e-03 2.800000000000000266e-01 5.299999999999999850e-02 1.000000000000000021e-02 9.913825989000000227e-01 7.920899999999999608e-01 2.693456352676064647e-01
6.200000000000000000e+02 2.770000000000000240e-01 3.699999999999999817e-02 2.000000000000000042e-03 2.720000000000000195e-01 4.499999999999999833e-02 1.000000000000000021e-02 9.831149292000000983e-01 7.915200000000000014e-01 2.544567271046456192e-01
6.250000000000000000e+02 2.730000000000000204e-01 2.999999999999999889e-02 2.000000000000000042e-03 2.700000000000000178e-01 3.899999999999999994e-02 1.099999999999999936e-02 9.917649077999999285e-01 7.909500000000000419e-01 2.510196652238111947e-01
6.300000000000000000e+02 2.710000000000000187e-01 2.500000000000000139e-02 3.000000000000000062e-03 2.650000000000000133e-01 3.599999999999999728e-02 1.200000000000000025e-02 9.898908996999999932e-01 7.903799999999999715e-01 2.448880603924293020e-01
6.350000000000000000e+02 2.650000000000000133e-01 2.199999999999999872e-02 3.000000000000000062e-03 2.590000000000000080e-01 3.400000000000000244e-02 1.400000000000000029e-02 9.805581664999999392e-01 7.898100000000000120e-01 2.377575761633931029e-01
6.400000000000000000e+02 2.580000000000000071e-01 2.000000000000000042e-02 4.000000000000000083e-03 2.550000000000000044e-01 3.200000000000000067e-02 1.600000000000000033e-02 9.919325256000000035e-01 7.892400000000000526e-01 2.372104664308768984e-01
6.450000000000000000e+02 2.530000000000000027e-01 1.700000000000000122e-02 4.000000000000000083e-03 2.469999999999999973e-01 2.999999999999999889e-02 1.799999999999999864e-02 9.917247009000000890e-01 7.886699999999999822e-01 2.307323383583469445e-01
6.500000000000000000e+02 2.429999999999999938e-01 1.499999999999999944e-02 5.000000000000000104e-03 2.369999999999999885e-01 2.800000000000000058e-02 2.000000000000000042e-02 9.819695282000000525e-01 7.881000000000000227e-01 2.205587027747097362e-01
6.550000000000000000e+02 2.369999999999999885e-01 1.400000000000000029e-02 6.000000000000000125e-03 2.340000000000000135e-01 2.800000000000000058e-02 2.199999999999999872e-02 9.879933929000001003e-01 7.872000000000000108e-01 2.208805452850099993e-01
6.600000000000000000e+02 2.330000000000000127e-01 1.499999999999999944e-02 6.000000000000000125e-03 2.300000000000000100e-01 2.999999999999999889e-02 2.500000000000000139e-02 9.940391540999999886e-01 7.862999999999999989e-01 2.227597012576165991e-01
6.650000000000000000e+02 2.260000000000000064e-01 1.600000000000000033e-02 7.000000000000000146e-03 2.220000000000000029e-01 3.300000000000000155e-02 2.699999999999999969e-02 9.865572357000000903e-01 7.853999999999999870e-01 2.185054589230959743e-01
6.700000000000000000e+02 2.200000000000000011e-01 1.899999999999999953e-02 7.000000000000000146e-03 2.159999999999999976e-01 3.699999999999999817e-02 2.800000000000000058e-02 9.840863036999999425e-01 7.844999999999999751e-01 2.169364131759946301e-01
6.750000000000000000e+02 2.129999999999999949e-01 2.199999999999999872e-02 7.000000000000000146e-03 2.109999999999999931e-01 4.200000000000000261e-02 2.800000000000000058e-02 9.934660338999999896e-01 7.836000000000000743e-01 2.187528755500952604e-01
6.800000000000000000e+02 2.069999999999999896e-01 2.699999999999999969e-02 7.000000000000000146e-03 2.030000000000000138e-01 4.599999999999999922e-02 2.800000000000000058e-02 9.907064818999999911e-01 7.827000000000000624e-01 2.147929918571270524e-01
6.850000000000000000e+02 2.000000000000000111e-01 3.099999999999999978e-02 7.000000000000000146e-03 1.950000000000000067e-01 5.099999999999999672e-02 2.800000000000000058e-02 9.865081023999999754e-01 7.818000000000000504e-01 2.113230574410316920e-01
6.900000000000000000e+02 1.950000000000000067e-01 3.699999999999999817e-02 8.000000000000000167e-03 1.900000000000000022e-01 5.700000000000000205e-02 2.800000000000000058e-02 9.918560028000000806e-01 7.809000000000000385e-01 2.129985969612930297e-01
6.950000000000000000e+02 1.920000000000000040e-01 4.299999999999999656e-02 8.000000000000000167e-03 1.859999999999999987e-01 6.099999999999999867e-02 2.800000000000000058e-02 9.579743195000000044e-01 7.800000000000000266e-01 2.054854915327500031e-01
7.000000000000000000e+02 1.890000000000000013e-01 4.900000000000000189e-02 8.000000000000000167e-03 1.819999999999999951e-01 6.600000000000000311e-02 2.800000000000000058e-02 2.762521743999999946e-01 7.791000000000000147e-01 5.940294706471103969e-02
7.050000000000000000e+02 1.849999999999999978e-01 5.299999999999999850e-02 8.000000000000000167e-03 1.769999999999999907e-01 6.900000000000000577e-02 2.699999999999999969e-02 1.533467292999999947e-02 7.778800000000000159e-01 3.256490158409233553e-03
7.100000000000000000e+02 1.779999999999999916e-01 5.500000000000000028e-02 7.000000000000000146e-03 1.719999999999999862e-01 7.000000000000000666e-02 2.500000000000000139e-02 1.263105570999999930e-03 7.766600000000000170e-01 2.619279539303536147e-04
7.150000000000000000e+02 1.729999999999999871e-01 5.500000000000000028e-02 6.000000000000000125e-03 1.680000000000000104e-01 7.000000000000000666e-02 2.299999999999999961e-02 1.793338917000000246e-04 7.754400000000000182e-01 3.629535764774033900e-05
7.200000000000000000e+02 1.700000000000000122e-01 5.299999999999999850e-02 5.000000000000000104e-03 1.660000000000000087e-01 6.800000000000000488e-02 2.000000000000000042e-02 1.619782763999999878e-05 7.742200000000000193e-01 3.185333257321963217e-06
7.250000000000000000e+02 1.660000000000000087e-01 5.000000000000000278e-02 4.000000000000000083e-03 1.620000000000000051e-01 6.400000000000000133e-02 1.799999999999999864e-02 9.775155921999999160e-06 7.730000000000000204e-01 1.843711708760263672e-06
7.300000000000000000e+02 1.600000000000000033e-01 4.800000000000000100e-02 4.000000000000000083e-03 1.549999999999999989e-01 6.199999999999999956e-02 1.600000000000000033e-02 2.910477050999999784e-06 7.717800000000000216e-01 5.233757789720416195e-07
7.350000000000000000e+02 1.529999999999999971e-01 4.800000000000000100e-02 3.000000000000000062e-03 1.489999999999999936e-01 6.099999999999999867e-02 1.499999999999999944e-02 1.488089620000000031e-06 7.705600000000000227e-01 2.579990259571199841e-07
7.400000000000000000e+02 1.469999999999999918e-01 5.000000000000000278e-02 3.000000000000000062e-03 1.449999999999999900e-01 6.300000000000000044e-02 1.400000000000000029e-02 1.799999999999999905e-08 7.693400000000000238e-01 3.074282640000000032e-09
7.450000000000000000e+02 1.429999999999999882e-01 5.299999999999999850e-02 3.000000000000000062e-03 1.409999999999999865e-01 6.600000000000000311e-02 1.299999999999999940e-02 -1.303353696000000005e-05 7.681200000000000250e-01 -2.202490490137343959e-06
7.500000000000000000e+02 1.400000000000000133e-01 5.600000000000000117e-02 3.000000000000000062e-03 1.380000000000000115e-01 6.900000000000000577e-02 1.299999999999999940e-02 1.110593438999999944e-05 7.669000000000000261e-01 1.873771038412020261e-06
7.550000000000000000e+02 1.380000000000000115e-01 5.999999999999999778e-02 3.000000000000000062e-03 1.330000000000000071e-01 7.099999999999999367e-02 1.200000000000000025e-02 -1.433967961999999945e-05 7.655399999999999983e-01 -2.371161240639677015e-06
7.600000000000000000e+02 1.340000000000000080e-01 6.199999999999999956e-02 3.000000000000000062e-03 1.290000000000000036e-01 7.299999999999999545e-02 1.200000000000000025e-02 1.445339148999999981e-06 7.641799999999999704e-01 2.363628439689234996e-07
7.650000000000000000e+02 1.280000000000000027e-01 6.400000000000000133e-02 3.000000000000000062e-03 1.239999999999999991e-01 7.299999999999999545e-02 1.200000000000000025e-02 1.456966856000000033e-06 7.628200000000000536e-01 2.322833225326293450e-07
7.700000000000000000e+02 1.239999999999999991e-01 6.600000000000000311e-02 4.000000000000000083e-03 1.209999999999999964e-01 7.399999999999999634e-02 1.299999999999999940e-02 -2.980755526000000146e-06 7.614600000000000257e-01 -4.721030293882157683e-07
7.750000000000000000e+02 1.179999999999999938e-01 6.800000000000000488e-02 5.000000000000000104e-03 1.160000000000000059e-01 7.399999999999999634e-02 1.600000000000000033e-02 2.897739468999999721e-06 7.600999999999999979e-01 4.537297846997013974e-07
7.800000000000000000e+02 1.140000000000000041e-01 7.099999999999999367e-02 8.000000000000000167e-03 1.110000000000000014e-01 7.299999999999999545e-02 2.100000000000000130e-02 2.982408040999999864e-06 7.587399999999999700e-01 4.638888167908096530e-07
7.850000000000000000e+02 1.100000000000000006e-01 7.299999999999999545e-02 1.400000000000000029e-02 1.059999999999999970e-01 7.199999999999999456e-02 2.800000000000000058e-02 1.448713591999999961e-06 7.573799999999999422e-01 2.260287002636457171e-07
7.900000000000000000e+02 1.059999999999999970e-01 7.499999999999999722e-02 2.400000000000000050e-02 1.019999999999999934e-01 7.199999999999999456e-02 3.899999999999999994e-02 1.447167888000000076e-06 7.560199999999999143e-01 2.330407156040668673e-07
7.950000000000000000e+02 1.039999999999999952e-01 7.699999999999999900e-02 3.699999999999999817e-02 9.900000000000000466e-02 7.199999999999999456e-02 5.099999999999999672e-02 4.525260883000000196e-06 7.546599999999999975e-01 7.581374099081810589e-07
8.000000000000000000e+02 9.900000000000000466e-02 7.799999999999999989e-02 5.000000000000000278e-02 9.400000000000000022e-02 7.199999999999999456e-02 6.099999999999999867e-02 -4.277847765000000304e-06 7.532999999999999696e-01 -7.315081177520115362e-07
8.050000000000000000e+02 9.400000000000000022e-02 7.699999999999999900e-02 6.099999999999999867e-02 8.999999999999999667e-02 7.199999999999999456e-02 6.800000000000000488e-02 3.989999999999999994e-08 7.516699999999998383e-01 6.898075589999998580e-09
8.100000000000000000e+02 8.899999999999999578e-02 7.499999999999999722e-02 6.800000000000000488e-02 8.599999999999999312e-02 7.099999999999999367e-02 7.199999999999999456e-02 1.615511603000000047e-05 7.500399999999998180e-01 2.774789159015334102e-06
8.150000000000000000e+02 8.599999999999999312e-02 7.499999999999999722e-02 7.099999999999999367e-02 8.300000000000000433e-02 7.099999999999999367e-02 7.399999999999999634e-02 -8.861654205000000852e-06 7.484099999999997976e-01 -1.512130342172602919e-06
8.200000000000000000e+02 8.200000000000000344e-02 7.399999999999999634e-02 7.099999999999999367e-02 7.900000000000000078e-02 7.000000000000000666e-02 7.399999999999999634e-02 -4.315073602000000155e-06 7.467799999999998883e-01 -7.185975781838478574e-07
8.250000000000000000e+02 7.699999999999999900e-02 7.099999999999999367e-02 6.900000000000000577e-02 7.399999999999999634e-02 6.700000000000000400e-02 7.099999999999999367e-02 -2.963198640000000001e-06 7.451499999999998680e-01 -4.681018229183519646e-07
8.300000000000000000e+02 7.499999999999999722e-02 7.000000000000000666e-02 6.900000000000000577e-02 7.199999999999999456e-02 6.700000000000000400e-02 7.000000000000000666e-02 2.923200082000000321e-06 7.435199999999998477e-01 4.542526645184457424e-07
8.350000000000000000e+02 7.000000000000000666e-02 6.600000000000000311e-02 6.700000000000000400e-02 6.800000000000000488e-02 6.400000000000000133e-02 6.600000000000000311e-02 -7.281329599000000391e-06 7.418899999999999384e-01 -1.069585232008017908e-06
8.400000000000000000e+02 6.900000000000000577e-02 6.600000000000000311e-02 6.500000000000000222e-02 6.600000000000000311e-02 6.199999999999999956e-02 6.300000000000000044e-02 -8.402786915999999802e-06 7.402599999999999181e-01 -1.188067185105688512e-06
8.450000000000000000e+02 6.700000000000000400e-02 6.400000000000000133e-02 6.300000000000000044e-02 6.400000000000000133e-02 5.999999999999999778e-02 6.099999999999999867e-02 -1.305847079000000140e-05 7.386299999999998978e-01 -1.784394981729274320e-06
8.500000000000000000e+02 6.400000000000000133e-02 6.199999999999999956e-02 5.999999999999999778e-02 6.099999999999999867e-02 5.899999999999999689e-02 5.800000000000000294e-02 -1.850793720000000055e-05 7.369999999999998774e-01 -2.427982249519199611e-06
8.550000000000000000e+02 6.099999999999999867e-02 5.999999999999999778e-02 5.800000000000000294e-02 5.899999999999999689e-02 5.800000000000000294e-02 5.700000000000000205e-02 -8.486641455000000332e-06 7.354499999999999371e-01 -1.086021079705876365e-06
8.600000000000000000e+02 5.800000000000000294e-02 5.700000000000000205e-02 5.600000000000000117e-02 5.500000000000000028e-02 5.399999999999999939e-02 5.399999999999999939e-02 1.270343200000000025e-05 7.338999999999999968e-01 1.519656945402399968e-06
8.650000000000000000e+02 5.500000000000000028e-02 5.399999999999999939e-02 5.399999999999999939e-02 5.199999999999999761e-02 5.099999999999999672e-02 5.099999999999999672e-02 7.183034321999999445e-06 7.323500000000000565e-01 8.101162586003718534e-07
8.700000000000000000e+02 5.099999999999999672e-02 5.099999999999999672e-02 5.099999999999999672e-02 4.900000000000000189e-02 4.900000000000000189e-02 4.800000000000000100e-02 -1.243484206000000047e-05 7.308000000000000052e-01 -1.326757856307408329e-06
8.750000000000000000e+02 4.800000000000000100e-02 4.800000000000000100e-02 4.700000000000000011e-02 4.599999999999999922e-02 4.599999999999999922e-02 4.599999999999999922e-02 5.285935010999999537e-05 7.292499999999999538e-01 5.319579987345014517e-06
8.800000000000000000e+02 4.499999999999999833e-02 4.499999999999999833e-02 4.299999999999999656e-02 4.299999999999999656e-02 4.299999999999999656e-02 4.299999999999999656e-02 2.520097884999999993e-05 7.277000000000000135e-01 2.365699047879705230e-06
8.850000000000000000e+02 4.299999999999999656e-02 4.399999999999999745e-02 4.200000000000000261e-02 4.100000000000000172e-02 4.100000000000000172e-02 4.100000000000000172e-02 1.255048532000000133e-04 7.261500000000000732e-01 1.120964794559514310e-05
8.900000000000000000e+02 4.200000000000000261e-02 4.200000000000000261e-02 4.000000000000000083e-02 3.899999999999999994e-02 4.000000000000000083e-02 4.000000000000000083e-02 -4.755876027000000543e-05 7.246000000000000218e-01 -4.100868245305398464e-06
8.950000000000000000e+02 3.899999999999999994e-02 3.899999999999999994e-02 3.799999999999999906e-02 3.699999999999999817e-02 3.699999999999999817e-02 3.699999999999999817e-02 2.334737684999999910e-05 7.230499999999999705e-01 1.873826612284567214e-06
9.000000000000000000e+02 3.699999999999999817e-02 3.699999999999999817e-02 3.699999999999999817e-02 3.599999999999999728e-02 3.599999999999999728e-02 3.599999999999999728e-02 -1.812642068000000213e-04 7.215000000000000302e-01 -1.412446952226960065e-05
9.050000000000000000e+02 3.400000000000000244e-02 3.300000000000000155e-02 3.400000000000000244e-02 3.300000000000000155e-02 3.300000000000000155e-02 3.300000000000000155e-02 -7.814862182999999217e-06 7.199699999999999989e-01 -5.570201662635564332e-07
9.100000000000000000e+02 3.200000000000000067e-02 3.200000000000000067e-02 3.200000000000000067e-02 3.099999999999999978e-02 3.099999999999999978e-02 3.099999999999999978e-02 1.524845720000000038e-05 7.184399999999999675e-01 1.018824447941423915e-06
9.150000000000000000e+02 2.900000000000000147e-02 2.900000000000000147e-02 2.900000000000000147e-02 2.800000000000000058e-02 2.800000000000000058e-02 2.699999999999999969e-02 -3.783383406999999863e-05 7.169099999999999362e-01 -2.251246680599266988e-06
9.200000000000000000e+02 2.800000000000000058e-02 2.800000000000000058e-02 2.800000000000000058e-02 2.699999999999999969e-02 2.699999999999999969e-02 2.599999999999999881e-02 1.481799873999999984e-04 7.153800000000000159e-01 8.480399950896960642e-06
9.250000000000000000e+02 2.599999999999999881e-02 2.699999999999999969e-02 2.599999999999999881e-02 2.500000000000000139e-02 2.500000000000000139e-02 2.500000000000000139e-02 1.571302185999999941e-05 7.138500000000000956e-01 8.412555491070751332e-07
9.300000000000000000e+02 2.500000000000000139e-02 2.599999999999999881e-02 2.400000000000000050e-02 2.299999999999999961e-02 2.400000000000000050e-02 2.299999999999999961e-02 1.274565327999999955e-04 7.123200000000000642e-01 6.355288621086721848e-06
9.350000000000000000e+02 2.299999999999999961e-02 2.400000000000000050e-02 2.299999999999999961e-02 2.199999999999999872e-02 2.299999999999999961e-02 2.199999999999999872e-02 -6.744672428000000341e-06 7.107900000000000329e-01 -3.212010629115740838e-07
9.400000000000000000e+02 2.199999999999999872e-02 2.199999999999999872e-02 2.199999999999999872e-02 2.100000000000000130e-02 2.100000000000000130e-02 2.100000000000000130e-02 5.367931444000000361e-05 7.092600000000000016e-01 2.398573205262007510e-06
9.450000000000000000e+02 2.100000000000000130e-02 2.100000000000000130e-02 2.000000000000000042e-02 1.899999999999999953e-02 2.000000000000000042e-02 2.000000000000000042e-02 4.422012716999999452e-05 7.077299999999999702e-01 1.846458725519421474e-06
9.500000000000000000e+02 1.899999999999999953e-02 1.899999999999999953e-02 1.899999999999999953e-02 1.799999999999999864e-02 1.799999999999999864e-02 1.799999999999999864e-02 -7.717328845000000131e-06 7.062000000000000499e-01 -2.942987920383059999e-07
