#scaled trapazoidal data for 62231_avg_scaled_std_text.txt
# startwidth 		endwidth 		startheight 		endheight 		slope 			y-intercept 			area
3.000000000000000000e+02 3.050000000000000000e+02 5.610320678779999459e-02 5.888320678779999928e-02 5.560000000000009379e-04 -1.106967932122002868e-01 2.874660339389999986e-01
3.050000000000000000e+02 3.100000000000000000e+02 5.888320678779999928e-02 6.006320678779999978e-02 2.360000000000000986e-04 -1.309679321220003079e-02 2.973660339390000185e-01
3.100000000000000000e+02 3.150000000000000000e+02 6.006320678779999978e-02 6.141320678780000375e-02 2.700000000000008166e-04 -2.363679321220024665e-02 3.036910339389999880e-01
3.150000000000000000e+02 3.200000000000000000e+02 6.141320678780000375e-02 6.266320678780000486e-02 2.500000000000002220e-04 -1.733679321220006619e-02 3.101910339390000493e-01
3.200000000000000000e+02 3.250000000000000000e+02 6.266320678780000486e-02 6.420320678780000456e-02 3.079999999999999513e-04 -3.589679321219997610e-02 3.171660339390000583e-01
3.250000000000000000e+02 3.300000000000000000e+02 6.420320678780000456e-02 6.579320678779999876e-02 3.179999999999988392e-04 -3.914679321219961816e-02 3.249910339389999736e-01
3.300000000000000000e+02 3.350000000000000000e+02 6.579320678779999876e-02 6.692320678780000476e-02 2.260000000000012108e-04 -8.786793212200397218e-03 3.317910339390000019e-01
3.350000000000000000e+02 3.400000000000000000e+02 6.692320678780000476e-02 6.837320678779999772e-02 2.899999999999985922e-04 -3.022679321219952364e-02 3.382410339390000686e-01
3.400000000000000000e+02 3.450000000000000000e+02 6.837320678779999772e-02 7.004320678780000253e-02 3.340000000000009628e-04 -4.518679321220032963e-02 3.460410339389999868e-01
3.450000000000000000e+02 3.500000000000000000e+02 7.004320678780000253e-02 7.171320678780000735e-02 3.340000000000009628e-04 -4.518679321220032963e-02 3.543910339390000108e-01
3.500000000000000000e+02 3.550000000000000000e+02 7.171320678780000735e-02 7.310320678779999581e-02 2.779999999999977042e-04 -2.558679321219918534e-02 3.620410339390000010e-01
3.550000000000000000e+02 3.600000000000000000e+02 7.310320678779999581e-02 7.448320678780000204e-02 2.760000000000012335e-04 -2.487679321220044593e-02 3.689660339389999599e-01
3.600000000000000000e+02 3.650000000000000000e+02 7.448320678780000204e-02 7.638320678780000095e-02 3.799999999999998041e-04 -6.231679321219993350e-02 3.771660339389999450e-01
3.650000000000000000e+02 3.700000000000000000e+02 7.638320678780000095e-02 7.800320678779999739e-02 3.239999999999993103e-04 -4.187679321219975326e-02 3.859660339390000305e-01
3.700000000000000000e+02 3.750000000000000000e+02 7.800320678779999739e-02 7.961320678779999771e-02 3.220000000000000748e-04 -4.113679321220002627e-02 3.940410339389999739e-01
3.750000000000000000e+02 3.800000000000000000e+02 7.961320678779999771e-02 8.111320678779999904e-02 3.000000000000002448e-04 -3.288679321220008833e-02 4.018160339390000058e-01
3.800000000000000000e+02 3.850000000000000000e+02 8.111320678779999904e-02 8.270320678780000712e-02 3.180000000000016039e-04 -3.972679321220061455e-02 4.095410339389999876e-01
3.850000000000000000e+02 3.900000000000000000e+02 8.270320678780000712e-02 8.420320678779999457e-02 2.999999999999974801e-04 -3.279679321219902688e-02 4.172660339389999695e-01
3.900000000000000000e+02 3.950000000000000000e+02 8.420320678779999457e-02 8.577320678779999652e-02 3.140000000000003682e-04 -3.825679321220014362e-02 4.249410339390000124e-01
3.950000000000000000e+02 4.000000000000000000e+02 8.577320678779999652e-02 8.687320678780000027e-02 2.200000000000007397e-04 -1.126793212200299932e-03 4.316160339390000544e-01
4.000000000000000000e+02 4.050000000000000000e+02 8.687320678780000027e-02 8.867320678779999632e-02 3.599999999999992095e-04 -5.712679321219968354e-02 4.388660339389999776e-01
4.050000000000000000e+02 4.100000000000000000e+02 8.867320678779999632e-02 9.010320678779999704e-02 2.860000000000001213e-04 -2.715679321220004772e-02 4.469410339389999764e-01
4.100000000000000000e+02 4.150000000000000000e+02 9.010320678779999704e-02 9.152320678780000163e-02 2.840000000000009401e-04 -2.633679321220039338e-02 4.540660339390000244e-01
4.150000000000000000e+02 4.200000000000000000e+02 9.152320678780000163e-02 9.257320678779999701e-02 2.099999999999990871e-04 4.373206787800384965e-03 4.602410339390000105e-01
4.200000000000000000e+02 4.250000000000000000e+02 9.257320678779999701e-02 9.431320678780000244e-02 3.480000000000010862e-04 -5.358679321220047309e-02 4.672160339389999639e-01
4.250000000000000000e+02 4.300000000000000000e+02 9.431320678780000244e-02 9.568320678779999866e-02 2.739999999999992333e-04 -2.213679321219967633e-02 4.749910339389999958e-01
4.300000000000000000e+02 4.350000000000000000e+02 9.568320678779999866e-02 9.701320678779999651e-02 2.659999999999995810e-04 -1.869679321219981649e-02 4.817410339389999741e-01
4.350000000000000000e+02 4.400000000000000000e+02 9.701320678779999651e-02 9.828320678780000375e-02 2.540000000000014577e-04 -1.347679321220063287e-02 4.882410339390000353e-01
4.400000000000000000e+02 4.450000000000000000e+02 9.828320678780000375e-02 9.962320678779999772e-02 2.679999999999988164e-04 -1.963679321219947982e-02 4.947660339390000384e-01
4.450000000000000000e+02 4.500000000000000000e+02 9.962320678779999772e-02 1.009632067878000056e-01 2.680000000000015811e-04 -1.963679321220070106e-02 5.014660339390000221e-01
4.500000000000000000e+02 4.550000000000000000e+02 1.009632067878000056e-01 1.026932067878000010e-01 3.459999999999990861e-04 -5.473679321219956928e-02 5.091410339390000095e-01
4.550000000000000000e+02 4.600000000000000000e+02 1.026932067878000010e-01 1.036032067877999951e-01 1.819999999999988402e-04 1.988320678780053363e-02 5.157410339389999487e-01
4.600000000000000000e+02 4.650000000000000000e+02 1.036032067877999951e-01 1.048432067878000001e-01 2.480000000000009866e-04 -1.047679321220046367e-02 5.211160339389999674e-01
4.650000000000000000e+02 4.700000000000000000e+02 1.048432067878000001e-01 1.063032067878000031e-01 2.920000000000005924e-04 -3.093679321220027534e-02 5.278660339390000011e-01
4.700000000000000000e+02 4.750000000000000000e+02 1.063032067878000031e-01 1.078832067878000012e-01 3.159999999999996037e-04 -4.221679321219981573e-02 5.354660339390000523e-01
4.750000000000000000e+02 4.800000000000000000e+02 1.078832067878000012e-01 1.091832067878000107e-01 2.600000000000018746e-04 -1.561679321220088568e-02 5.426660339390000365e-01
4.800000000000000000e+02 4.850000000000000000e+02 1.091832067878000107e-01 1.104332067878000118e-01 2.500000000000002220e-04 -1.081679321220009593e-02 5.490410339390000560e-01
4.850000000000000000e+02 4.900000000000000000e+02 1.104332067878000118e-01 1.115432067878000116e-01 2.219999999999999751e-04 2.763206787800023823e-03 5.549410339390000724e-01
4.900000000000000000e+02 4.950000000000000000e+02 1.115432067878000116e-01 1.127532067878000005e-01 2.419999999999977779e-04 -7.036793212198896863e-03 5.607410339389999887e-01
4.950000000000000000e+02 5.000000000000000000e+02 1.127532067878000005e-01 1.140532067877999961e-01 2.599999999999991099e-04 -1.594679321219956425e-02 5.670160339390000193e-01
5.000000000000000000e+02 5.050000000000000000e+02 1.140532067877999961e-01 1.152032067878000082e-01 2.300000000000024193e-04 -9.467932122012162610e-04 5.731410339389999553e-01
5.050000000000000000e+02 5.100000000000000000e+02 1.152032067878000082e-01 1.162732067877999959e-01 2.139999999999975310e-04 7.133206787801257831e-03 5.786910339390000102e-01
5.100000000000000000e+02 5.150000000000000000e+02 1.162732067877999959e-01 1.177632067878000149e-01 2.980000000000038282e-04 -3.570679321220195102e-02 5.850910339390000825e-01
5.150000000000000000e+02 5.200000000000000000e+02 1.177632067878000149e-01 1.187932067877999903e-01 2.059999999999950868e-04 1.167320678780255083e-02 5.913910339390000548e-01
5.200000000000000000e+02 5.250000000000000000e+02 1.187932067877999903e-01 1.199232067878000102e-01 2.260000000000039755e-04 1.273206787797923067e-03 5.967910339390000152e-01
5.250000000000000000e+02 5.300000000000000000e+02 1.199232067878000102e-01 1.209532067878000133e-01 2.060000000000006162e-04 1.177320678779968099e-02 6.021910339390000866e-01
5.300000000000000000e+02 5.350000000000000000e+02 1.209532067878000133e-01 1.222532067878000089e-01 2.599999999999991099e-04 -1.684679321219952064e-02 6.080160339390000557e-01
5.350000000000000000e+02 5.400000000000000000e+02 1.222532067878000089e-01 1.232632067877999921e-01 2.019999999999966159e-04 1.418320678780181365e-02 6.137910339390000303e-01
5.400000000000000000e+02 5.450000000000000000e+02 1.232632067877999921e-01 1.244032067877999942e-01 2.280000000000004191e-04 1.432067877997628136e-04 6.191660339389999379e-01
5.450000000000000000e+02 5.500000000000000000e+02 1.244032067877999942e-01 1.255232067877999902e-01 2.239999999999992106e-04 2.323206787800430329e-03 6.248160339389998708e-01
5.500000000000000000e+02 5.550000000000000000e+02 1.255232067877999902e-01 1.265132067877999811e-01 1.979999999999981720e-04 1.662320678780099259e-02 6.300910339389999004e-01
5.550000000000000000e+02 5.600000000000000000e+02 1.265132067877999811e-01 1.276032067878000165e-01 2.180000000000070878e-04 5.523206787796053341e-03 6.352910339389999939e-01
5.600000000000000000e+02 5.650000000000000000e+02 1.276032067878000165e-01 1.286532067878000118e-01 2.099999999999990871e-04 1.000320678780053374e-02 6.406410339390000708e-01
5.650000000000000000e+02 5.700000000000000000e+02 1.286532067878000118e-01 1.297032067878000072e-01 2.099999999999990871e-04 1.000320678780053374e-02 6.458910339390000477e-01
5.700000000000000000e+02 5.750000000000000000e+02 1.297032067878000072e-01 1.306932067877999981e-01 1.979999999999981720e-04 1.684320678780104608e-02 6.509910339390000411e-01
5.750000000000000000e+02 5.800000000000000000e+02 1.306932067877999981e-01 1.317132067878000190e-01 2.040000000000041726e-04 1.339320678779759577e-02 6.560160339389999873e-01
5.800000000000000000e+02 5.850000000000000000e+02 1.317132067878000190e-01 1.326832067877999899e-01 1.939999999999941717e-04 1.919320678780339628e-02 6.609910339390000500e-01
5.850000000000000000e+02 5.900000000000000000e+02 1.326832067877999899e-01 1.337332067877999853e-01 2.099999999999990871e-04 9.833206787800530257e-03 6.660410339389999379e-01
5.900000000000000000e+02 5.950000000000000000e+02 1.337332067877999853e-01 1.346232067877999872e-01 1.780000000000003693e-04 2.871320678779976099e-02 6.708910339389999589e-01
5.950000000000000000e+02 6.000000000000000000e+02 1.346232067877999872e-01 1.356032067878000236e-01 1.960000000000072849e-04 1.800320678779565586e-02 6.755660339390000546e-01
6.000000000000000000e+02 6.050000000000000000e+02 1.356032067878000236e-01 1.367032067878000134e-01 2.199999999999979750e-04 3.603206787801238598e-03 6.807660339390000370e-01
6.050000000000000000e+02 6.100000000000000000e+02 1.367032067878000134e-01 1.375732067877999953e-01 1.739999999999963689e-04 3.143320678780220367e-02 6.856910339389999942e-01
6.100000000000000000e+02 6.150000000000000000e+02 1.375732067877999953e-01 1.386032067878000262e-01 2.060000000000061727e-04 1.191320678779622666e-02 6.904410339390000262e-01
6.150000000000000000e+02 6.200000000000000000e+02 1.386032067878000262e-01 1.397232067877999806e-01 2.239999999999908622e-04 8.432067878056392907e-04 6.958160339390000448e-01
6.200000000000000000e+02 6.250000000000000000e+02 1.397232067877999806e-01 1.407132067878000270e-01 1.980000000000092851e-04 1.696320678779422719e-02 7.010910339389999635e-01
6.250000000000000000e+02 6.300000000000000000e+02 1.407132067878000270e-01 1.416832067877999979e-01 1.939999999999941717e-04 1.946320678780366631e-02 7.059910339390000900e-01
6.300000000000000000e+02 6.350000000000000000e+02 1.416832067877999979e-01 1.425332067878000153e-01 1.700000000000034817e-04 3.458320678779780444e-02 7.105410339390000329e-01
6.350000000000000000e+02 6.400000000000000000e+02 1.425332067878000153e-01 1.433732067878000227e-01 1.680000000000014815e-04 3.585320678779907455e-02 7.147660339390000672e-01
6.400000000000000000e+02 6.450000000000000000e+02 1.433732067878000227e-01 1.444832067878000226e-01 2.219999999999999751e-04 1.293206787800038615e-03 7.196410339390001409e-01
6.450000000000000000e+02 6.500000000000000000e+02 1.444832067878000226e-01 1.452432067878000055e-01 1.519999999999965931e-04 4.644320678780221312e-02 7.243160339390000146e-01
6.500000000000000000e+02 6.550000000000000000e+02 1.452432067878000055e-01 1.462232067877999864e-01 1.959999999999961719e-04 1.784320678780249025e-02 7.286660339389999796e-01
6.550000000000000000e+02 6.600000000000000000e+02 1.462232067877999864e-01 1.470632067877999938e-01 1.680000000000014815e-04 3.618320678779901600e-02 7.332160339389999226e-01
6.600000000000000000e+02 6.650000000000000000e+02 1.470632067877999938e-01 1.480532067877999847e-01 1.979999999999981720e-04 1.638320678780119666e-02 7.377910339389999184e-01
6.650000000000000000e+02 6.700000000000000000e+02 1.480532067877999847e-01 1.486932067878000141e-01 1.280000000000058760e-04 6.293320678779608379e-02 7.418660339389999692e-01
6.700000000000000000e+02 6.750000000000000000e+02 1.486932067878000141e-01 1.495732067878000060e-01 1.759999999999983691e-04 3.077320678780111340e-02 7.456660339389999947e-01
6.750000000000000000e+02 6.800000000000000000e+02 1.495732067878000060e-01 1.503032067878000144e-01 1.460000000000016786e-04 5.102320678779886931e-02 7.496910339390000511e-01
6.800000000000000000e+02 6.850000000000000000e+02 1.503032067878000144e-01 1.512032067878000263e-01 1.800000000000023695e-04 2.790320678779840968e-02 7.537660339390001019e-01
6.850000000000000000e+02 6.900000000000000000e+02 1.512032067878000263e-01 1.519632067878000092e-01 1.519999999999965931e-04 4.708320678780235358e-02 7.579160339390000889e-01
6.900000000000000000e+02 6.950000000000000000e+02 1.519632067878000092e-01 1.527832067877999966e-01 1.639999999999974811e-04 3.880320678780174726e-02 7.618660339389999869e-01
6.950000000000000000e+02 7.000000000000000000e+02 1.527832067877999966e-01 1.535832067878000196e-01 1.600000000000045938e-04 4.158320678779679758e-02 7.659160339390000960e-01
7.000000000000000000e+02 7.050000000000000000e+02 1.535832067878000196e-01 1.544132067878000170e-01 1.659999999999994813e-04 3.738320678780038264e-02 7.699910339390001468e-01
7.050000000000000000e+02 7.100000000000000000e+02 1.544132067878000170e-01 1.550532067877999909e-01 1.279999999999947900e-04 6.417320678780369381e-02 7.736660339390000196e-01
7.100000000000000000e+02 7.150000000000000000e+02 1.550532067877999909e-01 1.556932067878000203e-01 1.280000000000058760e-04 6.417320678779582510e-02 7.768660339390000003e-01
7.150000000000000000e+02 7.200000000000000000e+02 1.556932067878000203e-01 1.561832067878000108e-01 9.799999999999808593e-05 8.562320678780138694e-02 7.796910339390000777e-01
7.200000000000000000e+02 7.250000000000000000e+02 1.561832067878000108e-01 1.569932067877999882e-01 1.619999999999954809e-04 3.954320678780326448e-02 7.829410339389999418e-01
7.250000000000000000e+02 7.300000000000000000e+02 1.569932067877999882e-01 1.578032067878000211e-01 1.620000000000065940e-04 3.954320678779520148e-02 7.869910339390000509e-01
7.300000000000000000e+02 7.350000000000000000e+02 1.578032067878000211e-01 1.584232067877999750e-01 1.239999999999907897e-04 6.728320678780674857e-02 7.905660339389999347e-01
7.350000000000000000e+02 7.400000000000000000e+02 1.584232067877999750e-01 1.592432067878000179e-01 1.640000000000085942e-04 3.788320678779365236e-02 7.941660339389999823e-01
7.400000000000000000e+02 7.450000000000000000e+02 1.592432067878000179e-01 1.600532067877999953e-01 1.619999999999954809e-04 3.936320678780336202e-02 7.982410339390000331e-01
7.450000000000000000e+02 7.500000000000000000e+02 1.600532067877999953e-01 1.607132067877999893e-01 1.319999999999987904e-04 6.171320678780090052e-02 8.019160339389999059e-01
7.500000000000000000e+02 7.550000000000000000e+02 1.607132067877999893e-01 1.615032067878000022e-01 1.580000000000025937e-04 4.221320678779803826e-02 8.055410339390000063e-01
7.550000000000000000e+02 7.600000000000000000e+02 1.615032067878000022e-01 1.620232067878000226e-01 1.040000000000040865e-04 8.298320678779691484e-02 8.088160339390000342e-01
7.600000000000000000e+02 7.650000000000000000e+02 1.620232067878000226e-01 1.624232067877999786e-01 7.999999999999118385e-05 1.012232067878067188e-01 8.111160339390000029e-01
7.650000000000000000e+02 7.700000000000000000e+02 1.624232067877999786e-01 1.628532067878000200e-01 8.600000000000829745e-05 9.663320678779363515e-02 8.131910339390000519e-01
7.700000000000000000e+02 7.750000000000000000e+02 1.628532067878000200e-01 1.633032067878000260e-01 9.000000000000118474e-05 9.355320678779910359e-02 8.153910339390001427e-01
7.750000000000000000e+02 7.800000000000000000e+02 1.633032067878000260e-01 1.638832067877999954e-01 1.159999999999938885e-04 7.340320678780476449e-02 8.179660339390000257e-01
7.800000000000000000e+02 7.850000000000000000e+02 1.638832067877999954e-01 1.644532067878000103e-01 1.140000000000029878e-04 7.496320678779766489e-02 8.208410339389999866e-01
7.850000000000000000e+02 7.900000000000000000e+02 1.644532067878000103e-01 1.649032067878000163e-01 9.000000000000118474e-05 9.380320678779907606e-02 8.233910339390000388e-01
7.900000000000000000e+02 7.950000000000000000e+02 1.649032067878000163e-01 1.656032067877999947e-01 1.399999999999956780e-04 5.430320678780342636e-02 8.262660339389999997e-01
7.950000000000000000e+02 8.000000000000000000e+02 1.656032067877999947e-01 1.662632067877999886e-01 1.319999999999987904e-04 6.066320678780096065e-02 8.296660339389999583e-01
8.000000000000000000e+02 8.050000000000000000e+02 1.662632067877999886e-01 1.666332067878000256e-01 7.400000000000739591e-05 1.070632067877940741e-01 8.322410339390000633e-01
8.050000000000000000e+02 8.100000000000000000e+02 1.666332067878000256e-01 1.671332067878000260e-01 1.000000000000000861e-04 8.613320678779995410e-02 8.344160339390001013e-01
8.100000000000000000e+02 8.150000000000000000e+02 1.671332067878000260e-01 1.678032067877999745e-01 1.339999999999896775e-04 5.859320678780838287e-02 8.373410339389999457e-01
8.150000000000000000e+02 8.200000000000000000e+02 1.678032067877999745e-01 1.681332067878000269e-01 6.600000000001049472e-05 1.140132067877914213e-01 8.398410339390000034e-01
8.200000000000000000e+02 8.250000000000000000e+02 1.681332067878000269e-01 1.686232067878000174e-01 9.799999999999808593e-05 8.777320678780159424e-02 8.418910339390001107e-01
8.250000000000000000e+02 8.300000000000000000e+02 1.686232067878000174e-01 1.692232067878000068e-01 1.199999999999978888e-04 6.962320678780176131e-02 8.446160339390000882e-01
8.300000000000000000e+02 8.350000000000000000e+02 1.692232067878000068e-01 1.694332067877999948e-01 4.199999999999759210e-05 1.343632067878020031e-01 8.466410339390000317e-01
8.350000000000000000e+02 8.400000000000000000e+02 1.694332067877999948e-01 1.698332067878000062e-01 8.000000000000229692e-05 1.026332067877980814e-01 8.481660339390000303e-01
8.400000000000000000e+02 8.450000000000000000e+02 1.698332067878000062e-01 1.700432067877999942e-01 4.199999999999759210e-05 1.345532067878020266e-01 8.496910339390000289e-01
8.450000000000000000e+02 8.500000000000000000e+02 1.700432067877999942e-01 1.703132067877999867e-01 5.399999999999849365e-05 1.244132067878012671e-01 8.508910339389998967e-01
8.500000000000000000e+02 8.550000000000000000e+02 1.703132067877999867e-01 1.706032067877999991e-01 5.800000000000249401e-05 1.210132067877978668e-01 8.522910339389999645e-01
8.550000000000000000e+02 8.600000000000000000e+02 1.706032067877999991e-01 1.707032067877999881e-01 1.999999999999779596e-05 1.535032067878018824e-01 8.532660339389999127e-01
8.600000000000000000e+02 8.650000000000000000e+02 1.707032067877999881e-01 1.710232067877999751e-01 6.399999999999739502e-05 1.156632067878022307e-01 8.543160339389999081e-01
8.650000000000000000e+02 8.700000000000000000e+02 1.710232067877999751e-01 1.712332067878000186e-01 4.200000000000869840e-05 1.346932067877924522e-01 8.556410339389999287e-01
8.700000000000000000e+02 8.750000000000000000e+02 1.712332067878000186e-01 1.717932067878000235e-01 1.120000000000009877e-04 7.379320678779915932e-02 8.575660339390001052e-01
8.750000000000000000e+02 8.800000000000000000e+02 1.717932067878000235e-01 1.718732067877999925e-01 1.599999999999379561e-05 1.577932067878054512e-01 8.591660339390000400e-01
8.800000000000000000e+02 8.850000000000000000e+02 1.718732067877999925e-01 1.723832067878000029e-01 1.020000000000020863e-04 8.211320678779815418e-02 8.606410339390000441e-01
8.850000000000000000e+02 8.900000000000000000e+02 1.723832067878000029e-01 1.725032067878000119e-01 2.400000000000179632e-05 1.511432067877984120e-01 8.622160339390000372e-01
8.900000000000000000e+02 8.950000000000000000e+02 1.725032067878000119e-01 1.724432067878000074e-01 -1.200000000000089816e-05 1.831832067878008119e-01 8.623660339390000207e-01
8.950000000000000000e+02 9.000000000000000000e+02 1.724432067878000074e-01 1.729432067878000079e-01 1.000000000000000861e-04 8.294320678779992795e-02 8.634660339390000106e-01
9.000000000000000000e+02 9.050000000000000000e+02 1.729432067878000079e-01 1.732932067878000248e-01 7.000000000000339555e-05 1.099432067877969543e-01 8.655910339390000541e-01
9.050000000000000000e+02 9.100000000000000000e+02 1.732932067878000248e-01 1.735232067877999773e-01 4.599999999999049294e-05 1.316632067878086287e-01 8.670410339390000054e-01
9.100000000000000000e+02 9.150000000000000000e+02 1.735232067877999773e-01 1.740832067877999823e-01 1.120000000000009877e-04 7.160320678779907855e-02 8.690160339389998434e-01
9.150000000000000000e+02 9.200000000000000000e+02 1.740832067877999823e-01 1.746632067878000072e-01 1.160000000000049880e-04 6.794320678779541822e-02 8.718660339389999736e-01
9.200000000000000000e+02 9.250000000000000000e+02 1.746632067878000072e-01 1.750732067878000286e-01 8.200000000000429710e-05 9.922320678779605885e-02 8.743410339390000896e-01
9.250000000000000000e+02 9.300000000000000000e+02 1.750732067878000286e-01 1.754432067878000101e-01 7.399999999999629639e-05 1.066232067878034595e-01 8.762910339390000969e-01
9.300000000000000000e+02 9.350000000000000000e+02 1.754432067878000101e-01 1.758232067878000016e-01 7.599999999999829657e-05 1.047632067878015993e-01 8.781660339390000569e-01
9.350000000000000000e+02 9.400000000000000000e+02 1.758232067878000016e-01 1.763632067877999865e-01 1.079999999999969873e-04 7.484320678780281844e-02 8.804660339390000257e-01
9.400000000000000000e+02 9.450000000000000000e+02 1.763632067877999865e-01 1.768632067877999869e-01 1.000000000000000861e-04 8.236320678779990301e-02 8.830660339389999614e-01
9.450000000000000000e+02 9.500000000000000000e+02 1.768632067877999869e-01 1.774632067877999764e-01 1.199999999999978888e-04 6.346320678780198454e-02 8.858160339389998805e-01
9.500000000000000000e+02 9.550000000000000000e+02 1.774632067877999764e-01 1.779432067878000123e-01 9.600000000000718527e-05 8.626320678779314521e-02 8.885160339389999162e-01
9.550000000000000000e+02 9.600000000000000000e+02 1.779432067878000123e-01 1.785632067878000218e-01 1.240000000000018756e-04 5.952320678779822460e-02 8.912660339390000575e-01
9.600000000000000000e+02 9.650000000000000000e+02 1.785632067878000218e-01 1.791732067878000212e-01 1.219999999999998890e-04 6.144320678780013090e-02 8.943410339390001074e-01
9.650000000000000000e+02 9.700000000000000000e+02 1.791732067878000212e-01 1.797632067878000006e-01 1.179999999999958887e-04 6.530320678780399124e-02 8.973410339389999990e-01
9.700000000000000000e+02 9.750000000000000000e+02 1.797632067878000006e-01 1.804132067877999845e-01 1.299999999999967902e-04 5.366320678780311937e-02 9.004410339389999907e-01
9.750000000000000000e+02 9.800000000000000000e+02 1.804132067877999845e-01 1.810432067878000040e-01 1.260000000000038758e-04 5.756320678779620892e-02 9.036410339389999713e-01
9.800000000000000000e+02 9.850000000000000000e+02 1.810432067878000040e-01 1.817032067877999979e-01 1.319999999999987904e-04 5.168320678780119470e-02 9.068660339390000047e-01
9.850000000000000000e+02 9.900000000000000000e+02 1.817032067877999979e-01 1.823932067878000218e-01 1.380000000000047909e-04 4.577320678779528418e-02 9.102410339390000216e-01
9.900000000000000000e+02 9.950000000000000000e+02 1.823932067878000218e-01 1.831132067878000202e-01 1.439999999999996784e-04 3.983320678780033486e-02 9.137660339390001329e-01
9.950000000000000000e+02 1.000000000000000000e+03 1.831132067878000202e-01 1.837332067877999742e-01 1.239999999999907897e-04 5.973320678780918991e-02 9.171160339389999860e-01
1.000000000000000000e+03 1.005000000000000000e+03 1.837332067877999742e-01 1.845332067877999971e-01 1.600000000000045938e-04 2.373320678779539117e-02 9.206660339389999281e-01
1.005000000000000000e+03 1.010000000000000000e+03 1.845332067877999971e-01 1.854232067877999990e-01 1.780000000000003693e-04 5.643206787799615043e-03 9.248910339389999624e-01
1.010000000000000000e+03 1.015000000000000000e+03 1.854232067877999990e-01 1.862032067878000019e-01 1.560000000000005935e-04 2.786320678779941051e-02 9.290660339390000022e-01
1.015000000000000000e+03 1.020000000000000000e+03 1.862032067878000019e-01 1.867832067878000268e-01 1.160000000000049880e-04 6.846320678779493907e-02 9.324660339390000718e-01
1.020000000000000000e+03 1.025000000000000000e+03 1.867832067878000268e-01 1.876232067877999787e-01 1.679999999999903684e-04 1.542320678780984000e-02 9.360160339390000139e-01
1.025000000000000000e+03 1.030000000000000000e+03 1.876232067877999787e-01 1.883132067878000027e-01 1.380000000000047909e-04 4.617320678779507359e-02 9.398410339389999812e-01
1.030000000000000000e+03 1.035000000000000000e+03 1.883132067878000027e-01 1.890332067878000011e-01 1.439999999999996784e-04 3.999320678780032834e-02 9.433660339389999816e-01
1.035000000000000000e+03 1.040000000000000000e+03 1.890332067878000011e-01 1.898032067877999940e-01 1.539999999999985933e-04 2.964320678780146823e-02 9.470910339389999599e-01
1.040000000000000000e+03 1.045000000000000000e+03 1.898032067877999940e-01 1.906132067878000269e-01 1.620000000000065940e-04 2.132320678779314749e-02 9.510410339390000800e-01
1.045000000000000000e+03 1.050000000000000000e+03 1.906132067878000269e-01 1.915232067877999933e-01 1.819999999999932837e-04 4.232067878070511213e-04 9.553410339390000505e-01
1.050000000000000000e+03 1.055000000000000000e+03 1.915232067877999933e-01 1.921332067877999927e-01 1.219999999999998890e-04 6.342320678780011267e-02 9.591410339389999651e-01
1.055000000000000000e+03 1.060000000000000000e+03 1.921332067877999927e-01 1.929332067878000156e-01 1.600000000000045938e-04 2.333320678779515767e-02 9.626660339390000765e-01
1.060000000000000000e+03 1.065000000000000000e+03 1.929332067878000156e-01 1.935632067877999796e-01 1.259999999999927899e-04 5.937320678780766414e-02 9.662410339389999603e-01
1.065000000000000000e+03 1.070000000000000000e+03 1.935632067877999796e-01 1.940932067878000100e-01 1.060000000000060866e-04 8.067320678779349441e-02 9.691410339389999740e-01
1.070000000000000000e+03 1.075000000000000000e+03 1.940932067878000100e-01 1.950832067878000009e-01 1.979999999999981720e-04 -1.776679321219803986e-02 9.729410339389999995e-01
1.075000000000000000e+03 1.080000000000000000e+03 1.950832067878000009e-01 1.957232067877999748e-01 1.279999999999947900e-04 5.748320678780560744e-02 9.770160339389999393e-01
1.080000000000000000e+03 1.085000000000000000e+03 1.957232067877999748e-01 1.964432067878000288e-01 1.440000000000107915e-04 4.020320678778832590e-02 9.804160339390000090e-01
1.085000000000000000e+03 1.090000000000000000e+03 1.964432067878000288e-01 1.972032067878000117e-01 1.519999999999965931e-04 3.152320678780373697e-02 9.841160339390000455e-01
1.090000000000000000e+03 1.095000000000000000e+03 1.972032067878000117e-01 1.979632067877999946e-01 1.519999999999965931e-04 3.152320678780373697e-02 9.879160339390000711e-01
1.095000000000000000e+03 1.100000000000000000e+03 1.979632067877999946e-01 1.988232067878000220e-01 1.720000000000054818e-04 9.623206787793991968e-03 9.919660339390000692e-01
1.100000000000000000e+03 1.105000000000000000e+03 1.988232067878000220e-01 1.993832067878000269e-01 1.120000000000009877e-04 7.562320678779893557e-02 9.955160339390001223e-01
1.105000000000000000e+03 1.110000000000000000e+03 1.993832067878000269e-01 2.002432067877999988e-01 1.719999999999943688e-04 9.323206787806237461e-03 9.990660339390000644e-01
1.110000000000000000e+03 1.115000000000000000e+03 2.002432067877999988e-01 2.011432067878000107e-01 1.800000000000023695e-04 4.432067877973566716e-04 1.003466033939000024e+00
1.115000000000000000e+03 1.120000000000000000e+03 2.011432067878000107e-01 2.017132067878000257e-01 1.140000000000029878e-04 7.403320678779667929e-02 1.007141033939000119e+00
1.120000000000000000e+03 1.125000000000000000e+03 2.017132067878000257e-01 2.024332067878000241e-01 1.439999999999996784e-04 4.043320678780037980e-02 1.010366033939000152e+00
1.125000000000000000e+03 1.130000000000000000e+03 2.024332067878000241e-01 2.032132067878000270e-01 1.560000000000005935e-04 2.693320678779936861e-02 1.014116033939000072e+00
1.130000000000000000e+03 1.135000000000000000e+03 2.032132067878000270e-01 2.038832067877999754e-01 1.339999999999896775e-04 5.179320678781168530e-02 1.017741033939000062e+00
1.135000000000000000e+03 1.140000000000000000e+03 2.038832067877999754e-01 2.045832067878000093e-01 1.400000000000067911e-04 4.498320678779227366e-02 1.021166033939000073e+00
1.140000000000000000e+03 1.145000000000000000e+03 2.045832067878000093e-01 2.051732067877999888e-01 1.179999999999958887e-04 7.006320678780469935e-02 1.024391033939000106e+00
1.145000000000000000e+03 1.150000000000000000e+03 2.051732067877999888e-01 2.059432067877999817e-01 1.539999999999985933e-04 2.884320678780161185e-02 1.027791033938999954e+00
1.150000000000000000e+03 1.155000000000000000e+03 2.059432067877999817e-01 2.066132067877999856e-01 1.340000000000007906e-04 5.184320678779907876e-02 1.031391033939000001e+00
1.155000000000000000e+03 1.160000000000000000e+03 2.066132067877999856e-01 2.072332067877999950e-01 1.240000000000018756e-04 6.339320678779780671e-02 1.034616033939000035e+00
1.160000000000000000e+03 1.165000000000000000e+03 2.072332067877999950e-01 2.078732067878000245e-01 1.280000000000058760e-04 5.875320678779316630e-02 1.037766033939000021e+00
1.165000000000000000e+03 1.170000000000000000e+03 2.078732067878000245e-01 2.085732067878000029e-01 1.399999999999956780e-04 4.477320678780505325e-02 1.041116033938999985e+00
1.170000000000000000e+03 1.175000000000000000e+03 2.085732067878000029e-01 2.092432067878000068e-01 1.340000000000007906e-04 5.179320678779908427e-02 1.044541033938999997e+00
1.175000000000000000e+03 1.180000000000000000e+03 2.092432067878000068e-01 2.099132067878000107e-01 1.340000000000007906e-04 5.179320678779908427e-02 1.047891033938999961e+00
1.180000000000000000e+03 1.185000000000000000e+03 2.099132067878000107e-01 2.104932067877999802e-01 1.159999999999938885e-04 7.303320678780722552e-02 1.051016033939000005e+00
1.185000000000000000e+03 1.190000000000000000e+03 2.104932067877999802e-01 2.110932067878000251e-01 1.200000000000089884e-04 6.829320678778932896e-02 1.053966033939000013e+00
1.190000000000000000e+03 1.195000000000000000e+03 2.110932067878000251e-01 2.118132067878000235e-01 1.439999999999996784e-04 3.973320678780040138e-02 1.057266033939000094e+00
1.195000000000000000e+03 1.200000000000000000e+03 2.118132067878000235e-01 2.123432067877999985e-01 1.059999999999949871e-04 8.514320678780601392e-02 1.060391033939000138e+00
1.200000000000000000e+03 1.205000000000000000e+03 2.123432067877999985e-01 2.130632067877999969e-01 1.439999999999996784e-04 3.954320678780037790e-02 1.063516033938999961e+00
1.205000000000000000e+03 1.210000000000000000e+03 2.130632067877999969e-01 2.137532067878000208e-01 1.380000000000047909e-04 4.677320678779423035e-02 1.067041033938999961e+00
1.210000000000000000e+03 1.215000000000000000e+03 2.137532067878000208e-01 2.145032067877999937e-01 1.499999999999945930e-04 3.225320678780657646e-02 1.070641033939000009e+00
1.215000000000000000e+03 1.220000000000000000e+03 2.145032067877999937e-01 2.149232067878000252e-01 8.400000000000629728e-05 1.124432067877923491e-01 1.073566033939000075e+00
1.220000000000000000e+03 1.225000000000000000e+03 2.149232067878000252e-01 2.156032067877999836e-01 1.359999999999916777e-04 4.900320678781017181e-02 1.076316033939000105e+00
1.225000000000000000e+03 1.230000000000000000e+03 2.156032067877999836e-01 2.161332067878000140e-01 1.060000000000060866e-04 8.575320678779252415e-02 1.079341033938999939e+00
1.230000000000000000e+03 1.235000000000000000e+03 2.161332067878000140e-01 2.167532067878000235e-01 1.240000000000018756e-04 6.361320678779769366e-02 1.082216033939000122e+00
1.235000000000000000e+03 1.240000000000000000e+03 2.167532067878000235e-01 2.172632067877999784e-01 1.019999999999909868e-04 9.078320678781115483e-02 1.085041033938999977e+00
1.240000000000000000e+03 1.245000000000000000e+03 2.172632067877999784e-01 2.181832067878000103e-01 1.840000000000063698e-04 -1.089679321220793362e-02 1.088616033939000083e+00
1.245000000000000000e+03 1.250000000000000000e+03 2.181832067878000103e-01 2.189032067878000087e-01 1.439999999999996784e-04 3.890320678780040398e-02 1.092716033939000075e+00
1.250000000000000000e+03 1.255000000000000000e+03 2.189032067878000087e-01 2.195232067878000182e-01 1.240000000000018756e-04 6.390320678779765062e-02 1.096066033939000040e+00
1.255000000000000000e+03 1.260000000000000000e+03 2.195232067878000182e-01 2.199732067878000241e-01 9.000000000000118474e-05 1.065732067877985245e-01 1.098741033939000022e+00
1.260000000000000000e+03 1.265000000000000000e+03 2.199732067878000241e-01 2.206632067877999925e-01 1.379999999999936779e-04 4.609320678780798319e-02 1.101591033939000042e+00
1.265000000000000000e+03 1.270000000000000000e+03 2.206632067877999925e-01 2.214032067878000110e-01 1.480000000000036787e-04 3.344320678779533207e-02 1.105166033938999925e+00
1.270000000000000000e+03 1.275000000000000000e+03 2.214032067878000110e-01 2.217532067878000279e-01 7.000000000000339555e-05 1.325032067877957020e-01 1.107891033939000014e+00
1.275000000000000000e+03 1.280000000000000000e+03 2.217532067878000279e-01 2.224132067878000218e-01 1.319999999999987904e-04 5.345320678780157708e-02 1.110416033939000124e+00
1.280000000000000000e+03 1.285000000000000000e+03 2.224132067878000218e-01 2.229932067877999913e-01 1.159999999999938885e-04 7.393320678780784805e-02 1.113516033939000005e+00
1.285000000000000000e+03 1.290000000000000000e+03 2.229932067877999913e-01 2.235132067878000117e-01 1.040000000000040865e-04 8.935320678779473669e-02 1.116266033939000035e+00
1.290000000000000000e+03 1.295000000000000000e+03 2.235132067878000117e-01 2.241532067877999856e-01 1.279999999999947900e-04 5.839320678780673957e-02 1.119166033938999938e+00
1.295000000000000000e+03 1.300000000000000000e+03 2.241532067877999856e-01 2.248132067877999796e-01 1.319999999999987904e-04 5.321320678780155911e-02 1.122416033938999913e+00
1.300000000000000000e+03 1.305000000000000000e+03 2.248132067877999796e-01 2.255032067878000035e-01 1.380000000000047909e-04 4.541320678779375841e-02 1.125791033939000041e+00
1.305000000000000000e+03 1.310000000000000000e+03 2.255032067878000035e-01 2.263632067877999754e-01 1.719999999999943688e-04 1.043206787807365865e-03 1.129666033938999892e+00
1.310000000000000000e+03 1.315000000000000000e+03 2.263632067877999754e-01 2.270732067878000193e-01 1.420000000000087913e-04 4.034320678778846592e-02 1.133591033939000070e+00
1.315000000000000000e+03 1.320000000000000000e+03 2.270732067878000193e-01 2.275232067878000253e-01 9.000000000000118474e-05 1.087232067877984681e-01 1.136491033939000195e+00
1.320000000000000000e+03 1.325000000000000000e+03 2.275232067878000253e-01 2.280632067878000102e-01 1.079999999999969873e-04 8.496320678780400204e-02 1.138966033938999978e+00
1.325000000000000000e+03 1.330000000000000000e+03 2.280632067878000102e-01 2.287232067878000041e-01 1.319999999999987904e-04 5.316320678780162012e-02 1.141966033939000091e+00
1.330000000000000000e+03 1.335000000000000000e+03 2.287232067878000041e-01 2.295532067878000015e-01 1.659999999999994813e-04 7.943206787800694002e-03 1.145691033939000070e+00
1.335000000000000000e+03 1.340000000000000000e+03 2.295532067878000015e-01 2.301132067878000065e-01 1.120000000000009877e-04 8.003320678779868302e-02 1.149166033938999965e+00
1.340000000000000000e+03 1.345000000000000000e+03 2.301132067878000065e-01 2.307432067878000259e-01 1.260000000000038758e-04 6.127320678779482610e-02 1.152141033939000136e+00
1.345000000000000000e+03 1.350000000000000000e+03 2.307432067878000259e-01 2.315032067878000088e-01 1.519999999999965931e-04 2.630320678780459498e-02 1.155616033939000031e+00
1.350000000000000000e+03 1.355000000000000000e+03 2.315032067878000088e-01 2.320732067878000238e-01 1.140000000000029878e-04 7.760320678779597525e-02 1.158941033939000054e+00
1.355000000000000000e+03 1.360000000000000000e+03 2.320732067878000238e-01 2.327532067877999822e-01 1.359999999999916777e-04 4.779320678781129317e-02 1.162066033939000098e+00
1.360000000000000000e+03 1.365000000000000000e+03 2.327532067877999822e-01 2.336732067878000141e-01 1.840000000000063698e-04 -1.748679321220869554e-02 1.166066033938999880e+00
1.365000000000000000e+03 1.370000000000000000e+03 2.336732067878000141e-01 2.341132067878000100e-01 8.799999999999918456e-05 1.135532067878011336e-01 1.169466033938999949e+00
1.370000000000000000e+03 1.375000000000000000e+03 2.341132067878000100e-01 2.344832067877999915e-01 7.399999999999629639e-05 1.327332067878050914e-01 1.171491033939000115e+00
1.375000000000000000e+03 1.380000000000000000e+03 2.344832067877999915e-01 2.354032067878000234e-01 1.840000000000063698e-04 -1.851679321220878194e-02 1.174716033939000148e+00
1.380000000000000000e+03 1.385000000000000000e+03 2.354032067878000234e-01 2.362532067878000408e-01 1.700000000000034817e-04 8.032067877952187018e-04 1.179141033939000049e+00
1.385000000000000000e+03 1.390000000000000000e+03 2.362532067878000408e-01 2.366932067878000368e-01 8.799999999999918456e-05 1.143732067878011766e-01 1.182366033939000083e+00
1.390000000000000000e+03 1.395000000000000000e+03 2.366932067878000368e-01 2.370132067878000237e-01 6.399999999999739502e-05 1.477332067878036614e-01 1.184266033939000096e+00
1.395000000000000000e+03 1.400000000000000000e+03 2.370132067878000237e-01 2.374432067878000097e-01 8.599999999999718438e-05 1.170432067878039578e-01 1.186141033939000167e+00
1.400000000000000000e+03 1.405000000000000000e+03 2.374432067878000097e-01 2.380832067878000391e-01 1.280000000000058760e-04 5.824320678779179583e-02 1.188816033939000150e+00
1.405000000000000000e+03 1.410000000000000000e+03 2.380832067878000391e-01 2.388432067878000220e-01 1.519999999999965931e-04 2.452320678780481322e-02 1.192316033939000208e+00
1.410000000000000000e+03 1.415000000000000000e+03 2.388432067878000220e-01 2.394332067878000014e-01 1.179999999999958887e-04 7.246320678780582281e-02 1.195691033939000114e+00
1.415000000000000000e+03 1.420000000000000000e+03 2.394332067878000014e-01 2.401632067878000099e-01 1.460000000000016786e-04 3.284320678779761860e-02 1.198991033938999973e+00
1.420000000000000000e+03 1.425000000000000000e+03 2.401632067878000099e-01 2.406032067878000058e-01 8.799999999999918456e-05 1.152032067878011601e-01 1.201916033939000039e+00
1.425000000000000000e+03 1.430000000000000000e+03 2.406032067878000058e-01 2.413332067878000142e-01 1.460000000000016786e-04 3.255320678779760613e-02 1.204841033939000106e+00
1.430000000000000000e+03 1.435000000000000000e+03 2.413332067878000142e-01 2.418932067878000192e-01 1.120000000000009877e-04 8.117320678779860188e-02 1.208066033939000139e+00
1.435000000000000000e+03 1.440000000000000000e+03 2.418932067878000192e-01 2.425932067877999976e-01 1.399999999999956780e-04 4.099320678780621341e-02 1.211216033939000125e+00
1.440000000000000000e+03 1.445000000000000000e+03 2.425932067877999976e-01 2.431132067878000180e-01 1.040000000000040865e-04 9.283320678779410917e-02 1.214266033939000122e+00
1.445000000000000000e+03 1.450000000000000000e+03 2.431132067878000180e-01 2.435432067878000040e-01 8.599999999999718438e-05 1.188432067878040926e-01 1.216641033939000138e+00
1.450000000000000000e+03 1.455000000000000000e+03 2.435432067878000040e-01 2.444332067878000059e-01 1.780000000000003693e-04 -1.455679321220054723e-02 1.219941033938999997e+00
1.455000000000000000e+03 1.460000000000000000e+03 2.444332067878000059e-01 2.447732067878000128e-01 6.800000000000139537e-05 1.454932067877979796e-01 1.223016033938999936e+00
1.460000000000000000e+03 1.465000000000000000e+03 2.447732067878000128e-01 2.455032067878000213e-01 1.460000000000016786e-04 3.161320678779755422e-02 1.225691033939000141e+00
1.465000000000000000e+03 1.470000000000000000e+03 2.455032067878000213e-01 2.461032067878000107e-01 1.199999999999978888e-04 6.970320678780311807e-02 1.229016033939000163e+00
1.470000000000000000e+03 1.475000000000000000e+03 2.461032067878000107e-01 2.465832067877999911e-01 9.599999999999608575e-05 1.049832067878057607e-01 1.231716033939000088e+00
1.475000000000000000e+03 1.480000000000000000e+03 2.465832067877999911e-01 2.470832067877999916e-01 1.000000000000000861e-04 9.908320678779986013e-02 1.234166033938999929e+00
1.480000000000000000e+03 1.485000000000000000e+03 2.470832067877999916e-01 2.477332067878000310e-01 1.300000000000078762e-04 5.468320678778834654e-02 1.237041033939000112e+00
1.485000000000000000e+03 1.490000000000000000e+03 2.477332067878000310e-01 2.482532067877999959e-01 1.039999999999929869e-04 9.329320678781044540e-02 1.239966033938999956e+00
1.490000000000000000e+03 1.495000000000000000e+03 2.482532067877999959e-01 2.487932067878000364e-01 1.080000000000080868e-04 8.733320678778794255e-02 1.242616033938999998e+00
1.495000000000000000e+03 1.500000000000000000e+03 2.487932067878000364e-01 2.491932067877999923e-01 7.999999999999118385e-05 1.291932067878132084e-01 1.244966033939000072e+00
1.500000000000000000e+03 1.505000000000000000e+03 2.491932067877999923e-01 2.499132067877999908e-01 1.439999999999996784e-04 3.319320678780046663e-02 1.247766033938999986e+00
1.505000000000000000e+03 1.510000000000000000e+03 2.499132067877999908e-01 2.501732067878000287e-01 5.200000000000759299e-05 1.716532067877885592e-01 1.250216033939000049e+00
1.510000000000000000e+03 1.515000000000000000e+03 2.501732067878000287e-01 2.507632067878000082e-01 1.179999999999958887e-04 7.199320678780624094e-02 1.252341033938999981e+00
1.515000000000000000e+03 1.520000000000000000e+03 2.507632067878000082e-01 2.513632067877999976e-01 1.199999999999978888e-04 6.896320678780321067e-02 1.255316033939000153e+00
1.520000000000000000e+03 1.525000000000000000e+03 2.513632067877999976e-01 2.518732067878000080e-01 1.020000000000020863e-04 9.632320678779682233e-02 1.258091033938999903e+00
1.525000000000000000e+03 1.530000000000000000e+03 2.518732067878000080e-01 2.523532067877999885e-01 9.599999999999608575e-05 1.054732067878059731e-01 1.260566033939000130e+00
1.530000000000000000e+03 1.535000000000000000e+03 2.523532067877999885e-01 2.526332067877999910e-01 5.600000000000049383e-05 1.666732067877992329e-01 1.262466033938999921e+00
1.535000000000000000e+03 1.540000000000000000e+03 2.526332067877999910e-01 2.533432067878000349e-01 1.420000000000087913e-04 3.466320678778650466e-02 1.264941033938999926e+00
1.540000000000000000e+03 1.545000000000000000e+03 2.533432067878000349e-01 2.538432067878000353e-01 1.000000000000000861e-04 9.934320678779989811e-02 1.267966033939000425e+00
1.545000000000000000e+03 1.550000000000000000e+03 2.538432067878000353e-01 2.544432067878000248e-01 1.199999999999978888e-04 6.844320678780330125e-02 1.270716033939000011e+00
1.550000000000000000e+03 1.555000000000000000e+03 2.544432067878000248e-01 2.545732067877999882e-01 2.599999999999269698e-05 2.141432067878113465e-01 1.272541033938999977e+00
1.555000000000000000e+03 1.560000000000000000e+03 2.545732067877999882e-01 2.553432067878000367e-01 1.540000000000096793e-04 1.510320678778492853e-02 1.274791033939000062e+00
1.560000000000000000e+03 1.565000000000000000e+03 2.553432067878000367e-01 2.558132067878000071e-01 9.399999999999408557e-05 1.087032067878092589e-01 1.277891033939000165e+00
1.565000000000000000e+03 1.570000000000000000e+03 2.558132067878000071e-01 2.562532067878000031e-01 8.799999999999918456e-05 1.180932067878012748e-01 1.280166033938999970e+00
1.570000000000000000e+03 1.575000000000000000e+03 2.562532067878000031e-01 2.566632067878000245e-01 8.200000000000429710e-05 1.275132067877932651e-01 1.282291033939000124e+00
1.575000000000000000e+03 1.580000000000000000e+03 2.566632067878000245e-01 2.570032067878000315e-01 6.800000000000139537e-05 1.495632067877978311e-01 1.284166033939000195e+00
1.580000000000000000e+03 1.585000000000000000e+03 2.570032067878000315e-01 2.574832067878000119e-01 9.599999999999608575e-05 1.053232067878062117e-01 1.286216033939000081e+00
1.585000000000000000e+03 1.590000000000000000e+03 2.574832067878000119e-01 2.580632067878000369e-01 1.160000000000049880e-04 7.362320678779210592e-02 1.288866033939000122e+00
1.590000000000000000e+03 1.595000000000000000e+03 2.580632067878000369e-01 2.584532067878000383e-01 7.800000000000029674e-05 1.340432067877995737e-01 1.291291033939000243e+00
1.595000000000000000e+03 1.600000000000000000e+03 2.584532067878000383e-01 2.588032067877999998e-01 6.999999999999229603e-05 1.468032067878123348e-01 1.293141033939000151e+00
1.600000000000000000e+03 1.605000000000000000e+03 2.588032067877999998e-01 2.589832067878000132e-01 3.600000000000269786e-05 2.012032067877956854e-01 1.294466033939000171e+00
1.605000000000000000e+03 1.610000000000000000e+03 2.589832067878000132e-01 2.594932067878000237e-01 1.020000000000020863e-04 9.527320678779666041e-02 1.296191033939000148e+00
1.610000000000000000e+03 1.615000000000000000e+03 2.594932067878000237e-01 2.601432067878000076e-01 1.299999999999967902e-04 5.019320678780520018e-02 1.299091033938999828e+00
1.615000000000000000e+03 1.620000000000000000e+03 2.601432067878000076e-01 2.604532067878000401e-01 6.200000000000649436e-05 1.600132067877895192e-01 1.301491033939000008e+00
1.620000000000000000e+03 1.625000000000000000e+03 2.604532067878000401e-01 2.608332067878000315e-01 7.599999999999829657e-05 1.373332067878028084e-01 1.303216033939000429e+00
1.625000000000000000e+03 1.630000000000000000e+03 2.608332067878000315e-01 2.607632067878000171e-01 -1.400000000000289834e-05 2.835832067878047424e-01 1.303991033939000177e+00
1.630000000000000000e+03 1.635000000000000000e+03 2.607632067878000171e-01 2.610132067877999895e-01 4.999999999999449329e-05 1.792632067878089930e-01 1.304441033939000016e+00
1.635000000000000000e+03 1.640000000000000000e+03 2.610132067877999895e-01 2.615332067878000100e-01 1.040000000000040865e-04 9.097320678779330372e-02 1.306366033938999749e+00
1.640000000000000000e+03 1.645000000000000000e+03 2.615332067878000100e-01 2.618332067878000324e-01 6.000000000000449418e-05 1.631332067877926395e-01 1.308416033938999856e+00
1.645000000000000000e+03 1.650000000000000000e+03 2.618332067878000324e-01 2.621432067878000094e-01 6.199999999999539484e-05 1.598432067878076124e-01 1.309941033938999855e+00
1.650000000000000000e+03 1.655000000000000000e+03 2.621432067878000094e-01 2.625632067878000409e-01 8.400000000000629728e-05 1.235432067877896278e-01 1.311766033939000264e+00
1.655000000000000000e+03 1.660000000000000000e+03 2.625632067878000409e-01 2.632532067878000093e-01 1.379999999999936779e-04 3.417320678781049503e-02 1.314541033939000236e+00
1.660000000000000000e+03 1.665000000000000000e+03 2.632532067878000093e-01 2.638232067878000242e-01 1.140000000000029878e-04 7.401320678779504947e-02 1.317691033939000222e+00
1.665000000000000000e+03 1.670000000000000000e+03 2.638232067878000242e-01 2.638732067878000187e-01 9.999999999998897981e-06 2.471732067878018579e-01 1.319241033939000163e+00
1.670000000000000000e+03 1.675000000000000000e+03 2.638732067878000187e-01 2.643832067878000291e-01 1.020000000000020863e-04 9.353320678779653008e-02 1.320641033939000231e+00
1.675000000000000000e+03 1.680000000000000000e+03 2.643832067878000291e-01 2.648132067878000151e-01 8.599999999999718438e-05 1.203332067878047362e-01 1.322991033939000083e+00
1.680000000000000000e+03 1.685000000000000000e+03 2.648132067878000151e-01 2.651532067878000221e-01 6.800000000000139537e-05 1.505732067877976754e-01 1.324916033939000037e+00
1.685000000000000000e+03 1.690000000000000000e+03 2.651532067878000221e-01 2.653732067878000200e-01 4.399999999999959228e-05 1.910132067878007045e-01 1.326316033939000105e+00
1.690000000000000000e+03 1.695000000000000000e+03 2.653732067878000200e-01 2.657132067878000270e-01 6.800000000000139537e-05 1.504532067877976664e-01 1.327716033939000173e+00
1.695000000000000000e+03 1.700000000000000000e+03 2.657132067878000270e-01 2.661132067878000385e-01 8.000000000000229692e-05 1.301132067877961429e-01 1.329566033939000302e+00
1.700000000000000000e+03 1.705000000000000000e+03 2.661132067878000385e-01 2.665032067878000399e-01 7.800000000000029674e-05 1.335132067877995432e-01 1.331541033939000140e+00
1.705000000000000000e+03 1.710000000000000000e+03 2.665032067878000399e-01 2.668332067878000369e-01 6.599999999999939520e-05 1.539732067878010757e-01 1.333341033938999942e+00
1.710000000000000000e+03 1.715000000000000000e+03 2.668332067878000369e-01 2.671732067877999883e-01 6.799999999999029585e-05 1.505532067878166402e-01 1.335016033939000035e+00
1.715000000000000000e+03 1.720000000000000000e+03 2.671732067877999883e-01 2.677532067878000133e-01 1.160000000000049880e-04 6.823320678779143389e-02 1.337316033939000004e+00
1.720000000000000000e+03 1.725000000000000000e+03 2.677532067878000133e-01 2.678732067878000223e-01 2.400000000000179632e-05 2.264732067877969213e-01 1.339066033939000144e+00
1.725000000000000000e+03 1.730000000000000000e+03 2.678732067878000223e-01 2.681332067878000047e-01 5.199999999999649347e-05 1.781732067878060710e-01 1.340016033938999929e+00
1.730000000000000000e+03 1.735000000000000000e+03 2.681332067878000047e-01 2.683632067878000127e-01 4.600000000000159246e-05 1.885532067877972451e-01 1.341241033939000182e+00
1.735000000000000000e+03 1.740000000000000000e+03 2.683632067878000127e-01 2.686932067878000097e-01 6.599999999999939520e-05 1.538532067878010667e-01 1.342641033939000028e+00
1.740000000000000000e+03 1.745000000000000000e+03 2.686932067878000097e-01 2.691532067878000256e-01 9.200000000000318492e-05 1.086132067877944585e-01 1.344616033939000088e+00
1.745000000000000000e+03 1.750000000000000000e+03 2.691532067878000256e-01 2.693932067877999881e-01 4.799999999999249312e-05 1.853932067878131251e-01 1.346366033938999784e+00
1.750000000000000000e+03 1.755000000000000000e+03 2.693932067877999881e-01 2.696632067878000361e-01 5.400000000000959317e-05 1.748932067877831953e-01 1.347641033938999922e+00
1.755000000000000000e+03 1.760000000000000000e+03 2.696632067878000361e-01 2.700132067877999975e-01 6.999999999999229603e-05 1.468132067878135660e-01 1.349191033939000084e+00
1.760000000000000000e+03 1.765000000000000000e+03 2.700132067877999975e-01 2.703032067878000100e-01 5.800000000000249401e-05 1.679332067877956081e-01 1.350791033939000130e+00
1.765000000000000000e+03 1.770000000000000000e+03 2.703032067878000100e-01 2.703932067877999890e-01 1.799999999999579578e-05 2.385332067878074280e-01 1.351741033939000136e+00
1.770000000000000000e+03 1.775000000000000000e+03 2.703932067877999890e-01 2.708732067878000249e-01 9.600000000000718527e-05 1.004732067877872614e-01 1.353166033938999924e+00
1.775000000000000000e+03 1.780000000000000000e+03 2.708732067878000249e-01 2.711932067878000119e-01 6.399999999999739502e-05 1.572732067878046536e-01 1.355166033939000148e+00
1.780000000000000000e+03 1.785000000000000000e+03 2.711932067878000119e-01 2.715332067878000188e-01 6.800000000000139537e-05 1.501532067877975329e-01 1.356816033939000077e+00
1.785000000000000000e+03 1.790000000000000000e+03 2.715332067878000188e-01 2.717432067878000068e-01 4.199999999999759210e-05 1.965632067878043121e-01 1.358191033939000203e+00
1.790000000000000000e+03 1.795000000000000000e+03 2.717432067878000068e-01 2.722632067878000273e-01 1.040000000000040865e-04 8.558320678779268720e-02 1.360016033938999946e+00
1.795000000000000000e+03 1.800000000000000000e+03 2.722632067878000273e-01 2.724932067878000352e-01 4.600000000000159246e-05 1.896932067877971639e-01 1.361891033939000017e+00
1.800000000000000000e+03 1.805000000000000000e+03 2.724932067878000352e-01 2.730032067877999902e-01 1.019999999999909868e-04 8.889320678781625906e-02 1.363741033938999925e+00
1.805000000000000000e+03 1.810000000000000000e+03 2.730032067877999902e-01 2.732332067877999981e-01 4.600000000000159246e-05 1.899732067877971109e-01 1.365591033938999832e+00
1.810000000000000000e+03 1.815000000000000000e+03 2.732332067877999981e-01 2.735332067878000206e-01 6.000000000000449418e-05 1.646332067877918637e-01 1.366916033939000297e+00
1.815000000000000000e+03 1.820000000000000000e+03 2.735332067878000206e-01 2.739732067878000166e-01 8.799999999999918456e-05 1.138132067878014908e-01 1.368766033938999982e+00
1.820000000000000000e+03 1.825000000000000000e+03 2.739732067878000166e-01 2.745932067878000260e-01 1.240000000000018756e-04 4.829320678779661091e-02 1.371416033939000245e+00
1.825000000000000000e+03 1.830000000000000000e+03 2.745932067878000260e-01 2.745832067878000160e-01 -2.000000000002000178e-06 2.782432067878036763e-01 1.372941033939000244e+00
1.830000000000000000e+03 1.835000000000000000e+03 2.745832067878000160e-01 2.750632067877999964e-01 9.599999999999608575e-05 9.890320678780717412e-02 1.374116033939000170e+00
1.835000000000000000e+03 1.840000000000000000e+03 2.750632067877999964e-01 2.756032067878000369e-01 1.080000000000080868e-04 7.688320678778515216e-02 1.376666033939000222e+00
1.840000000000000000e+03 1.845000000000000000e+03 2.756032067878000369e-01 2.759432067877999883e-01 6.799999999999029585e-05 1.504832067878179025e-01 1.378866033939000202e+00
1.845000000000000000e+03 1.850000000000000000e+03 2.759432067877999883e-01 2.760832067878000173e-01 2.800000000000579667e-05 2.242832067877892910e-01 1.380066033939000070e+00
1.850000000000000000e+03 1.855000000000000000e+03 2.760832067878000173e-01 2.764532067877999988e-01 7.399999999999629639e-05 1.391832067878068790e-01 1.381341033938999985e+00
1.855000000000000000e+03 1.860000000000000000e+03 2.764532067877999988e-01 2.766932067878000168e-01 4.800000000000359264e-05 1.874132067877933294e-01 1.382866033938999983e+00
1.860000000000000000e+03 1.865000000000000000e+03 2.766932067878000168e-01 2.771632067878000427e-01 9.400000000000518509e-05 1.018532067877903624e-01 1.384641033939000287e+00
1.865000000000000000e+03 1.870000000000000000e+03 2.771632067878000427e-01 2.774132067878000152e-01 4.999999999999449329e-05 1.839132067878103127e-01 1.386441033939000089e+00
1.870000000000000000e+03 1.875000000000000000e+03 2.774132067878000152e-01 2.778432067878000011e-01 8.599999999999718438e-05 1.165932067878052703e-01 1.388141033938999902e+00
1.875000000000000000e+03 1.880000000000000000e+03 2.778432067878000011e-01 2.780632067877999991e-01 4.399999999999959228e-05 1.953432067878007605e-01 1.389766033938999890e+00
1.880000000000000000e+03 1.885000000000000000e+03 2.780632067877999991e-01 2.780832067878000191e-01 4.000000000004000356e-06 2.705432067877924784e-01 1.390366033939000046e+00
1.885000000000000000e+03 1.890000000000000000e+03 2.780832067878000191e-01 2.782332067878000026e-01 2.999999999999669733e-05 2.215332067878062472e-01 1.390791033939000165e+00
1.890000000000000000e+03 1.895000000000000000e+03 2.782332067878000026e-01 2.790132067878000055e-01 1.560000000000005935e-04 -1.660679321220109861e-02 1.393116033939000076e+00
1.895000000000000000e+03 1.900000000000000000e+03 2.790132067878000055e-01 2.789232067878000265e-01 -1.799999999999579578e-05 3.131232067877920411e-01 1.394841033939000052e+00
1.900000000000000000e+03 1.905000000000000000e+03 2.789232067878000265e-01 2.796332067878000149e-01 1.419999999999976782e-04 9.123206787804427620e-03 1.396391033938999993e+00
1.905000000000000000e+03 1.910000000000000000e+03 2.796332067878000149e-01 2.801432067878000254e-01 1.020000000000020863e-04 8.532320678779603540e-02 1.399441033938999990e+00
1.910000000000000000e+03 1.915000000000000000e+03 2.801432067878000254e-01 2.802532067878000244e-01 2.199999999999979614e-05 2.381232067878004122e-01 1.400991033939000374e+00
1.915000000000000000e+03 1.920000000000000000e+03 2.802532067878000244e-01 2.805432067878000368e-01 5.800000000000249401e-05 1.691832067877952483e-01 1.401991033939000264e+00
1.920000000000000000e+03 1.925000000000000000e+03 2.805432067878000368e-01 2.810932067878000318e-01 1.099999999999989875e-04 6.934320678780198088e-02 1.404091033939000033e+00
1.925000000000000000e+03 1.930000000000000000e+03 2.810932067878000318e-01 2.810732067878000118e-01 -4.000000000004000356e-06 2.887932067878077325e-01 1.405416033939000053e+00
1.930000000000000000e+03 1.935000000000000000e+03 2.810732067878000118e-01 2.814632067878000132e-01 7.800000000000029674e-05 1.305332067877994495e-01 1.406341033939000118e+00
1.935000000000000000e+03 1.940000000000000000e+03 2.814632067878000132e-01 2.817732067877999902e-01 6.199999999999539484e-05 1.614932067878089295e-01 1.408091033939000258e+00
1.940000000000000000e+03 1.945000000000000000e+03 2.817732067877999902e-01 2.820032067877999982e-01 4.600000000000159246e-05 1.925332067877968956e-01 1.409441033939000221e+00
1.945000000000000000e+03 1.950000000000000000e+03 2.820032067877999982e-01 2.821632067877999916e-01 3.199999999999869751e-05 2.197632067878025341e-01 1.410416033938999725e+00
1.950000000000000000e+03 1.955000000000000000e+03 2.821632067877999916e-01 2.824632067878000141e-01 6.000000000000449418e-05 1.651632067877912280e-01 1.411566033939000153e+00
1.955000000000000000e+03 1.960000000000000000e+03 2.824632067878000141e-01 2.828132067878000311e-01 7.000000000000339555e-05 1.456132067877933811e-01 1.413191033939000363e+00
1.960000000000000000e+03 1.965000000000000000e+03 2.828132067878000311e-01 2.833732067878000360e-01 1.120000000000009877e-04 6.329320678779809528e-02 1.415466033939000168e+00
1.965000000000000000e+03 1.970000000000000000e+03 2.833732067878000360e-01 2.835332067878000295e-01 3.199999999999869751e-05 2.204932067878025981e-01 1.417266033939000192e+00
1.970000000000000000e+03 1.975000000000000000e+03 2.835332067878000295e-01 2.837932067878000120e-01 5.199999999999649347e-05 1.810932067878069374e-01 1.418316033938999965e+00
1.975000000000000000e+03 1.980000000000000000e+03 2.837932067878000120e-01 2.842532067878000279e-01 9.200000000000318492e-05 1.020932067877937111e-01 1.420116033939000211e+00
1.980000000000000000e+03 1.985000000000000000e+03 2.842532067878000279e-01 2.846832067878000139e-01 8.599999999999718438e-05 1.139732067878055921e-01 1.422341033939000354e+00
1.985000000000000000e+03 1.990000000000000000e+03 2.846832067878000139e-01 2.849632067878000163e-01 5.600000000000049383e-05 1.735232067877990336e-01 1.424116033939000214e+00
1.990000000000000000e+03 1.995000000000000000e+03 2.849632067878000163e-01 2.854332067878000423e-01 9.400000000000518509e-05 9.790320678778968722e-02 1.425991033939000285e+00
1.995000000000000000e+03 2.000000000000000000e+03 2.854332067878000423e-01 2.860432067878000417e-01 1.219999999999998890e-04 4.204320678780026910e-02 1.428691033939000210e+00
2.000000000000000000e+03 2.005000000000000000e+03 2.860432067878000417e-01 2.861332067878000207e-01 1.799999999999579578e-05 2.500432067878084474e-01 1.430441033939000128e+00
2.005000000000000000e+03 2.010000000000000000e+03 2.861332067878000207e-01 2.867332067878000101e-01 1.199999999999978888e-04 4.553320678780425901e-02 1.432166033939000105e+00
2.010000000000000000e+03 2.015000000000000000e+03 2.867332067878000101e-01 2.870832067878000271e-01 7.000000000000339555e-05 1.460332067877931905e-01 1.434541033939000343e+00
2.015000000000000000e+03 2.020000000000000000e+03 2.870832067878000271e-01 2.876332067878000220e-01 1.099999999999989875e-04 6.543320678780206734e-02 1.436791033938999984e+00
2.020000000000000000e+03 2.025000000000000000e+03 2.876332067878000220e-01 2.880032067878000035e-01 7.399999999999629639e-05 1.381532067878075143e-01 1.439091033938999953e+00
2.025000000000000000e+03 2.030000000000000000e+03 2.880032067878000035e-01 2.885932067878000384e-01 1.180000000000069882e-04 4.905320678778585242e-02 1.441491033939000133e+00
2.030000000000000000e+03 2.035000000000000000e+03 2.885932067878000384e-01 2.888932067878000054e-01 5.999999999999339466e-05 1.667932067878134528e-01 1.443716033939000054e+00
2.035000000000000000e+03 2.040000000000000000e+03 2.888932067878000054e-01 2.893432067878000113e-01 9.000000000000118474e-05 1.057432067877975834e-01 1.445591033938999903e+00
2.040000000000000000e+03 2.045000000000000000e+03 2.893432067878000113e-01 2.895232067878000248e-01 3.600000000000269786e-05 2.159032067877945105e-01 1.447166033939000229e+00
2.045000000000000000e+03 2.050000000000000000e+03 2.895232067878000248e-01 2.900032067878000053e-01 9.599999999999608575e-05 9.320320678780802393e-02 1.448816033938999936e+00
2.050000000000000000e+03 2.055000000000000000e+03 2.900032067878000053e-01 2.904732067878000312e-01 9.400000000000518509e-05 9.730320678778936472e-02 1.451191033938999952e+00
2.055000000000000000e+03 2.060000000000000000e+03 2.904732067878000312e-01 2.909332067877999917e-01 9.199999999999208540e-05 1.014132067878162902e-01 1.453516033939000085e+00
2.060000000000000000e+03 2.065000000000000000e+03 2.909332067877999917e-01 2.910032067878000062e-01 1.400000000000289834e-05 2.620932067877940197e-01 1.454841033939000106e+00
2.065000000000000000e+03 2.070000000000000000e+03 2.910032067878000062e-01 2.916232067878000156e-01 1.240000000000018756e-04 3.494320678779611056e-02 1.456566033939000082e+00
2.070000000000000000e+03 2.075000000000000000e+03 2.916232067878000156e-01 2.922432067878000250e-01 1.240000000000018756e-04 3.494320678779611056e-02 1.459666033938999963e+00
2.075000000000000000e+03 2.080000000000000000e+03 2.922432067878000250e-01 2.924332067877999930e-01 3.799999999999359175e-05 2.133932067878133165e-01 1.461691033938999906e+00
2.080000000000000000e+03 2.085000000000000000e+03 2.924332067877999930e-01 2.930532067878000024e-01 1.240000000000018756e-04 3.451320678779606910e-02 1.463716033938999850e+00
2.085000000000000000e+03 2.090000000000000000e+03 2.930532067878000024e-01 2.934332067877999939e-01 7.599999999999829657e-05 1.345932067878035654e-01 1.466216033939000241e+00
2.090000000000000000e+03 2.095000000000000000e+03 2.934332067877999939e-01 2.939932067877999988e-01 1.120000000000009877e-04 5.935320678779792969e-02 1.468566033939000093e+00
2.095000000000000000e+03 2.100000000000000000e+03 2.939932067877999988e-01 2.942632067877999913e-01 5.399999999999849365e-05 1.808632067878031546e-01 1.470641033938999920e+00
2.100000000000000000e+03 2.105000000000000000e+03 2.942632067877999913e-01 2.946632067878000028e-01 8.000000000000229692e-05 1.262632067877951791e-01 1.472316033939000235e+00
2.105000000000000000e+03 2.110000000000000000e+03 2.946632067878000028e-01 2.951532067877999932e-01 9.799999999999808593e-05 8.837320678780402616e-02 1.474541033938999934e+00
2.110000000000000000e+03 2.115000000000000000e+03 2.951532067877999932e-01 2.955332067878000402e-01 7.600000000000939609e-05 1.347932067877801732e-01 1.476716033939000194e+00
2.115000000000000000e+03 2.120000000000000000e+03 2.955332067878000402e-01 2.960932067877999896e-01 1.119999999999898881e-04 5.865320678782143249e-02 1.479066033939000047e+00
2.120000000000000000e+03 2.125000000000000000e+03 2.960932067877999896e-01 2.966432067878000400e-01 1.100000000000100870e-04 6.289320678777859941e-02 1.481841033939000019e+00
2.125000000000000000e+03 2.130000000000000000e+03 2.966432067878000400e-01 2.969932067878000015e-01 6.999999999999229603e-05 1.478932067878164225e-01 1.484091033939000104e+00
2.130000000000000000e+03 2.135000000000000000e+03 2.969932067878000015e-01 2.976032067878000009e-01 1.219999999999998890e-04 3.713320678780024364e-02 1.486491033939000062e+00
2.135000000000000000e+03 2.140000000000000000e+03 2.976032067878000009e-01 2.978732067877999934e-01 5.399999999999849365e-05 1.823132067878032170e-01 1.488691033939000041e+00
2.140000000000000000e+03 2.145000000000000000e+03 2.978732067877999934e-01 2.982732067878000048e-01 8.000000000000229692e-05 1.266732067877950896e-01 1.490366033939000134e+00
2.145000000000000000e+03 2.150000000000000000e+03 2.982732067878000048e-01 2.985032067878000128e-01 4.600000000000159246e-05 1.996032067877965832e-01 1.491941033938999794e+00
2.150000000000000000e+03 2.155000000000000000e+03 2.985032067878000128e-01 2.988932067878000143e-01 7.800000000000029674e-05 1.308032067877993865e-01 1.493491033939000179e+00
2.155000000000000000e+03 2.160000000000000000e+03 2.988932067878000143e-01 2.992132067878000012e-01 6.399999999999739502e-05 1.609732067878056339e-01 1.495266033939000039e+00
2.160000000000000000e+03 2.165000000000000000e+03 2.992132067878000012e-01 2.994232067877999892e-01 4.199999999999759210e-05 2.084932067878051964e-01 1.496591033938999837e+00
2.165000000000000000e+03 2.170000000000000000e+03 2.994232067877999892e-01 2.996432067878000427e-01 4.400000000001069858e-05 2.041632067877768297e-01 1.497666033939000219e+00
2.170000000000000000e+03 2.175000000000000000e+03 2.996432067878000427e-01 3.003032067878000366e-01 1.319999999999987904e-04 1.320320678780267931e-02 1.499866033939000198e+00
2.175000000000000000e+03 2.180000000000000000e+03 3.003032067878000366e-01 3.006332067878000336e-01 6.599999999999939520e-05 1.567532067878013580e-01 1.502341033939000425e+00
2.180000000000000000e+03 2.185000000000000000e+03 3.006332067878000336e-01 3.009932067878000050e-01 7.199999999999429621e-05 1.436732067878124797e-01 1.504066033938999958e+00
2.185000000000000000e+03 2.190000000000000000e+03 3.009932067878000050e-01 3.013932067878000165e-01 8.000000000000229692e-05 1.261932067877949981e-01 1.505966033939000193e+00
2.190000000000000000e+03 2.195000000000000000e+03 3.013932067878000165e-01 3.019132067878000369e-01 1.040000000000040865e-04 7.363320678779106121e-02 1.508266033939000383e+00
2.195000000000000000e+03 2.200000000000000000e+03 3.019132067878000369e-01 3.024332067878000019e-01 1.039999999999929869e-04 7.363320678781543061e-02 1.510866033939000097e+00
2.200000000000000000e+03 2.205000000000000000e+03 3.024332067878000019e-01 3.032032067877999948e-01 1.539999999999985933e-04 -3.636679321219687955e-02 1.514091033939000130e+00
2.205000000000000000e+03 2.210000000000000000e+03 3.032032067877999948e-01 3.036832067878000307e-01 9.600000000000718527e-05 9.152320678778413932e-02 1.517216033938999953e+00
2.210000000000000000e+03 2.215000000000000000e+03 3.036832067878000307e-01 3.041032067878000067e-01 8.399999999999518420e-05 1.180432067878106617e-01 1.519466033939000038e+00
2.215000000000000000e+03 2.220000000000000000e+03 3.041032067878000067e-01 3.046532067878000016e-01 1.099999999999989875e-04 6.045320678780224943e-02 1.521891033939000160e+00
2.220000000000000000e+03 2.225000000000000000e+03 3.046532067878000016e-01 3.051232067878000276e-01 9.400000000000518509e-05 9.597320678778847869e-02 1.524441033939000212e+00
2.225000000000000000e+03 2.230000000000000000e+03 3.051232067878000276e-01 3.054732067877999890e-01 6.999999999999229603e-05 1.493732067878171810e-01 1.526491033939000097e+00
2.230000000000000000e+03 2.235000000000000000e+03 3.054732067877999890e-01 3.058932067878000205e-01 8.400000000000629728e-05 1.181532067877859582e-01 1.528416033939000052e+00
2.235000000000000000e+03 2.240000000000000000e+03 3.058932067878000205e-01 3.063932067878000209e-01 1.000000000000000861e-04 8.239320678779982199e-02 1.530716033939000242e+00
2.240000000000000000e+03 2.245000000000000000e+03 3.063932067878000209e-01 3.068532067878000369e-01 9.200000000000318492e-05 1.003132067877928746e-01 1.533116033939000200e+00
2.245000000000000000e+03 2.250000000000000000e+03 3.068532067878000369e-01 3.072732067878000128e-01 8.399999999999518420e-05 1.182732067878108362e-01 1.535316033939000180e+00
2.250000000000000000e+03 2.255000000000000000e+03 3.072732067878000128e-01 3.081432067877999947e-01 1.739999999999963689e-04 -8.422679321219184168e-02 1.538541033938999991e+00
2.255000000000000000e+03 2.260000000000000000e+03 3.081432067877999947e-01 3.086632067878000152e-01 1.040000000000040865e-04 7.362320678779077365e-02 1.542016033938999886e+00
2.260000000000000000e+03 2.265000000000000000e+03 3.086632067878000152e-01 3.092132067878000101e-01 1.099999999999989875e-04 6.006320678780230349e-02 1.544691033939000313e+00
2.265000000000000000e+03 2.270000000000000000e+03 3.092132067878000101e-01 3.097932067878000351e-01 1.160000000000049880e-04 4.647320678778871228e-02 1.547516033939000168e+00
2.270000000000000000e+03 2.275000000000000000e+03 3.097932067878000351e-01 3.105932067878000025e-01 1.599999999999934808e-04 -5.340679321218516629e-02 1.550966033939000344e+00
2.275000000000000000e+03 2.280000000000000000e+03 3.105932067878000025e-01 3.110632067878000284e-01 9.400000000000518509e-05 9.674320678778819405e-02 1.554141033939000049e+00
2.280000000000000000e+03 2.285000000000000000e+03 3.110632067878000284e-01 3.113332067878000209e-01 5.399999999999849365e-05 1.879432067878034629e-01 1.555991033939000179e+00
2.285000000000000000e+03 2.290000000000000000e+03 3.113332067878000209e-01 3.118832067878000158e-01 1.099999999999989875e-04 5.998320678780233450e-02 1.558041033938999842e+00
2.290000000000000000e+03 2.295000000000000000e+03 3.118832067878000158e-01 3.123032067877999918e-01 8.399999999999518420e-05 1.195232067878110316e-01 1.560466033938999963e+00
2.295000000000000000e+03 2.300000000000000000e+03 3.123032067877999918e-01 3.127732067878000177e-01 9.400000000000518509e-05 9.657320678778807954e-02 1.562691033938999885e+00
2.300000000000000000e+03 2.305000000000000000e+03 3.127732067878000177e-01 3.133732067878000072e-01 1.199999999999978888e-04 3.677320678780487961e-02 1.565366033939000090e+00
2.305000000000000000e+03 2.310000000000000000e+03 3.133732067878000072e-01 3.137632067878000086e-01 7.800000000000029674e-05 1.335832067877993357e-01 1.567841033939000095e+00
2.310000000000000000e+03 2.315000000000000000e+03 3.137632067878000086e-01 3.140532067878000211e-01 5.800000000000249401e-05 1.797832067877942475e-01 1.569541033939000130e+00
2.315000000000000000e+03 2.320000000000000000e+03 3.140532067878000211e-01 3.143032067877999935e-01 4.999999999999449329e-05 1.983032067878127691e-01 1.570891033939000092e+00
2.320000000000000000e+03 2.325000000000000000e+03 3.143032067877999935e-01 3.147332067878000350e-01 8.600000000000829745e-05 1.147832067877807560e-01 1.572591033939000127e+00
2.325000000000000000e+03 2.330000000000000000e+03 3.147332067878000350e-01 3.152332067878000355e-01 1.000000000000000861e-04 8.223320678779982851e-02 1.574916033939000037e+00
2.330000000000000000e+03 2.335000000000000000e+03 3.152332067878000355e-01 3.157532067878000004e-01 1.039999999999929869e-04 7.291320678781637588e-02 1.577466033939000090e+00
2.335000000000000000e+03 2.340000000000000000e+03 3.157532067878000004e-01 3.160932067878000074e-01 6.800000000000139537e-05 1.569732067877967485e-01 1.579616033938999964e+00
2.340000000000000000e+03 2.345000000000000000e+03 3.160932067878000074e-01 3.163132067878000053e-01 4.399999999999959228e-05 2.131332067878009551e-01 1.581016033939000032e+00
2.345000000000000000e+03 2.350000000000000000e+03 3.163132067878000053e-01 3.164632067877999888e-01 2.999999999999669733e-05 2.459632067878077533e-01 1.581941033939000096e+00
2.350000000000000000e+03 2.355000000000000000e+03 3.164632067877999888e-01 3.167932067878000413e-01 6.600000000001049472e-05 1.613632067877753262e-01 1.583141033938999964e+00
2.355000000000000000e+03 2.360000000000000000e+03 3.167932067878000413e-01 3.171132067878000282e-01 6.399999999999739502e-05 1.660732067878061824e-01 1.584766033939000174e+00
2.360000000000000000e+03 2.365000000000000000e+03 3.171132067878000282e-01 3.174532067878000352e-01 6.800000000000139537e-05 1.566332067877967416e-01 1.586416033939000103e+00
2.365000000000000000e+03 2.370000000000000000e+03 3.174532067878000352e-01 3.179432067878000256e-01 9.799999999999808593e-05 8.568320678780455557e-02 1.588491033939000152e+00
2.370000000000000000e+03 2.375000000000000000e+03 3.179432067878000256e-01 3.181332067877999936e-01 3.799999999999359175e-05 2.278832067878152068e-01 1.590191033939000187e+00
2.375000000000000000e+03 2.380000000000000000e+03 3.181332067877999936e-01 3.187632067878000131e-01 1.260000000000038758e-04 1.888320678779076278e-02 1.592241033939000072e+00
2.380000000000000000e+03 2.385000000000000000e+03 3.187632067878000131e-01 3.190132067878000410e-01 5.000000000000559281e-05 1.997632067877866957e-01 1.594441033939000274e+00
2.385000000000000000e+03 2.390000000000000000e+03 3.190132067878000410e-01 3.196532067878000150e-01 1.279999999999947900e-04 1.373320678781247972e-02 1.596666033939000195e+00
2.390000000000000000e+03 2.395000000000000000e+03 3.196532067878000150e-01 3.202032067878000099e-01 1.099999999999989875e-04 5.675320678780243489e-02 1.599641033938999923e+00
2.395000000000000000e+03 2.400000000000000000e+03 3.202032067878000099e-01 3.207832067878000348e-01 1.160000000000049880e-04 4.238320678778806361e-02 1.602466033939000223e+00
2.400000000000000000e+03 2.405000000000000000e+03 3.207832067878000348e-01 3.211132067878000318e-01 6.599999999999939520e-05 1.623832067878014929e-01 1.604741033939000028e+00
2.405000000000000000e+03 2.410000000000000000e+03 3.211132067878000318e-01 3.217432067877999957e-01 1.259999999999927899e-04 1.808320678781738522e-02 1.607141033939000208e+00
2.410000000000000000e+03 2.415000000000000000e+03 3.217432067877999957e-01 3.218932067878000347e-01 3.000000000000779685e-05 2.494432067877812020e-01 1.609091033939000326e+00
2.415000000000000000e+03 2.420000000000000000e+03 3.218932067878000347e-01 3.223232067878000207e-01 8.599999999999718438e-05 1.142032067878068213e-01 1.610541033939000277e+00
2.420000000000000000e+03 2.425000000000000000e+03 3.223232067878000207e-01 3.229532067878000401e-01 1.260000000000038758e-04 1.740320678779061492e-02 1.613191033939000096e+00
2.425000000000000000e+03 2.430000000000000000e+03 3.229532067878000401e-01 3.229732067878000046e-01 3.999999999992898295e-06 3.132532067878172621e-01 1.614816033938999862e+00
2.430000000000000000e+03 2.435000000000000000e+03 3.229732067878000046e-01 3.233632067878000060e-01 7.800000000000029674e-05 1.334332067877992967e-01 1.615841033939000138e+00
2.435000000000000000e+03 2.440000000000000000e+03 3.233632067878000060e-01 3.239632067877999955e-01 1.199999999999978888e-04 3.116320678780515330e-02 1.618316033939000143e+00
2.440000000000000000e+03 2.445000000000000000e+03 3.239632067877999955e-01 3.240332067878000100e-01 1.400000000000289834e-05 2.898032067877929219e-01 1.619991033939000014e+00
2.445000000000000000e+03 2.450000000000000000e+03 3.240332067878000100e-01 3.246132067878000349e-01 1.160000000000049880e-04 4.041320678778781428e-02 1.621616033939000001e+00
2.450000000000000000e+03 2.455000000000000000e+03 3.246132067878000349e-01 3.249232067878000119e-01 6.199999999999539484e-05 1.727132067878113242e-01 1.623841033939000145e+00
2.455000000000000000e+03 2.460000000000000000e+03 3.249232067878000119e-01 3.251132067878000353e-01 3.800000000000469804e-05 2.316332067877884815e-01 1.625091033939000118e+00
2.460000000000000000e+03 2.465000000000000000e+03 3.251132067878000353e-01 3.253832067878000278e-01 5.399999999999849365e-05 1.922732067878037410e-01 1.626241033939000102e+00
2.465000000000000000e+03 2.470000000000000000e+03 3.253832067878000278e-01 3.261132067878000362e-01 1.460000000000016786e-04 -3.450679321220412321e-02 1.628741033939000271e+00
2.470000000000000000e+03 2.475000000000000000e+03 3.261132067878000362e-01 3.271632067878000316e-01 2.099999999999990871e-04 -1.925867932121976822e-01 1.633191033939000114e+00
2.475000000000000000e+03 2.480000000000000000e+03 3.271632067878000316e-01 3.273032067878000051e-01 2.799999999999469715e-05 2.578632067878131595e-01 1.636166033938999842e+00
2.480000000000000000e+03 2.485000000000000000e+03 3.273032067878000051e-01 3.275232067878000031e-01 4.399999999999959228e-05 2.181832067878010095e-01 1.637066033938999965e+00
2.485000000000000000e+03 2.490000000000000000e+03 3.275232067878000031e-01 3.278732067878000200e-01 7.000000000000339555e-05 1.535732067877915719e-01 1.638491033939000197e+00
2.490000000000000000e+03 2.495000000000000000e+03 3.278732067878000200e-01 3.281432067878000125e-01 5.399999999999849365e-05 1.934132067878037708e-01 1.640041033939000137e+00
2.495000000000000000e+03 2.500000000000000000e+03 3.281432067878000125e-01 3.286932067878000074e-01 1.099999999999989875e-04 5.369320678780253875e-02 1.642091033938999800e+00
2.500000000000000000e+03 2.505000000000000000e+03 3.286932067878000074e-01 3.289032067877999954e-01 4.199999999999759210e-05 2.236932067878060204e-01 1.643991033939000257e+00
2.505000000000000000e+03 2.510000000000000000e+03 3.289032067877999954e-01 3.295432067878000248e-01 1.280000000000058760e-04 8.263206787785248864e-03 1.646116033939000189e+00
2.510000000000000000e+03 2.515000000000000000e+03 3.295432067878000248e-01 3.295032067878000404e-01 -7.999999999996897803e-06 3.496232067877922400e-01 1.647616033939000024e+00
2.515000000000000000e+03 2.520000000000000000e+03 3.295032067878000404e-01 3.305832067878000102e-01 2.159999999999939746e-04 -2.137367932121848058e-01 1.650216033939000182e+00
2.520000000000000000e+03 2.525000000000000000e+03 3.305832067878000102e-01 3.310732067878000007e-01 9.799999999999808593e-05 8.362320678780482686e-02 1.654141033939000138e+00
2.525000000000000000e+03 2.530000000000000000e+03 3.310732067878000007e-01 3.313732067878000231e-01 6.000000000000449418e-05 1.795732067877886529e-01 1.656116033939000198e+00
2.530000000000000000e+03 2.535000000000000000e+03 3.313732067878000231e-01 3.319932067878000326e-01 1.240000000000018756e-04 1.765320678779525032e-02 1.658416033939000389e+00
2.535000000000000000e+03 2.540000000000000000e+03 3.319932067878000326e-01 3.327532067878000155e-01 1.519999999999965931e-04 -5.332679321219130353e-02 1.661866033939000120e+00
2.540000000000000000e+03 2.545000000000000000e+03 3.327532067878000155e-01 3.332732067878000359e-01 1.040000000000040865e-04 6.859320678778962899e-02 1.665066033938999990e+00
2.545000000000000000e+03 2.550000000000000000e+03 3.332732067878000359e-01 3.340432067878000288e-01 1.539999999999985933e-04 -5.865679321219635645e-02 1.668291033939000023e+00
