# Dr. Stone needs to work on his methods sections
# #Wavelength,	Model,	Reference,	Corrected
350.000000 355.000000 0.099700 0.061565
355.000000 360.000000 0.101600 0.062763
360.000000 365.000000 0.103400 0.063901
365.000000 370.000000 0.105800 0.065411
370.000000 375.000000 0.107800 0.066674
375.000000 380.000000 0.109900 0.068001
380.000000 385.000000 0.111700 0.069142
385.000000 390.000000 0.113500 0.070285
390.000000 395.000000 0.115300 0.071428
395.000000 400.000000 0.117100 0.072573
400.000000 405.000000 0.118300 0.073346
405.000000 410.000000 0.120200 0.074554
410.000000 415.000000 0.121900 0.075639
415.000000 420.000000 0.123400 0.076601
420.000000 425.000000 0.124600 0.077377
425.000000 430.000000 0.126400 0.078526
430.000000 435.000000 0.127800 0.079428
435.000000 440.000000 0.129300 0.080392
440.000000 445.000000 0.130600 0.081233
445.000000 450.000000 0.132000 0.082137
450.000000 455.000000 0.133300 0.082979
455.000000 460.000000 0.135000 0.084071
460.000000 465.000000 0.136000 0.084728
465.000000 470.000000 0.137300 0.085572
470.000000 475.000000 0.138700 0.086479
475.000000 480.000000 0.140300 0.087512
480.000000 485.000000 0.141700 0.088421
485.000000 490.000000 0.142900 0.089205
490.000000 495.000000 0.144000 0.089928
495.000000 500.000000 0.145200 0.090714
500.000000 505.000000 0.146400 0.091500
505.000000 510.000000 0.147500 0.092224
510.000000 515.000000 0.148700 0.093012
515.000000 520.000000 0.150200 0.093988
520.000000 525.000000 0.151300 0.094714
525.000000 530.000000 0.152400 0.095440
530.000000 535.000000 0.153400 0.096105
535.000000 540.000000 0.154700 0.096958
540.000000 545.000000 0.155700 0.097624
545.000000 550.000000 0.156800 0.098353
550.000000 555.000000 0.157900 0.099082
555.000000 560.000000 0.158900 0.099749
560.000000 565.000000 0.160000 0.100480
565.000000 570.000000 0.161000 0.101148
570.000000 575.000000 0.162100 0.101880
575.000000 580.000000 0.163000 0.102486
580.000000 585.000000 0.164100 0.103219
585.000000 590.000000 0.165000 0.103826
590.000000 595.000000 0.166100 0.104560
595.000000 600.000000 0.167000 0.105168
600.000000 605.000000 0.168000 0.105840
605.000000 610.000000 0.169100 0.106575
610.000000 615.000000 0.170000 0.107185
615.000000 620.000000 0.171000 0.107858
620.000000 625.000000 0.172100 0.108595
625.000000 630.000000 0.173100 0.109269
630.000000 635.000000 0.174100 0.109944
635.000000 640.000000 0.175000 0.110556
640.000000 645.000000 0.175900 0.111169
645.000000 650.000000 0.177000 0.111908
650.000000 655.000000 0.177800 0.112459
655.000000 660.000000 0.178800 0.113136
660.000000 665.000000 0.179800 0.113813
665.000000 670.000000 0.180800 0.114492
670.000000 675.000000 0.181500 0.114980
675.000000 680.000000 0.182400 0.115596
680.000000 685.000000 0.183200 0.116149
685.000000 690.000000 0.184200 0.116829
690.000000 695.000000 0.185000 0.117382
695.000000 700.000000 0.185800 0.117937
700.000000 705.000000 0.186700 0.118555
705.000000 710.000000 0.187600 0.119173
710.000000 715.000000 0.188300 0.119665
715.000000 720.000000 0.188900 0.120093
720.000000 725.000000 0.189500 0.120522
725.000000 730.000000 0.190300 0.121078
730.000000 735.000000 0.191200 0.121699
735.000000 740.000000 0.191900 0.122192
740.000000 745.000000 0.192600 0.122686
745.000000 750.000000 0.193500 0.123308
750.000000 755.000000 0.194200 0.123802
755.000000 760.000000 0.194900 0.124297
760.000000 765.000000 0.195500 0.124729
765.000000 770.000000 0.195800 0.124969
770.000000 775.000000 0.196200 0.125274
775.000000 780.000000 0.196500 0.125514
780.000000 785.000000 0.197000 0.125883
785.000000 790.000000 0.197600 0.126316
790.000000 795.000000 0.197900 0.126557
795.000000 800.000000 0.198500 0.126990
800.000000 805.000000 0.198900 0.127296
805.000000 810.000000 0.199200 0.127538
810.000000 815.000000 0.199500 0.127780
815.000000 820.000000 0.200000 0.128150
820.000000 825.000000 0.200000 0.128200
825.000000 830.000000 0.200300 0.128442
830.000000 835.000000 0.200700 0.128749
835.000000 840.000000 0.200700 0.128799
840.000000 845.000000 0.200900 0.128978
845.000000 850.000000 0.200800 0.128964
850.000000 855.000000 0.200900 0.129078
855.000000 860.000000 0.200900 0.129128
860.000000 865.000000 0.200800 0.129114
865.000000 870.000000 0.200900 0.129229
870.000000 875.000000 0.200900 0.129279
875.000000 880.000000 0.201200 0.129522
880.000000 885.000000 0.201100 0.129508
885.000000 890.000000 0.201400 0.129752
890.000000 895.000000 0.201400 0.129802
895.000000 900.000000 0.201100 0.129659
900.000000 905.000000 0.201500 0.129968
905.000000 910.000000 0.201800 0.130211
910.000000 915.000000 0.201900 0.130326
915.000000 920.000000 0.202300 0.130635
920.000000 925.000000 0.202800 0.131009
925.000000 930.000000 0.203200 0.131318
930.000000 935.000000 0.203500 0.131563
935.000000 940.000000 0.203800 0.131808
940.000000 945.000000 0.204400 0.132247
945.000000 950.000000 0.204900 0.132622
950.000000 955.000000 0.205500 0.133061
955.000000 960.000000 0.205900 0.133372
960.000000 965.000000 0.206600 0.133877
965.000000 970.000000 0.207300 0.134382
970.000000 975.000000 0.207900 0.134823
975.000000 980.000000 0.208700 0.135394
980.000000 985.000000 0.209400 0.135901
985.000000 990.000000 0.210100 0.136407
990.000000 995.000000 0.210900 0.136980
995.000000 1000.000000 0.211700 0.137552
1000.000000 1005.000000 0.212400 0.138060
1005.000000 1010.000000 0.213200 0.138633
1010.000000 1015.000000 0.214200 0.139337
1015.000000 1020.000000 0.215100 0.139976
1020.000000 1025.000000 0.215800 0.140486
1025.000000 1030.000000 0.216600 0.141061
1030.000000 1035.000000 0.217300 0.141571
1035.000000 1040.000000 0.218100 0.142147
1040.000000 1045.000000 0.219000 0.142788
1045.000000 1050.000000 0.219900 0.143430
1050.000000 1055.000000 0.220900 0.144137
1055.000000 1060.000000 0.221500 0.144584
1060.000000 1065.000000 0.222400 0.145227
1065.000000 1070.000000 0.223100 0.145740
1070.000000 1075.000000 0.223800 0.146253
1075.000000 1080.000000 0.224900 0.147028
1080.000000 1085.000000 0.225600 0.147542
1085.000000 1090.000000 0.226400 0.148122
1090.000000 1095.000000 0.227300 0.148768
1095.000000 1100.000000 0.228200 0.149414
1100.000000 1105.000000 0.229100 0.150061
1105.000000 1110.000000 0.229800 0.150576
1110.000000 1115.000000 0.230800 0.151289
1115.000000 1120.000000 0.231800 0.152003
1120.000000 1125.000000 0.232500 0.152520
1125.000000 1130.000000 0.233200 0.153037
1130.000000 1135.000000 0.234100 0.153687
1135.000000 1140.000000 0.234900 0.154271
1140.000000 1145.000000 0.235600 0.154789
1145.000000 1150.000000 0.236200 0.155242
1150.000000 1155.000000 0.237100 0.155893
1155.000000 1160.000000 0.237800 0.156413
1160.000000 1165.000000 0.238500 0.156933
1165.000000 1170.000000 0.239100 0.157388
1170.000000 1175.000000 0.239800 0.157908
1175.000000 1180.000000 0.240500 0.158429
1180.000000 1185.000000 0.241200 0.158951
1185.000000 1190.000000 0.241700 0.159341
1190.000000 1195.000000 0.242300 0.159797
1195.000000 1200.000000 0.243000 0.160319
1200.000000 1205.000000 0.243600 0.160776
1205.000000 1210.000000 0.244400 0.161365
1210.000000 1215.000000 0.245000 0.161822
1215.000000 1220.000000 0.245700 0.162346
1220.000000 1225.000000 0.246200 0.162738
1225.000000 1230.000000 0.246800 0.163196
1230.000000 1235.000000 0.247300 0.163589
1235.000000 1240.000000 0.247900 0.164048
1240.000000 1245.000000 0.248400 0.164441
1245.000000 1250.000000 0.249300 0.165099
1250.000000 1255.000000 0.250000 0.165625
1255.000000 1260.000000 0.250700 0.166151
1260.000000 1265.000000 0.251100 0.166479
1265.000000 1270.000000 0.251800 0.167006
1270.000000 1275.000000 0.252600 0.167600
1275.000000 1280.000000 0.253000 0.167929
1280.000000 1285.000000 0.253700 0.168457
1285.000000 1290.000000 0.254300 0.168919
1290.000000 1295.000000 0.254700 0.169248
1295.000000 1300.000000 0.255400 0.169777
1300.000000 1305.000000 0.256100 0.170306
1305.000000 1310.000000 0.256800 0.170836
1310.000000 1315.000000 0.257700 0.171499
1315.000000 1320.000000 0.258400 0.172030
1320.000000 1325.000000 0.258900 0.172427
1325.000000 1330.000000 0.259500 0.172892
1330.000000 1335.000000 0.260200 0.173423
1335.000000 1340.000000 0.261000 0.174022
1340.000000 1345.000000 0.261600 0.174487
1345.000000 1350.000000 0.262200 0.174953
1350.000000 1355.000000 0.263000 0.175553
1355.000000 1360.000000 0.263600 0.176019
1360.000000 1365.000000 0.264200 0.176486
1365.000000 1370.000000 0.265300 0.177287
1370.000000 1375.000000 0.265800 0.177687
1375.000000 1380.000000 0.266100 0.177954
1380.000000 1385.000000 0.267000 0.178623
1385.000000 1390.000000 0.268000 0.179359
1390.000000 1395.000000 0.268500 0.179761
1395.000000 1400.000000 0.268800 0.180029
1400.000000 1405.000000 0.269300 0.180431
1405.000000 1410.000000 0.269900 0.180900
1410.000000 1415.000000 0.270800 0.181571
1415.000000 1420.000000 0.271400 0.182042
1420.000000 1425.000000 0.272100 0.182579
1425.000000 1430.000000 0.272500 0.182916
1430.000000 1435.000000 0.273300 0.183521
1435.000000 1440.000000 0.273900 0.183992
1440.000000 1445.000000 0.274700 0.184598
1445.000000 1450.000000 0.275100 0.184936
1450.000000 1455.000000 0.275600 0.185341
1455.000000 1460.000000 0.276400 0.185948
1460.000000 1465.000000 0.276800 0.186286
1465.000000 1470.000000 0.277600 0.186894
1470.000000 1475.000000 0.278200 0.187368
1475.000000 1480.000000 0.278600 0.187707
1480.000000 1485.000000 0.279200 0.188181
1485.000000 1490.000000 0.279800 0.188655
1490.000000 1495.000000 0.280300 0.189062
1495.000000 1500.000000 0.280800 0.189470
1500.000000 1505.000000 0.281200 0.189810
1505.000000 1510.000000 0.282000 0.190420
1510.000000 1515.000000 0.282200 0.190626
1515.000000 1520.000000 0.282800 0.191102
1520.000000 1525.000000 0.283300 0.191511
1525.000000 1530.000000 0.283900 0.191987
1530.000000 1535.000000 0.284300 0.192329
1535.000000 1540.000000 0.284700 0.192671
1540.000000 1545.000000 0.285200 0.193080
1545.000000 1550.000000 0.285700 0.193490
1550.000000 1555.000000 0.286300 0.193968
1555.000000 1560.000000 0.286400 0.194108
1560.000000 1565.000000 0.287100 0.194654
1565.000000 1570.000000 0.287600 0.195065
1570.000000 1575.000000 0.288000 0.195408
1575.000000 1580.000000 0.288300 0.195684
1580.000000 1585.000000 0.288700 0.196027
1585.000000 1590.000000 0.289100 0.196371
1590.000000 1595.000000 0.289700 0.196851
1595.000000 1600.000000 0.290000 0.197127
1600.000000 1605.000000 0.290300 0.197404
1605.000000 1610.000000 0.290400 0.197545
1610.000000 1615.000000 0.290900 0.197957
1615.000000 1620.000000 0.291400 0.198371
1620.000000 1625.000000 0.291700 0.198648
1625.000000 1630.000000 0.292100 0.198993
1630.000000 1635.000000 0.292000 0.198998
1635.000000 1640.000000 0.292000 0.199071
1640.000000 1645.000000 0.292400 0.199417
1645.000000 1650.000000 0.292700 0.199695
1650.000000 1655.000000 0.292900 0.199904
1655.000000 1660.000000 0.293400 0.200319
1660.000000 1665.000000 0.294000 0.200802
1665.000000 1670.000000 0.294400 0.201149
1670.000000 1675.000000 0.294500 0.201291
1675.000000 1680.000000 0.294900 0.201638
1680.000000 1685.000000 0.295200 0.201917
1685.000000 1690.000000 0.295500 0.202196
1690.000000 1695.000000 0.295600 0.202338
1695.000000 1700.000000 0.295900 0.202618
1700.000000 1705.000000 0.296100 0.202828
1705.000000 1710.000000 0.296500 0.203177
1710.000000 1715.000000 0.296800 0.203456
1715.000000 1720.000000 0.297100 0.203736
1720.000000 1725.000000 0.297600 0.204154
1725.000000 1730.000000 0.297600 0.204228
1730.000000 1735.000000 0.297800 0.204440
1735.000000 1740.000000 0.298000 0.204651
1740.000000 1745.000000 0.298200 0.204863
1745.000000 1750.000000 0.298600 0.205213
1750.000000 1755.000000 0.298800 0.205425
1755.000000 1760.000000 0.299000 0.205637
1760.000000 1765.000000 0.299300 0.205918
1765.000000 1770.000000 0.299500 0.206131
1770.000000 1775.000000 0.299600 0.206275
1775.000000 1780.000000 0.300000 0.206625
1780.000000 1785.000000 0.300200 0.206838
1785.000000 1790.000000 0.300500 0.207120
1790.000000 1795.000000 0.300600 0.207264
1795.000000 1800.000000 0.301000 0.207615
1800.000000 1805.000000 0.301100 0.207759
1805.000000 1810.000000 0.301500 0.208110
1810.000000 1815.000000 0.301600 0.208255
1815.000000 1820.000000 0.301900 0.208537
1820.000000 1825.000000 0.302200 0.208820
1825.000000 1830.000000 0.302700 0.209241
1830.000000 1835.000000 0.302700 0.209317
1835.000000 1840.000000 0.303200 0.209739
1840.000000 1845.000000 0.303700 0.210160
1845.000000 1850.000000 0.303800 0.210306
1850.000000 1855.000000 0.304000 0.210520
1855.000000 1860.000000 0.304300 0.210804
1860.000000 1865.000000 0.304400 0.210949
1865.000000 1870.000000 0.304700 0.211233
1870.000000 1875.000000 0.305100 0.211587
1875.000000 1880.000000 0.305900 0.212218
1880.000000 1885.000000 0.305900 0.212295
1885.000000 1890.000000 0.305800 0.212302
1890.000000 1895.000000 0.305900 0.212448
1895.000000 1900.000000 0.306500 0.212941
1900.000000 1905.000000 0.306300 0.212878
1905.000000 1910.000000 0.307100 0.213511
1910.000000 1915.000000 0.307600 0.213936
1915.000000 1920.000000 0.307600 0.214013
1920.000000 1925.000000 0.307900 0.214298
1925.000000 1930.000000 0.308500 0.214793
1930.000000 1935.000000 0.308500 0.214870
1935.000000 1940.000000 0.308800 0.215156
1940.000000 1945.000000 0.309100 0.215443
1945.000000 1950.000000 0.309300 0.215659
1950.000000 1955.000000 0.309400 0.215807
1955.000000 1960.000000 0.309700 0.216093
1960.000000 1965.000000 0.310000 0.216380
1965.000000 1970.000000 0.310600 0.216876
1970.000000 1975.000000 0.310700 0.217024
1975.000000 1980.000000 0.311000 0.217311
1980.000000 1985.000000 0.311500 0.217738
1985.000000 1990.000000 0.311900 0.218096
1990.000000 1995.000000 0.312200 0.218384
1995.000000 2000.000000 0.312600 0.218742
2000.000000 2005.000000 0.313200 0.219240
2005.000000 2010.000000 0.313300 0.219388
2010.000000 2015.000000 0.313900 0.219887
2015.000000 2020.000000 0.314400 0.220316
2020.000000 2025.000000 0.315000 0.220815
2025.000000 2030.000000 0.315400 0.221174
2030.000000 2035.000000 0.315900 0.221604
2035.000000 2040.000000 0.316200 0.221893
2040.000000 2045.000000 0.316600 0.222253
2045.000000 2050.000000 0.316800 0.222473
2050.000000 2055.000000 0.317200 0.222833
2055.000000 2060.000000 0.317700 0.223264
2060.000000 2065.000000 0.318400 0.223835
2065.000000 2070.000000 0.318500 0.223985
2070.000000 2075.000000 0.319000 0.224417
2075.000000 2080.000000 0.319600 0.224918
2080.000000 2085.000000 0.320000 0.225280
2085.000000 2090.000000 0.320600 0.225783
2090.000000 2095.000000 0.321000 0.226144
2095.000000 2100.000000 0.321600 0.226648
2100.000000 2105.000000 0.321900 0.226939
2105.000000 2110.000000 0.322300 0.227302
2110.000000 2115.000000 0.322900 0.227806
2115.000000 2120.000000 0.323300 0.228169
2120.000000 2125.000000 0.323800 0.228603
2125.000000 2130.000000 0.324300 0.229037
2130.000000 2135.000000 0.324700 0.229401
2135.000000 2140.000000 0.325400 0.229976
2140.000000 2145.000000 0.325700 0.230270
2145.000000 2150.000000 0.326000 0.230563
2150.000000 2155.000000 0.326200 0.230787
2155.000000 2160.000000 0.326800 0.231293
2160.000000 2165.000000 0.327100 0.231587
2165.000000 2170.000000 0.327500 0.231952
2170.000000 2175.000000 0.327800 0.232246
2175.000000 2180.000000 0.328300 0.232683
2180.000000 2185.000000 0.328600 0.232977
2185.000000 2190.000000 0.329000 0.233343
2190.000000 2195.000000 0.329300 0.233638
2195.000000 2200.000000 0.329700 0.234005
2200.000000 2205.000000 0.330300 0.234513
2205.000000 2210.000000 0.331100 0.235164
2210.000000 2215.000000 0.331600 0.235602
2215.000000 2220.000000 0.332000 0.235969
2220.000000 2225.000000 0.332700 0.236550
2225.000000 2230.000000 0.333300 0.237060
2230.000000 2235.000000 0.333700 0.237428
2235.000000 2240.000000 0.334200 0.237867
2240.000000 2245.000000 0.334600 0.238235
2245.000000 2250.000000 0.335200 0.238746
2250.000000 2255.000000 0.335600 0.239115
2255.000000 2260.000000 0.336400 0.239769
2260.000000 2265.000000 0.336900 0.240210
2265.000000 2270.000000 0.337600 0.240793
2270.000000 2275.000000 0.338100 0.241234
2275.000000 2280.000000 0.338900 0.241890
2280.000000 2285.000000 0.339400 0.242332
2285.000000 2290.000000 0.339700 0.242631
2290.000000 2295.000000 0.340200 0.243073
2295.000000 2300.000000 0.340700 0.243515
2300.000000 2305.000000 0.341300 0.244029
2305.000000 2310.000000 0.341900 0.244544
2310.000000 2315.000000 0.342200 0.244844
2315.000000 2320.000000 0.342700 0.245288
2320.000000 2325.000000 0.342900 0.245516
2325.000000 2330.000000 0.343400 0.245960
2330.000000 2335.000000 0.344100 0.246548
2335.000000 2340.000000 0.344700 0.247064
2340.000000 2345.000000 0.345000 0.247365
2345.000000 2350.000000 0.345200 0.247595
2350.000000 2355.000000 0.345500 0.247896
2355.000000 2360.000000 0.345900 0.248270
2360.000000 2365.000000 0.346300 0.248643
2365.000000 2370.000000 0.346500 0.248874
2370.000000 2375.000000 0.347100 0.249391
2375.000000 2380.000000 0.347300 0.249622
2380.000000 2385.000000 0.347800 0.250068
2385.000000 2390.000000 0.348100 0.250371
2390.000000 2395.000000 0.348800 0.250962
2395.000000 2400.000000 0.349400 0.251481
2400.000000 2405.000000 0.350100 0.252072
2405.000000 2410.000000 0.350500 0.252448
2410.000000 2415.000000 0.350900 0.252823
2415.000000 2420.000000 0.351100 0.253055
2420.000000 2425.000000 0.351900 0.253720
2425.000000 2430.000000 0.352500 0.254241
2430.000000 2435.000000 0.352500 0.254329
2435.000000 2440.000000 0.353000 0.254778
2440.000000 2445.000000 0.353600 0.255299
2445.000000 2450.000000 0.353700 0.255460
2450.000000 2455.000000 0.354300 0.255982
2455.000000 2460.000000 0.354700 0.256359
2460.000000 2465.000000 0.355000 0.256665
2465.000000 2470.000000 0.355300 0.256971
2470.000000 2475.000000 0.355900 0.257494
2475.000000 2480.000000 0.357100 0.258451
2480.000000 2485.000000 0.357300 0.258685
2485.000000 2490.000000 0.357300 0.258775
2490.000000 2495.000000 0.357900 0.259299
2495.000000 2500.000000 0.358400 0.259750
2500.000000 2505.000000 0.358900 0.260203
2505.000000 2510.000000 0.359000 0.260365
2510.000000 2515.000000 0.359700 0.260962
2515.000000 2520.000000 0.359600 0.260980
2520.000000 2525.000000 0.360900 0.262013
2525.000000 2530.000000 0.361500 0.262539
2530.000000 2535.000000 0.361700 0.262775
2535.000000 2540.000000 0.362400 0.263374
2540.000000 2545.000000 0.363300 0.264119
2545.000000 2550.000000 0.363500 0.264355
